0,0
0.005,0
0.01,0
0.015,0
0.02,0
0.025,0
0.03,0
0.035,0
0.04,0
0.045,0
0.05,0
0.055,0
0.06,0
0.065,0
0.07,0
0.075,0
0.08,0
0.085,0
0.09,0
0.095,0
0.1,0
0.105,0
0.11,0
0.115,0
0.12,0
0.125,0
0.13,0
0.135,0
0.14,0
0.145,0
0.15,0
0.155,0
0.16,0
0.165,0
0.17,0
0.175,0
0.18,0
0.185,0
0.19,0
0.195,0
0.2,0
0.205,0
0.21,0
0.215,0
0.22,0
0.225,0
0.23,0
0.235,0
0.24,0
0.245,0
0.25,0
0.255,0
0.26,0
0.265,9.5386e-313
0.27,3.7188e-290
0.275,1.4482e-269
0.28,9.1084e-251
0.285,1.4124e-233
0.29,7.8428e-218
0.295,2.1696e-203
0.3,4.0059e-190
0.305,6.4018e-178
0.31,1.1158e-166
0.315,2.6062e-156
0.32,9.8079e-147
0.325,7.0113e-138
0.33,1.1036e-129
0.335,4.3665e-122
0.34,4.8932e-115
0.345,1.729e-108
0.35,2.1223e-102
0.355,9.8778e-97
0.36,1.8868e-91
0.365,1.5891e-86
0.37,6.2985e-82
0.375,1.2464e-77
0.38,1.2994e-73
0.385,7.4958e-70
0.39,2.5019e-66
0.395,5.033e-63
0.4,6.3342e-60
0.405,5.1603e-57
0.41,2.8078e-54
0.415,1.0501e-51
0.42,2.7712e-49
0.425,5.2872e-47
0.43,7.4571e-45
0.435,7.936e-43
0.44,6.4942e-41
0.445,4.1583e-39
0.45,2.1172e-37
0.455,8.7007e-36
0.46,2.9258e-34
0.465,8.1543e-33
0.47,1.9059e-31
0.475,3.7771e-30
0.48,6.4116e-29
0.485,9.411e-28
0.49,1.205e-26
0.495,1.3569e-25
0.5,1.3541e-24
0.505,1.206e-23
0.51,9.6498e-23
0.515,6.9799e-22
0.52,4.5903e-21
0.525,2.7594e-20
0.53,1.5239e-19
0.535,7.7685e-19
0.54,3.6714e-18
0.545,1.6153e-17
0.55,6.6416e-17
0.555,2.5613e-16
0.56,9.2961e-16
0.565,3.1855e-15
0.57,1.0337e-14
0.575,3.1854e-14
0.58,9.3468e-14
0.585,2.6179e-13
0.59,7.0155e-13
0.595,1.8028e-12
0.6,4.4516e-12
0.605,1.0583e-11
0.61,2.427e-11
0.615,5.378e-11
0.62,1.1534e-10
0.625,2.398e-10
0.63,4.8401e-10
0.635,9.4973e-10
0.64,1.8141e-09
0.645,3.3774e-09
0.65,6.1358e-09
0.655,1.089e-08
0.66,1.8901e-08
0.665,3.2115e-08
0.67,5.3468e-08
0.675,8.7307e-08
0.68,1.3994e-07
0.685,2.2035e-07
0.69,3.4113e-07
0.695,5.1959e-07
0.7,7.7922e-07
0.705,1.1513e-06
0.71,1.6771e-06
0.715,2.4098e-06
0.72,3.4176e-06
0.725,4.7866e-06
0.73,6.6241e-06
0.735,9.0621e-06
0.74,1.2261e-05
0.745,1.6415e-05
0.75,2.1754e-05
0.755,2.855e-05
0.76,3.7121e-05
0.765,4.7833e-05
0.77,6.1107e-05
0.775,7.7421e-05
0.78,9.7313e-05
0.785,0.00012138
0.79,0.0001503
0.795,0.0001848
0.8,0.00022568
0.805,0.00027381
0.81,0.00033012
0.815,0.00039562
0.82,0.00047136
0.825,0.00055848
0.83,0.00065816
0.835,0.00077161
0.84,0.00090012
0.845,0.001045
0.85,0.0012076
0.855,0.0013893
0.86,0.0015916
0.865,0.0018157
0.87,0.0020632
0.875,0.0023354
0.88,0.0026337
0.885,0.0029596
0.89,0.0033144
0.895,0.0036995
0.9,0.0041161
0.905,0.0045654
0.91,0.0050488
0.915,0.0055674
0.92,0.0061221
0.925,0.0067142
0.93,0.0073445
0.935,0.0080139
0.94,0.0087233
0.945,0.0094734
0.95,0.010265
0.955,0.011098
0.96,0.011974
0.965,0.012893
0.97,0.013855
0.975,0.01486
0.98,0.015909
0.985,0.017002
0.99,0.018138
0.995,0.019318
1,0.020542
1.005,0.021809
1.01,0.023119
1.015,0.024471
1.02,0.025866
1.025,0.027302
1.03,0.028779
1.035,0.030296
1.04,0.031853
1.045,0.033448
1.05,0.035081
1.055,0.036751
1.06,0.038456
1.065,0.040196
1.07,0.041969
1.075,0.043774
1.08,0.04561
1.085,0.047475
1.09,0.049368
1.095,0.051287
1.1,0.053231
1.105,0.055198
1.11,0.057186
1.115,0.059194
1.12,0.061219
1.125,0.06326
1.13,0.065315
1.135,0.067381
1.14,0.069457
1.145,0.07154
1.15,0.073628
1.155,0.075719
1.16,0.077811
1.165,0.079901
1.17,0.081987
1.175,0.084066
1.18,0.086136
1.185,0.088194
1.19,0.090238
1.195,0.092266
1.2,0.094274
1.205,0.09626
1.21,0.098221
1.215,0.10016
1.22,0.10206
1.225,0.10393
1.23,0.10577
1.235,0.10757
1.24,0.10933
1.245,0.11105
1.25,0.11272
1.255,0.11434
1.26,0.11592
1.265,0.11744
1.27,0.11891
1.275,0.12033
1.28,0.12168
1.285,0.12298
1.29,0.12421
1.295,0.12538
1.3,0.12648
1.305,0.12752
1.31,0.12849
1.315,0.12939
1.32,0.13022
1.325,0.13098
1.33,0.13166
1.335,0.13227
1.34,0.13281
1.345,0.13328
1.35,0.13367
1.355,0.13399
1.36,0.13423
1.365,0.1344
1.37,0.1345
1.375,0.13453
1.38,0.13448
1.385,0.13436
1.39,0.13417
1.395,0.13391
1.4,0.13358
1.405,0.13319
1.41,0.13273
1.415,0.13221
1.42,0.13163
1.425,0.13098
1.43,0.13028
1.435,0.12952
1.44,0.12871
1.445,0.12784
1.45,0.12693
1.455,0.12596
1.46,0.12496
1.465,0.1239
1.47,0.12281
1.475,0.12168
1.48,0.12051
1.485,0.11931
1.49,0.11807
1.495,0.11681
1.5,0.11552
1.505,0.1142
1.51,0.11287
1.515,0.11151
1.52,0.11014
1.525,0.10874
1.53,0.10734
1.535,0.10592
1.54,0.1045
1.545,0.10307
1.55,0.10163
1.555,0.10019
1.56,0.098742
1.565,0.097297
1.57,0.095854
1.575,0.094413
1.58,0.092977
1.585,0.091547
1.59,0.090123
1.595,0.088708
1.6,0.087302
1.605,0.085907
1.61,0.084524
1.615,0.083153
1.62,0.081796
1.625,0.080453
1.63,0.079125
1.635,0.077813
1.64,0.076517
1.645,0.075239
1.65,0.073977
1.655,0.072734
1.66,0.07151
1.665,0.070304
1.67,0.069117
1.675,0.06795
1.68,0.066802
1.685,0.065673
1.69,0.064565
1.695,0.063476
1.7,0.062408
1.705,0.061359
1.71,0.060331
1.715,0.059322
1.72,0.058333
1.725,0.057364
1.73,0.056414
1.735,0.055484
1.74,0.054573
1.745,0.053682
1.75,0.052809
1.755,0.051955
1.76,0.051119
1.765,0.050302
1.77,0.049502
1.775,0.04872
1.78,0.047956
1.785,0.047208
1.79,0.046477
1.795,0.045763
1.8,0.045065
1.805,0.044383
1.81,0.043717
1.815,0.043065
1.82,0.042429
1.825,0.041807
1.83,0.0412
1.835,0.040606
1.84,0.040026
1.845,0.03946
1.85,0.038907
1.855,0.038366
1.86,0.037838
1.865,0.037322
1.87,0.036817
1.875,0.036324
1.88,0.035843
1.885,0.035372
1.89,0.034912
1.895,0.034463
1.9,0.034023
1.905,0.033594
1.91,0.033174
1.915,0.032763
1.92,0.032361
1.925,0.031968
1.93,0.031584
1.935,0.031208
1.94,0.03084
1.945,0.03048
1.95,0.030128
1.955,0.029783
1.96,0.029445
1.965,0.029114
1.97,0.02879
1.975,0.028473
1.98,0.028162
1.985,0.027857
1.99,0.027559
1.995,0.027266
2,0.026979
2.005,0.026697
2.01,0.026421
2.015,0.02615
2.02,0.025884
2.025,0.025623
2.03,0.025367
2.035,0.025115
2.04,0.024868
2.045,0.024625
2.05,0.024386
2.055,0.024152
2.06,0.023922
2.065,0.023695
2.07,0.023472
2.075,0.023253
2.08,0.023037
2.085,0.022825
2.09,0.022616
2.095,0.02241
2.1,0.022208
2.105,0.022009
2.11,0.021812
2.115,0.021619
2.12,0.021428
2.125,0.02124
2.13,0.021055
2.135,0.020872
2.14,0.020692
2.145,0.020514
2.15,0.020339
2.155,0.020166
2.16,0.019995
2.165,0.019827
2.17,0.019661
2.175,0.019496
2.18,0.019334
2.185,0.019174
2.19,0.019016
2.195,0.01886
2.2,0.018705
2.205,0.018553
2.21,0.018402
2.215,0.018253
2.22,0.018106
2.225,0.01796
2.23,0.017816
2.235,0.017673
2.24,0.017533
2.245,0.017393
2.25,0.017255
2.255,0.017119
2.26,0.016984
2.265,0.01685
2.27,0.016718
2.275,0.016588
2.28,0.016458
2.285,0.01633
2.29,0.016203
2.295,0.016077
2.3,0.015953
2.305,0.01583
2.31,0.015708
2.315,0.015587
2.32,0.015468
2.325,0.015349
2.33,0.015232
2.335,0.015116
2.34,0.015001
2.345,0.014887
2.35,0.014774
2.355,0.014662
2.36,0.014551
2.365,0.014441
2.37,0.014333
2.375,0.014225
2.38,0.014118
2.385,0.014012
2.39,0.013907
2.395,0.013803
2.4,0.0137
2.405,0.013598
2.41,0.013497
2.415,0.013397
2.42,0.013297
2.425,0.013199
2.43,0.013101
2.435,0.013004
2.44,0.012908
2.445,0.012813
2.45,0.012719
2.455,0.012625
2.46,0.012533
2.465,0.012441
2.47,0.01235
2.475,0.01226
2.48,0.01217
2.485,0.012082
2.49,0.011994
2.495,0.011906
2.5,0.01182
2.505,0.011734
2.51,0.011649
2.515,0.011565
2.52,0.011481
2.525,0.011399
2.53,0.011317
2.535,0.011235
2.54,0.011154
2.545,0.011074
2.55,0.010995
2.555,0.010916
2.56,0.010838
2.565,0.010761
2.57,0.010684
2.575,0.010608
2.58,0.010533
2.585,0.010458
2.59,0.010384
2.595,0.01031
2.6,0.010237
2.605,0.010165
2.61,0.010093
2.615,0.010022
2.62,0.0099515
2.625,0.0098816
2.63,0.0098122
2.635,0.0097434
2.64,0.0096752
2.645,0.0096076
2.65,0.0095405
2.655,0.009474
2.66,0.009408
2.665,0.0093425
2.67,0.0092777
2.675,0.0092133
2.68,0.0091495
2.685,0.0090862
2.69,0.0090234
2.695,0.0089611
2.7,0.0088994
2.705,0.0088381
2.71,0.0087774
2.715,0.0087171
2.72,0.0086573
2.725,0.0085981
2.73,0.0085393
2.735,0.008481
2.74,0.0084232
2.745,0.0083658
2.75,0.0083089
2.755,0.0082525
2.76,0.0081965
2.765,0.008141
2.77,0.0080859
2.775,0.0080313
2.78,0.0079771
2.785,0.0079233
2.79,0.00787
2.795,0.0078172
2.8,0.0077647
2.805,0.0077127
2.81,0.007661
2.815,0.0076098
2.82,0.0075591
2.825,0.0075087
2.83,0.0074587
2.835,0.0074091
2.84,0.0073599
2.845,0.0073111
2.85,0.0072627
2.855,0.0072147
2.86,0.0071671
2.865,0.0071198
2.87,0.0070729
2.875,0.0070264
2.88,0.0069803
2.885,0.0069345
2.89,0.0068891
2.895,0.006844
2.9,0.0067993
2.905,0.0067549
2.91,0.0067109
2.915,0.0066673
2.92,0.006624
2.925,0.006581
2.93,0.0065384
2.935,0.0064961
2.94,0.0064541
2.945,0.0064124
2.95,0.0063711
2.955,0.0063301
2.96,0.0062894
2.965,0.0062491
2.97,0.006209
2.975,0.0061693
2.98,0.0061298
2.985,0.0060907
2.99,0.0060519
2.995,0.0060134
3,0.0059751
3.005,0.0059372
3.01,0.0058996
3.015,0.0058622
3.02,0.0058251
3.025,0.0057884
3.03,0.0057519
3.035,0.0057156
3.04,0.0056797
3.045,0.005644
3.05,0.0056086
3.055,0.0055735
3.06,0.0055386
3.065,0.005504
3.07,0.0054697
3.075,0.0054356
3.08,0.0054018
3.085,0.0053683
3.09,0.005335
3.095,0.0053019
3.1,0.0052691
3.105,0.0052365
3.11,0.0052042
3.115,0.0051722
3.12,0.0051403
3.125,0.0051087
3.13,0.0050774
3.135,0.0050463
3.14,0.0050154
3.145,0.0049847
3.15,0.0049543
3.155,0.0049241
3.16,0.0048941
3.165,0.0048643
3.17,0.0048348
3.175,0.0048055
3.18,0.0047764
3.185,0.0047475
3.19,0.0047188
3.195,0.0046904
3.2,0.0046621
3.205,0.0046341
3.21,0.0046062
3.215,0.0045786
3.22,0.0045512
3.225,0.0045239
3.23,0.0044969
3.235,0.0044701
3.24,0.0044434
3.245,0.004417
3.25,0.0043907
3.255,0.0043647
3.26,0.0043388
3.265,0.0043131
3.27,0.0042876
3.275,0.0042623
3.28,0.0042372
3.285,0.0042122
3.29,0.0041875
3.295,0.0041629
3.3,0.0041384
3.305,0.0041142
3.31,0.0040901
3.315,0.0040662
3.32,0.0040425
3.325,0.004019
3.33,0.0039956
3.335,0.0039724
3.34,0.0039493
3.345,0.0039264
3.35,0.0039037
3.355,0.0038811
3.36,0.0038587
3.365,0.0038365
3.37,0.0038144
3.375,0.0037925
3.38,0.0037707
3.385,0.0037491
3.39,0.0037276
3.395,0.0037063
3.4,0.0036851
3.405,0.0036641
3.41,0.0036432
3.415,0.0036225
3.42,0.0036019
3.425,0.0035814
3.43,0.0035611
3.435,0.003541
3.44,0.0035209
3.445,0.0035011
3.45,0.0034813
3.455,0.0034617
3.46,0.0034422
3.465,0.0034229
3.47,0.0034037
3.475,0.0033846
3.48,0.0033657
3.485,0.0033469
3.49,0.0033282
3.495,0.0033097
3.5,0.0032912
3.505,0.0032729
3.51,0.0032548
3.515,0.0032367
3.52,0.0032188
3.525,0.003201
3.53,0.0031833
3.535,0.0031658
3.54,0.0031483
3.545,0.003131
3.55,0.0031138
3.555,0.0030967
3.56,0.0030797
3.565,0.0030629
3.57,0.0030461
3.575,0.0030295
3.58,0.0030129
3.585,0.0029965
3.59,0.0029802
3.595,0.002964
3.6,0.002948
3.605,0.002932
3.61,0.0029161
3.615,0.0029004
3.62,0.0028847
3.625,0.0028691
3.63,0.0028537
3.635,0.0028383
3.64,0.0028231
3.645,0.0028079
3.65,0.0027929
3.655,0.002778
3.66,0.0027631
3.665,0.0027484
3.67,0.0027337
3.675,0.0027191
3.68,0.0027047
3.685,0.0026903
3.69,0.002676
3.695,0.0026619
3.7,0.0026478
3.705,0.0026338
3.71,0.0026199
3.715,0.0026061
3.72,0.0025923
3.725,0.0025787
3.73,0.0025652
3.735,0.0025517
3.74,0.0025383
3.745,0.0025251
3.75,0.0025119
3.755,0.0024987
3.76,0.0024857
3.765,0.0024728
3.77,0.0024599
3.775,0.0024471
3.78,0.0024344
3.785,0.0024218
3.79,0.0024093
3.795,0.0023968
3.8,0.0023845
3.805,0.0023722
3.81,0.0023599
3.815,0.0023478
3.82,0.0023357
3.825,0.0023238
3.83,0.0023118
3.835,0.0023
3.84,0.0022883
3.845,0.0022766
3.85,0.002265
3.855,0.0022534
3.86,0.002242
3.865,0.0022306
3.87,0.0022192
3.875,0.002208
3.88,0.0021968
3.885,0.0021857
3.89,0.0021747
3.895,0.0021637
3.9,0.0021528
3.905,0.0021419
3.91,0.0021312
3.915,0.0021205
3.92,0.0021098
3.925,0.0020993
3.93,0.0020888
3.935,0.0020783
3.94,0.002068
3.945,0.0020576
3.95,0.0020474
3.955,0.0020372
3.96,0.0020271
3.965,0.002017
3.97,0.002007
3.975,0.0019971
3.98,0.0019872
3.985,0.0019774
3.99,0.0019677
3.995,0.001958
4,0.0019483
4.005,0.0019388
4.01,0.0019292
4.015,0.0019198
4.02,0.0019104
4.025,0.001901
4.03,0.0018917
4.035,0.0018825
4.04,0.0018733
4.045,0.0018642
4.05,0.0018551
4.055,0.0018461
4.06,0.0018372
4.065,0.0018283
4.07,0.0018194
4.075,0.0018106
4.08,0.0018019
4.085,0.0017932
4.09,0.0017845
4.095,0.0017759
4.1,0.0017674
4.105,0.0017589
4.11,0.0017505
4.115,0.0017421
4.12,0.0017338
4.125,0.0017255
4.13,0.0017172
4.135,0.001709
4.14,0.0017009
4.145,0.0016928
4.15,0.0016848
4.155,0.0016768
4.16,0.0016688
4.165,0.0016609
4.17,0.0016531
4.175,0.0016452
4.18,0.0016375
4.185,0.0016298
4.19,0.0016221
4.195,0.0016144
4.2,0.0016069
4.205,0.0015993
4.21,0.0015918
4.215,0.0015844
4.22,0.001577
4.225,0.0015696
4.23,0.0015623
4.235,0.001555
4.24,0.0015477
4.245,0.0015405
4.25,0.0015334
4.255,0.0015263
4.26,0.0015192
4.265,0.0015122
4.27,0.0015052
4.275,0.0014982
4.28,0.0014913
4.285,0.0014844
4.29,0.0014776
4.295,0.0014708
4.3,0.001464
4.305,0.0014573
4.31,0.0014506
4.315,0.001444
4.32,0.0014374
4.325,0.0014308
4.33,0.0014243
4.335,0.0014178
4.34,0.0014113
4.345,0.0014049
4.35,0.0013985
4.355,0.0013922
4.36,0.0013859
4.365,0.0013796
4.37,0.0013733
4.375,0.0013671
4.38,0.001361
4.385,0.0013548
4.39,0.0013487
4.395,0.0013427
4.4,0.0013366
4.405,0.0013306
4.41,0.0013247
4.415,0.0013187
4.42,0.0013128
4.425,0.001307
4.43,0.0013011
4.435,0.0012953
4.44,0.0012895
4.445,0.0012838
4.45,0.0012781
4.455,0.0012724
4.46,0.0012668
4.465,0.0012612
4.47,0.0012556
4.475,0.00125
4.48,0.0012445
4.485,0.001239
4.49,0.0012335
4.495,0.0012281
4.5,0.0012227
4.505,0.0012173
4.51,0.001212
4.515,0.0012067
4.52,0.0012014
4.525,0.0011961
4.53,0.0011909
4.535,0.0011857
4.54,0.0011805
4.545,0.0011754
4.55,0.0011703
4.555,0.0011652
4.56,0.0011601
4.565,0.0011551
4.57,0.0011501
4.575,0.0011451
4.58,0.0011402
4.585,0.0011352
4.59,0.0011303
4.595,0.0011255
4.6,0.0011206
4.605,0.0011158
4.61,0.001111
4.615,0.0011062
4.62,0.0011015
4.625,0.0010968
4.63,0.0010921
4.635,0.0010874
4.64,0.0010828
4.645,0.0010782
4.65,0.0010736
4.655,0.001069
4.66,0.0010644
4.665,0.0010599
4.67,0.0010554
4.675,0.001051
4.68,0.0010465
4.685,0.0010421
4.69,0.0010377
4.695,0.0010333
4.7,0.0010289
4.705,0.0010246
4.71,0.0010203
4.715,0.001016
4.72,0.0010117
4.725,0.0010075
4.73,0.0010033
4.735,0.00099906
4.74,0.00099488
4.745,0.00099072
4.75,0.00098659
4.755,0.00098247
4.76,0.00097838
4.765,0.00097431
4.77,0.00097026
4.775,0.00096623
4.78,0.00096222
4.785,0.00095823
4.79,0.00095426
4.795,0.00095032
4.8,0.00094639
4.805,0.00094248
4.81,0.0009386
4.815,0.00093473
4.82,0.00093088
4.825,0.00092705
4.83,0.00092325
4.835,0.00091946
4.84,0.00091569
4.845,0.00091194
4.85,0.00090821
4.855,0.0009045
4.86,0.00090081
4.865,0.00089713
4.87,0.00089348
4.875,0.00088984
4.88,0.00088622
4.885,0.00088262
4.89,0.00087904
4.895,0.00087547
4.9,0.00087193
4.905,0.0008684
4.91,0.00086489
4.915,0.0008614
4.92,0.00085792
4.925,0.00085447
4.93,0.00085103
4.935,0.0008476
4.94,0.0008442
4.945,0.00084081
4.95,0.00083744
4.955,0.00083408
4.96,0.00083074
4.965,0.00082742
4.97,0.00082412
4.975,0.00082083
4.98,0.00081755
4.985,0.0008143
4.99,0.00081106
4.995,0.00080783
5,0.00080463
5.005,0.00080143
5.01,0.00079826
5.015,0.0007951
5.02,0.00079195
5.025,0.00078882
5.03,0.00078571
5.035,0.00078261
5.04,0.00077952
5.045,0.00077646
5.05,0.0007734
5.055,0.00077036
5.06,0.00076734
5.065,0.00076433
5.07,0.00076134
5.075,0.00075836
5.08,0.00075539
5.085,0.00075244
5.09,0.0007495
5.095,0.00074658
5.1,0.00074367
5.105,0.00074078
5.11,0.0007379
5.115,0.00073503
5.12,0.00073218
5.125,0.00072934
5.13,0.00072652
5.135,0.00072371
5.14,0.00072091
5.145,0.00071813
5.15,0.00071535
5.155,0.0007126
5.16,0.00070985
5.165,0.00070712
5.17,0.0007044
5.175,0.0007017
5.18,0.00069901
5.185,0.00069633
5.19,0.00069366
5.195,0.00069101
5.2,0.00068837
5.205,0.00068574
5.21,0.00068312
5.215,0.00068052
5.22,0.00067793
5.225,0.00067535
5.23,0.00067278
5.235,0.00067023
5.24,0.00066769
5.245,0.00066516
5.25,0.00066264
5.255,0.00066013
5.26,0.00065764
5.265,0.00065515
5.27,0.00065268
5.275,0.00065022
5.28,0.00064777
5.285,0.00064534
5.29,0.00064291
5.295,0.0006405
5.3,0.0006381
5.305,0.0006357
5.31,0.00063332
5.315,0.00063095
5.32,0.0006286
5.325,0.00062625
5.33,0.00062391
5.335,0.00062159
5.34,0.00061927
5.345,0.00061697
5.35,0.00061468
5.355,0.00061239
5.36,0.00061012
5.365,0.00060786
5.37,0.00060561
5.375,0.00060337
5.38,0.00060114
5.385,0.00059892
5.39,0.00059671
5.395,0.00059451
5.4,0.00059232
5.405,0.00059014
5.41,0.00058797
5.415,0.00058581
5.42,0.00058366
5.425,0.00058152
5.43,0.00057939
5.435,0.00057727
5.44,0.00057516
5.445,0.00057306
5.45,0.00057097
5.455,0.00056888
5.46,0.00056681
5.465,0.00056475
5.47,0.00056269
5.475,0.00056065
5.48,0.00055861
5.485,0.00055659
5.49,0.00055457
5.495,0.00055256
5.5,0.00055057
5.505,0.00054858
5.51,0.00054659
5.515,0.00054462
5.52,0.00054266
5.525,0.00054071
5.53,0.00053876
5.535,0.00053682
5.54,0.0005349
5.545,0.00053298
5.55,0.00053107
5.555,0.00052916
5.56,0.00052727
5.565,0.00052538
5.57,0.00052351
5.575,0.00052164
5.58,0.00051978
5.585,0.00051793
5.59,0.00051608
5.595,0.00051425
5.6,0.00051242
5.605,0.0005106
5.61,0.00050879
5.615,0.00050698
5.62,0.00050519
5.625,0.0005034
5.63,0.00050162
5.635,0.00049985
5.64,0.00049809
5.645,0.00049633
5.65,0.00049458
5.655,0.00049284
5.66,0.00049111
5.665,0.00048938
5.67,0.00048766
5.675,0.00048595
5.68,0.00048425
5.685,0.00048256
5.69,0.00048087
5.695,0.00047919
5.7,0.00047751
5.705,0.00047585
5.71,0.00047419
5.715,0.00047254
5.72,0.00047089
5.725,0.00046925
5.73,0.00046762
5.735,0.000466
5.74,0.00046438
5.745,0.00046278
5.75,0.00046117
5.755,0.00045958
5.76,0.00045799
5.765,0.00045641
5.77,0.00045483
5.775,0.00045326
5.78,0.0004517
5.785,0.00045015
5.79,0.0004486
5.795,0.00044706
5.8,0.00044552
5.805,0.000444
5.81,0.00044247
5.815,0.00044096
5.82,0.00043945
5.825,0.00043795
5.83,0.00043645
5.835,0.00043496
5.84,0.00043348
5.845,0.000432
5.85,0.00043053
5.855,0.00042907
5.86,0.00042761
5.865,0.00042616
5.87,0.00042471
5.875,0.00042327
5.88,0.00042184
5.885,0.00042041
5.89,0.00041899
5.895,0.00041757
5.9,0.00041617
5.905,0.00041476
5.91,0.00041336
5.915,0.00041197
5.92,0.00041059
5.925,0.00040921
5.93,0.00040783
5.935,0.00040646
5.94,0.0004051
5.945,0.00040374
5.95,0.00040239
5.955,0.00040105
5.96,0.0003997
5.965,0.00039837
5.97,0.00039704
5.975,0.00039572
5.98,0.0003944
5.985,0.00039309
5.99,0.00039178
5.995,0.00039048
6,0.00038918
6.005,0.00038789
6.01,0.0003866
6.015,0.00038532
6.02,0.00038405
6.025,0.00038278
6.03,0.00038151
6.035,0.00038026
6.04,0.000379
6.045,0.00037775
6.05,0.00037651
6.055,0.00037527
6.06,0.00037404
6.065,0.00037281
6.07,0.00037158
6.075,0.00037036
6.08,0.00036915
6.085,0.00036794
6.09,0.00036674
6.095,0.00036554
6.1,0.00036435
6.105,0.00036316
6.11,0.00036197
6.115,0.00036079
6.12,0.00035962
6.125,0.00035845
6.13,0.00035728
6.135,0.00035612
6.14,0.00035497
6.145,0.00035382
6.15,0.00035267
6.155,0.00035153
6.16,0.00035039
6.165,0.00034926
6.17,0.00034813
6.175,0.00034701
6.18,0.00034589
6.185,0.00034477
6.19,0.00034366
6.195,0.00034256
6.2,0.00034146
6.205,0.00034036
6.21,0.00033927
6.215,0.00033818
6.22,0.0003371
6.225,0.00033602
6.23,0.00033494
6.235,0.00033387
6.24,0.00033281
6.245,0.00033174
6.25,0.00033069
6.255,0.00032963
6.26,0.00032858
6.265,0.00032754
6.27,0.0003265
6.275,0.00032546
6.28,0.00032443
