0,0
0.005,0
0.01,0
0.015,0
0.02,0
0.025,0
0.03,0
0.035,0
0.04,0
0.045,0
0.05,0
0.055,0
0.06,0
0.065,0
0.07,0
0.075,0
0.08,0
0.085,0
0.09,0
0.095,0
0.1,0
0.105,0
0.11,0
0.115,0
0.12,0
0.125,0
0.13,0
0.135,0
0.14,0
0.145,0
0.15,0
0.155,0
0.16,0
0.165,0
0.17,3.0126e-288
0.175,1.7015e-256
0.18,5.6086e-229
0.185,4.9219e-205
0.19,4.01e-184
0.195,8.5253e-166
0.2,1.117e-149
0.205,1.8492e-135
0.21,7.0665e-123
0.215,1.0358e-111
0.22,8.9498e-102
0.225,6.5685e-93
0.23,5.5903e-85
0.235,7.2023e-78
0.24,1.7658e-71
0.245,1.0034e-65
0.25,1.5668e-60
0.255,7.7928e-56
0.26,1.4037e-51
0.265,1.0241e-47
0.27,3.3366e-44
0.275,5.2893e-41
0.28,4.3984e-38
0.285,2.0499e-35
0.29,5.6771e-33
0.295,9.8376e-31
0.3,1.1167e-28
0.305,8.6474e-27
0.31,4.7369e-25
0.315,1.8956e-23
0.32,5.704e-22
0.325,1.3242e-20
0.33,2.4274e-19
0.335,3.587e-18
0.34,4.3532e-17
0.345,4.4125e-16
0.35,3.7926e-15
0.355,2.8023e-14
0.36,1.8022e-13
0.365,1.0201e-12
0.37,5.1345e-12
0.375,2.3193e-11
0.38,9.4814e-11
0.385,3.535e-10
0.39,1.2104e-09
0.395,3.8304e-09
0.4,1.1269e-08
0.405,3.0987e-08
0.41,8.0026e-08
0.415,1.9498e-07
0.42,4.5003e-07
0.425,9.8769e-07
0.43,2.0685e-06
0.435,4.1468e-06
0.44,7.9816e-06
0.445,1.479e-05
0.45,2.645e-05
0.455,4.5759e-05
0.46,7.6748e-05
0.465,0.00012504
0.47,0.00019825
0.475,0.00030642
0.48,0.00046242
0.485,0.00068237
0.49,0.00098596
0.495,0.0013967
0.5,0.0019421
0.505,0.0026536
0.51,0.0035666
0.515,0.0047198
0.52,0.0061553
0.525,0.0079175
0.53,0.010053
0.535,0.012608
0.54,0.015631
0.545,0.019167
0.55,0.023261
0.555,0.027955
0.56,0.033286
0.565,0.039288
0.57,0.045988
0.575,0.053409
0.58,0.061567
0.585,0.070471
0.59,0.080123
0.595,0.090519
0.6,0.10165
0.605,0.11349
0.61,0.12602
0.615,0.13921
0.62,0.15303
0.625,0.16742
0.63,0.18236
0.635,0.19778
0.64,0.21364
0.645,0.22989
0.65,0.24646
0.655,0.26329
0.66,0.28034
0.665,0.29754
0.67,0.31483
0.675,0.33216
0.68,0.34947
0.685,0.36671
0.69,0.38383
0.695,0.40076
0.7,0.41748
0.705,0.43393
0.71,0.45007
0.715,0.46586
0.72,0.48127
0.725,0.49626
0.73,0.51081
0.735,0.52489
0.74,0.53847
0.745,0.55153
0.75,0.56406
0.755,0.57604
0.76,0.58746
0.765,0.59831
0.77,0.60858
0.775,0.61827
0.78,0.62737
0.785,0.63588
0.79,0.64381
0.795,0.65116
0.8,0.65793
0.805,0.66413
0.81,0.66976
0.815,0.67484
0.82,0.67937
0.825,0.68336
0.83,0.68683
0.835,0.68979
0.84,0.69224
0.845,0.69421
0.85,0.69571
0.855,0.69675
0.86,0.69735
0.865,0.69752
0.87,0.69728
0.875,0.69664
0.88,0.69561
0.885,0.69422
0.89,0.69248
0.895,0.6904
0.9,0.68799
0.905,0.68528
0.91,0.68228
0.915,0.679
0.92,0.67545
0.925,0.67165
0.93,0.66762
0.935,0.66336
0.94,0.65889
0.945,0.65422
0.95,0.64937
0.955,0.64435
0.96,0.63916
0.965,0.63382
0.97,0.62834
0.975,0.62273
0.98,0.617
0.985,0.61116
0.99,0.60522
0.995,0.5992
1,0.59309
1.005,0.5869
1.01,0.58065
1.015,0.57434
1.02,0.56799
1.025,0.56159
1.03,0.55515
1.035,0.54868
1.04,0.54219
1.045,0.53569
1.05,0.52917
1.055,0.52264
1.06,0.51611
1.065,0.50959
1.07,0.50308
1.075,0.49657
1.08,0.49009
1.085,0.48362
1.09,0.47718
1.095,0.47077
1.1,0.46438
1.105,0.45804
1.11,0.45172
1.115,0.44545
1.12,0.43922
1.125,0.43304
1.13,0.4269
1.135,0.42081
1.14,0.41477
1.145,0.40879
1.15,0.40286
1.155,0.39698
1.16,0.39116
1.165,0.3854
1.17,0.3797
1.175,0.37406
1.18,0.36848
1.185,0.36296
1.19,0.35751
1.195,0.35212
1.2,0.34679
1.205,0.34153
1.21,0.33633
1.215,0.3312
1.22,0.32614
1.225,0.32113
1.23,0.3162
1.235,0.31133
1.24,0.30653
1.245,0.30179
1.25,0.29712
1.255,0.29251
1.26,0.28797
1.265,0.28349
1.27,0.27908
1.275,0.27473
1.28,0.27045
1.285,0.26623
1.29,0.26207
1.295,0.25798
1.3,0.25395
1.305,0.24998
1.31,0.24607
1.315,0.24222
1.32,0.23843
1.325,0.23471
1.33,0.23104
1.335,0.22743
1.34,0.22388
1.345,0.22038
1.35,0.21694
1.355,0.21356
1.36,0.21023
1.365,0.20696
1.37,0.20374
1.375,0.20058
1.38,0.19746
1.385,0.1944
1.39,0.19139
1.395,0.18843
1.4,0.18552
1.405,0.18266
1.41,0.17985
1.415,0.17708
1.42,0.17437
1.425,0.17169
1.43,0.16907
1.435,0.16649
1.44,0.16395
1.445,0.16146
1.45,0.15901
1.455,0.1566
1.46,0.15423
1.465,0.15191
1.47,0.14962
1.475,0.14738
1.48,0.14517
1.485,0.143
1.49,0.14087
1.495,0.13878
1.5,0.13672
1.505,0.1347
1.51,0.13271
1.515,0.13076
1.52,0.12884
1.525,0.12695
1.53,0.1251
1.535,0.12328
1.54,0.1215
1.545,0.11974
1.55,0.11801
1.555,0.11632
1.56,0.11465
1.565,0.11301
1.57,0.1114
1.575,0.10982
1.58,0.10827
1.585,0.10674
1.59,0.10524
1.595,0.10377
1.6,0.10232
1.605,0.10089
1.61,0.099493
1.615,0.098118
1.62,0.096766
1.625,0.095438
1.63,0.094132
1.635,0.092849
1.64,0.091588
1.645,0.090348
1.65,0.089129
1.655,0.087932
1.66,0.086754
1.665,0.085597
1.67,0.084459
1.675,0.08334
1.68,0.08224
1.685,0.081159
1.69,0.080096
1.695,0.079051
1.7,0.078023
1.705,0.077012
1.71,0.076019
1.715,0.075041
1.72,0.07408
1.725,0.073135
1.73,0.072206
1.735,0.071292
1.74,0.070392
1.745,0.069508
1.75,0.068638
1.755,0.067782
1.76,0.06694
1.765,0.066112
1.77,0.065297
1.775,0.064496
1.78,0.063707
1.785,0.062931
1.79,0.062167
1.795,0.061416
1.8,0.060676
1.805,0.059948
1.81,0.059232
1.815,0.058527
1.82,0.057833
1.825,0.05715
1.83,0.056477
1.835,0.055816
1.84,0.055164
1.845,0.054522
1.85,0.053891
1.855,0.053269
1.86,0.052656
1.865,0.052053
1.87,0.051459
1.875,0.050874
1.88,0.050298
1.885,0.049731
1.89,0.049172
1.895,0.048621
1.9,0.048079
1.905,0.047544
1.91,0.047018
1.915,0.0465
1.92,0.045989
1.925,0.045485
1.93,0.044989
1.935,0.0445
1.94,0.044018
1.945,0.043543
1.95,0.043075
1.955,0.042614
1.96,0.042159
1.965,0.041711
1.97,0.041269
1.975,0.040833
1.98,0.040404
1.985,0.03998
1.99,0.039563
1.995,0.039151
2,0.038745
2.005,0.038344
2.01,0.037949
2.015,0.03756
2.02,0.037176
2.025,0.036797
2.03,0.036423
2.035,0.036054
2.04,0.03569
2.045,0.035331
2.05,0.034977
2.055,0.034628
2.06,0.034283
2.065,0.033943
2.07,0.033607
2.075,0.033275
2.08,0.032948
2.085,0.032626
2.09,0.032307
2.095,0.031993
2.1,0.031682
2.105,0.031376
2.11,0.031073
2.115,0.030774
2.12,0.030479
2.125,0.030188
2.13,0.029901
2.135,0.029617
2.14,0.029336
2.145,0.02906
2.15,0.028786
2.155,0.028516
2.16,0.028249
2.165,0.027986
2.17,0.027726
2.175,0.027469
2.18,0.027215
2.185,0.026964
2.19,0.026716
2.195,0.026471
2.2,0.026229
2.205,0.02599
2.21,0.025754
2.215,0.02552
2.22,0.02529
2.225,0.025062
2.23,0.024836
2.235,0.024614
2.24,0.024394
2.245,0.024176
2.25,0.023961
2.255,0.023748
2.26,0.023538
2.265,0.023331
2.27,0.023125
2.275,0.022922
2.28,0.022722
2.285,0.022523
2.29,0.022327
2.295,0.022133
2.3,0.021941
2.305,0.021752
2.31,0.021564
2.315,0.021379
2.32,0.021195
2.325,0.021014
2.33,0.020834
2.335,0.020657
2.34,0.020481
2.345,0.020308
2.35,0.020136
2.355,0.019966
2.36,0.019798
2.365,0.019632
2.37,0.019467
2.375,0.019305
2.38,0.019144
2.385,0.018984
2.39,0.018827
2.395,0.018671
2.4,0.018517
2.405,0.018364
2.41,0.018213
2.415,0.018063
2.42,0.017915
2.425,0.017769
2.43,0.017624
2.435,0.017481
2.44,0.017339
2.445,0.017199
2.45,0.01706
2.455,0.016922
2.46,0.016786
2.465,0.016651
2.47,0.016518
2.475,0.016386
2.48,0.016255
2.485,0.016125
2.49,0.015997
2.495,0.01587
2.5,0.015745
2.505,0.015621
2.51,0.015497
2.515,0.015376
2.52,0.015255
2.525,0.015136
2.53,0.015017
2.535,0.0149
2.54,0.014784
2.545,0.014669
2.55,0.014556
2.555,0.014443
2.56,0.014331
2.565,0.014221
2.57,0.014112
2.575,0.014003
2.58,0.013896
2.585,0.01379
2.59,0.013685
2.595,0.01358
2.6,0.013477
2.605,0.013375
2.61,0.013274
2.615,0.013173
2.62,0.013074
2.625,0.012975
2.63,0.012878
2.635,0.012781
2.64,0.012686
2.645,0.012591
2.65,0.012497
2.655,0.012404
2.66,0.012312
2.665,0.01222
2.67,0.01213
2.675,0.01204
2.68,0.011952
2.685,0.011864
2.69,0.011776
2.695,0.01169
2.7,0.011604
2.705,0.01152
2.71,0.011436
2.715,0.011352
2.72,0.01127
2.725,0.011188
2.73,0.011107
2.735,0.011027
2.74,0.010947
2.745,0.010868
2.75,0.01079
2.755,0.010713
2.76,0.010636
2.765,0.01056
2.77,0.010485
2.775,0.01041
2.78,0.010336
2.785,0.010262
2.79,0.01019
2.795,0.010118
2.8,0.010046
2.805,0.0099752
2.81,0.009905
2.815,0.0098354
2.82,0.0097664
2.825,0.009698
2.83,0.0096302
2.835,0.009563
2.84,0.0094963
2.845,0.0094303
2.85,0.0093648
2.855,0.0092999
2.86,0.0092355
2.865,0.0091717
2.87,0.0091085
2.875,0.0090458
2.88,0.0089836
2.885,0.008922
2.89,0.0088609
2.895,0.0088003
2.9,0.0087402
2.905,0.0086806
2.91,0.0086216
2.915,0.008563
2.92,0.0085049
2.925,0.0084474
2.93,0.0083903
2.935,0.0083336
2.94,0.0082775
2.945,0.0082218
2.95,0.0081666
2.955,0.0081119
2.96,0.0080576
2.965,0.0080038
2.97,0.0079504
2.975,0.0078975
2.98,0.0078449
2.985,0.0077929
2.99,0.0077412
2.995,0.00769
3,0.0076392
3.005,0.0075888
3.01,0.0075389
3.015,0.0074893
3.02,0.0074402
3.025,0.0073914
3.03,0.0073431
3.035,0.0072951
3.04,0.0072476
3.045,0.0072004
3.05,0.0071536
3.055,0.0071072
3.06,0.0070611
3.065,0.0070154
3.07,0.0069701
3.075,0.0069252
3.08,0.0068806
3.085,0.0068364
3.09,0.0067925
3.095,0.006749
3.1,0.0067058
3.105,0.006663
3.11,0.0066205
3.115,0.0065783
3.12,0.0065365
3.125,0.006495
3.13,0.0064538
3.135,0.006413
3.14,0.0063725
3.145,0.0063323
3.15,0.0062924
3.155,0.0062528
3.16,0.0062136
3.165,0.0061746
3.17,0.006136
3.175,0.0060976
3.18,0.0060596
3.185,0.0060218
3.19,0.0059843
3.195,0.0059472
3.2,0.0059103
3.205,0.0058737
3.21,0.0058374
3.215,0.0058013
3.22,0.0057656
3.225,0.0057301
3.23,0.0056949
3.235,0.0056599
3.24,0.0056252
3.245,0.0055908
3.25,0.0055567
3.255,0.0055228
3.26,0.0054891
3.265,0.0054557
3.27,0.0054226
3.275,0.0053897
3.28,0.0053571
3.285,0.0053247
3.29,0.0052926
3.295,0.0052607
3.3,0.005229
3.305,0.0051976
3.31,0.0051664
3.315,0.0051354
3.32,0.0051047
3.325,0.0050742
3.33,0.005044
3.335,0.0050139
3.34,0.0049841
3.345,0.0049545
3.35,0.0049251
3.355,0.0048959
3.36,0.004867
3.365,0.0048383
3.37,0.0048097
3.375,0.0047814
3.38,0.0047533
3.385,0.0047254
3.39,0.0046977
3.395,0.0046702
3.4,0.0046429
3.405,0.0046158
3.41,0.0045889
3.415,0.0045622
3.42,0.0045357
3.425,0.0045094
3.43,0.0044832
3.435,0.0044573
3.44,0.0044315
3.445,0.004406
3.45,0.0043806
3.455,0.0043554
3.46,0.0043304
3.465,0.0043055
3.47,0.0042808
3.475,0.0042564
3.48,0.004232
3.485,0.0042079
3.49,0.0041839
3.495,0.0041601
3.5,0.0041365
3.505,0.004113
3.51,0.0040897
3.515,0.0040666
3.52,0.0040436
3.525,0.0040208
3.53,0.0039982
3.535,0.0039757
3.54,0.0039533
3.545,0.0039312
3.55,0.0039091
3.555,0.0038873
3.56,0.0038655
3.565,0.003844
3.57,0.0038226
3.575,0.0038013
3.58,0.0037802
3.585,0.0037592
3.59,0.0037384
3.595,0.0037177
3.6,0.0036971
3.605,0.0036767
3.61,0.0036565
3.615,0.0036364
3.62,0.0036164
3.625,0.0035965
3.63,0.0035768
3.635,0.0035572
3.64,0.0035378
3.645,0.0035185
3.65,0.0034993
3.655,0.0034803
3.66,0.0034613
3.665,0.0034425
3.67,0.0034239
3.675,0.0034053
3.68,0.0033869
3.685,0.0033686
3.69,0.0033505
3.695,0.0033324
3.7,0.0033145
3.705,0.0032967
3.71,0.003279
3.715,0.0032615
3.72,0.003244
3.725,0.0032267
3.73,0.0032095
3.735,0.0031924
3.74,0.0031754
3.745,0.0031585
3.75,0.0031417
3.755,0.0031251
3.76,0.0031085
3.765,0.0030921
3.77,0.0030758
3.775,0.0030596
3.78,0.0030434
3.785,0.0030274
3.79,0.0030115
3.795,0.0029957
3.8,0.00298
3.805,0.0029645
3.81,0.002949
3.815,0.0029336
3.82,0.0029183
3.825,0.0029031
3.83,0.002888
3.835,0.002873
3.84,0.0028581
3.845,0.0028433
3.85,0.0028286
3.855,0.002814
3.86,0.0027995
3.865,0.0027851
3.87,0.0027707
3.875,0.0027565
3.88,0.0027424
3.885,0.0027283
3.89,0.0027143
3.895,0.0027005
3.9,0.0026867
3.905,0.002673
3.91,0.0026594
3.915,0.0026458
3.92,0.0026324
3.925,0.002619
3.93,0.0026058
3.935,0.0025926
3.94,0.0025795
3.945,0.0025664
3.95,0.0025535
3.955,0.0025406
3.96,0.0025279
3.965,0.0025152
3.97,0.0025025
3.975,0.00249
3.98,0.0024775
3.985,0.0024652
3.99,0.0024529
3.995,0.0024406
4,0.0024285
4.005,0.0024164
4.01,0.0024044
4.015,0.0023925
4.02,0.0023806
4.025,0.0023688
4.03,0.0023571
4.035,0.0023455
4.04,0.0023339
4.045,0.0023224
4.05,0.002311
4.055,0.0022996
4.06,0.0022884
4.065,0.0022771
4.07,0.002266
4.075,0.0022549
4.08,0.0022439
4.085,0.002233
4.09,0.0022221
4.095,0.0022113
4.1,0.0022005
4.105,0.0021898
4.11,0.0021792
4.115,0.0021687
4.12,0.0021582
4.125,0.0021478
4.13,0.0021374
4.135,0.0021271
4.14,0.0021169
4.145,0.0021067
4.15,0.0020966
4.155,0.0020865
4.16,0.0020765
4.165,0.0020666
4.17,0.0020567
4.175,0.0020469
4.18,0.0020371
4.185,0.0020274
4.19,0.0020178
4.195,0.0020082
4.2,0.0019987
4.205,0.0019892
4.21,0.0019798
4.215,0.0019704
4.22,0.0019611
4.225,0.0019519
4.23,0.0019427
4.235,0.0019335
4.24,0.0019245
4.245,0.0019154
4.25,0.0019064
4.255,0.0018975
4.26,0.0018886
4.265,0.0018798
4.27,0.001871
4.275,0.0018623
4.28,0.0018536
4.285,0.001845
4.29,0.0018364
4.295,0.0018279
4.3,0.0018194
4.305,0.001811
4.31,0.0018026
4.315,0.0017943
4.32,0.001786
4.325,0.0017778
4.33,0.0017696
4.335,0.0017615
4.34,0.0017534
4.345,0.0017453
4.35,0.0017373
4.355,0.0017294
4.36,0.0017215
4.365,0.0017136
4.37,0.0017058
4.375,0.001698
4.38,0.0016903
4.385,0.0016826
4.39,0.001675
4.395,0.0016674
4.4,0.0016598
4.405,0.0016523
4.41,0.0016448
4.415,0.0016374
4.42,0.00163
4.425,0.0016227
4.43,0.0016154
4.435,0.0016081
4.44,0.0016009
4.445,0.0015937
4.45,0.0015866
4.455,0.0015795
4.46,0.0015724
4.465,0.0015654
4.47,0.0015584
4.475,0.0015515
4.48,0.0015446
4.485,0.0015377
4.49,0.0015309
4.495,0.0015241
4.5,0.0015173
4.505,0.0015106
4.51,0.0015039
4.515,0.0014973
4.52,0.0014907
4.525,0.0014841
4.53,0.0014776
4.535,0.0014711
4.54,0.0014646
4.545,0.0014582
4.55,0.0014518
4.555,0.0014455
4.56,0.0014391
4.565,0.0014328
4.57,0.0014266
4.575,0.0014204
4.58,0.0014142
4.585,0.001408
4.59,0.0014019
4.595,0.0013958
4.6,0.0013898
4.605,0.0013838
4.61,0.0013778
4.615,0.0013718
4.62,0.0013659
4.625,0.00136
4.63,0.0013542
4.635,0.0013483
4.64,0.0013425
4.645,0.0013368
4.65,0.001331
4.655,0.0013253
4.66,0.0013197
4.665,0.001314
4.67,0.0013084
4.675,0.0013028
4.68,0.0012973
4.685,0.0012918
4.69,0.0012863
4.695,0.0012808
4.7,0.0012754
4.705,0.00127
4.71,0.0012646
4.715,0.0012592
4.72,0.0012539
4.725,0.0012486
4.73,0.0012433
4.735,0.0012381
4.74,0.0012329
4.745,0.0012277
4.75,0.0012226
4.755,0.0012174
4.76,0.0012123
4.765,0.0012073
4.77,0.0012022
4.775,0.0011972
4.78,0.0011922
4.785,0.0011872
4.79,0.0011823
4.795,0.0011774
4.8,0.0011725
4.805,0.0011676
4.81,0.0011628
4.815,0.0011579
4.82,0.0011531
4.825,0.0011484
4.83,0.0011436
4.835,0.0011389
4.84,0.0011342
4.845,0.0011295
4.85,0.0011249
4.855,0.0011203
4.86,0.0011157
4.865,0.0011111
4.87,0.0011066
4.875,0.001102
4.88,0.0010975
4.885,0.001093
4.89,0.0010886
4.895,0.0010841
4.9,0.0010797
4.905,0.0010753
4.91,0.001071
4.915,0.0010666
4.92,0.0010623
4.925,0.001058
4.93,0.0010537
4.935,0.0010495
4.94,0.0010452
4.945,0.001041
4.95,0.0010368
4.955,0.0010326
4.96,0.0010285
4.965,0.0010243
4.97,0.0010202
4.975,0.0010161
4.98,0.0010121
4.985,0.001008
4.99,0.001004
4.995,0.00099997
5,0.00099598
5.005,0.00099201
5.01,0.00098806
5.015,0.00098413
5.02,0.00098022
5.025,0.00097633
5.03,0.00097246
5.035,0.0009686
5.04,0.00096477
5.045,0.00096095
5.05,0.00095715
5.055,0.00095338
5.06,0.00094962
5.065,0.00094588
5.07,0.00094215
5.075,0.00093845
5.08,0.00093476
5.085,0.0009311
5.09,0.00092745
5.095,0.00092381
5.1,0.0009202
5.105,0.0009166
5.11,0.00091302
5.115,0.00090946
5.12,0.00090592
5.125,0.00090239
5.13,0.00089888
5.135,0.00089539
5.14,0.00089191
5.145,0.00088845
5.15,0.00088501
5.155,0.00088158
5.16,0.00087817
5.165,0.00087478
5.17,0.0008714
5.175,0.00086804
5.18,0.0008647
5.185,0.00086137
5.19,0.00085806
5.195,0.00085476
5.2,0.00085148
5.205,0.00084822
5.21,0.00084497
5.215,0.00084174
5.22,0.00083852
5.225,0.00083531
5.23,0.00083213
5.235,0.00082896
5.24,0.0008258
5.245,0.00082266
5.25,0.00081953
5.255,0.00081642
5.26,0.00081332
5.265,0.00081024
5.27,0.00080717
5.275,0.00080411
5.28,0.00080107
5.285,0.00079805
5.29,0.00079504
5.295,0.00079204
5.3,0.00078906
5.305,0.00078609
5.31,0.00078314
5.315,0.0007802
5.32,0.00077727
5.325,0.00077436
5.33,0.00077146
5.335,0.00076857
5.34,0.0007657
5.345,0.00076284
5.35,0.00075999
5.355,0.00075716
5.36,0.00075434
5.365,0.00075153
5.37,0.00074874
5.375,0.00074596
5.38,0.00074319
5.385,0.00074044
5.39,0.0007377
5.395,0.00073497
5.4,0.00073225
5.405,0.00072955
5.41,0.00072686
5.415,0.00072418
5.42,0.00072151
5.425,0.00071886
5.43,0.00071621
5.435,0.00071358
5.44,0.00071096
5.445,0.00070836
5.45,0.00070576
5.455,0.00070318
5.46,0.00070061
5.465,0.00069805
5.47,0.00069551
5.475,0.00069297
5.48,0.00069045
5.485,0.00068793
5.49,0.00068543
5.495,0.00068294
5.5,0.00068046
5.505,0.000678
5.51,0.00067554
5.515,0.0006731
5.52,0.00067066
5.525,0.00066824
5.53,0.00066583
5.535,0.00066342
5.54,0.00066103
5.545,0.00065865
5.55,0.00065629
5.555,0.00065393
5.56,0.00065158
5.565,0.00064924
5.57,0.00064692
5.575,0.0006446
5.58,0.00064229
5.585,0.00064
5.59,0.00063771
5.595,0.00063544
5.6,0.00063317
5.605,0.00063092
5.61,0.00062867
5.615,0.00062644
5.62,0.00062421
5.625,0.000622
5.63,0.00061979
5.635,0.0006176
5.64,0.00061541
5.645,0.00061323
5.65,0.00061107
5.655,0.00060891
5.66,0.00060676
5.665,0.00060462
5.67,0.0006025
5.675,0.00060038
5.68,0.00059827
5.685,0.00059617
5.69,0.00059407
5.695,0.00059199
5.7,0.00058992
5.705,0.00058785
5.71,0.0005858
5.715,0.00058375
5.72,0.00058171
5.725,0.00057969
5.73,0.00057767
5.735,0.00057566
5.74,0.00057365
5.745,0.00057166
5.75,0.00056968
5.755,0.0005677
5.76,0.00056573
5.765,0.00056377
5.77,0.00056182
5.775,0.00055988
5.78,0.00055795
5.785,0.00055602
5.79,0.0005541
5.795,0.00055219
5.8,0.00055029
5.805,0.0005484
5.81,0.00054652
5.815,0.00054464
5.82,0.00054277
5.825,0.00054091
5.83,0.00053906
5.835,0.00053721
5.84,0.00053538
5.845,0.00053355
5.85,0.00053173
5.855,0.00052992
5.86,0.00052811
5.865,0.00052631
5.87,0.00052452
5.875,0.00052274
5.88,0.00052096
5.885,0.0005192
5.89,0.00051744
5.895,0.00051569
5.9,0.00051394
5.905,0.0005122
5.91,0.00051047
5.915,0.00050875
5.92,0.00050703
5.925,0.00050532
5.93,0.00050362
5.935,0.00050193
5.94,0.00050024
5.945,0.00049856
5.95,0.00049689
5.955,0.00049522
5.96,0.00049356
5.965,0.00049191
5.97,0.00049027
5.975,0.00048863
5.98,0.000487
5.985,0.00048537
5.99,0.00048375
5.995,0.00048214
6,0.00048054
6.005,0.00047894
6.01,0.00047735
6.015,0.00047577
6.02,0.00047419
6.025,0.00047262
6.03,0.00047105
6.035,0.00046949
6.04,0.00046794
6.045,0.00046639
6.05,0.00046486
6.055,0.00046332
6.06,0.0004618
6.065,0.00046028
6.07,0.00045876
6.075,0.00045725
6.08,0.00045575
6.085,0.00045426
6.09,0.00045277
6.095,0.00045128
6.1,0.00044981
6.105,0.00044834
6.11,0.00044687
6.115,0.00044541
6.12,0.00044396
6.125,0.00044251
6.13,0.00044107
6.135,0.00043963
6.14,0.0004382
6.145,0.00043678
6.15,0.00043536
6.155,0.00043395
6.16,0.00043254
6.165,0.00043114
6.17,0.00042975
6.175,0.00042836
6.18,0.00042697
6.185,0.00042559
6.19,0.00042422
6.195,0.00042285
6.2,0.00042149
6.205,0.00042014
6.21,0.00041879
6.215,0.00041744
6.22,0.0004161
6.225,0.00041476
6.23,0.00041344
6.235,0.00041211
6.24,0.00041079
6.245,0.00040948
6.25,0.00040817
6.255,0.00040687
6.26,0.00040557
6.265,0.00040428
6.27,0.00040299
6.275,0.00040171
6.28,0.00040043
