0,0
2.5484e-006,0
1.0194e-005,0
2.2936e-005,0
4.0775e-005,0
6.371e-005,0
9.1743e-005,0
0.00012487,0
0.0001631,0
0.00020642,0
0.00025484,0
0.00030836,0
0.00036697,0
0.00043068,0
0.00049949,0
0.00057339,0
0.0006524,0
0.00073649,0
0.00082569,0
0.00091998,0
0.0010194,0
0.0011239,0
0.0012334,0
0.0013481,0
0.0014679,0
0.0015928,0
0.0017227,0
0.0018578,0
0.001998,0
0.0021432,0
0.0022936,0
0.002449,0
0.0026096,0
0.0027752,0
0.002946,0
0.0031218,0
0.0033028,0
0.0034888,0
0.0036799,0
0.0038761,7.2418e-296
0.0040775,4.1653e-267
0.0042839,9.8609e-242
0.0044954,2.8138e-219
0.004712,2.3938e-199
0.0049337,1.3065e-181
0.0051606,8.7743e-166
0.0053925,1.2633e-151
0.0056295,6.2716e-139
0.0058716,1.6145e-127
0.0061188,3.063e-117
0.006371,5.8027e-108
0.0066284,1.4284e-099
0.0068909,5.7438e-092
0.0071585,4.6059e-085
0.0074312,8.768e-079
0.007709,4.6164e-073
0.0079918,7.6875e-068
0.0082798,4.5567e-063
0.0085729,1.067e-058
0.008871,1.0822e-054
0.0091743,5.1599e-051
0.0094827,1.2434e-047
0.0097961,1.6152e-044
0.010115,1.1981e-041
0.010438,5.3427e-039
0.010767,1.4996e-036
0.011101,2.7606e-034
0.01144,3.4591e-032
0.011784,3.0498e-030
0.012133,1.9496e-028
0.012487,9.2841e-027
0.012847,3.3748e-025
0.013211,9.5737e-024
0.013581,2.1623e-022
0.013955,3.9596e-021
0.014335,5.9765e-020
0.01472,7.5478e-019
0.01511,8.0856e-018
0.015505,7.4393e-017
0.015905,5.946e-016
0.01631,4.1717e-015
0.01672,2.5937e-014
0.017136,1.4416e-013
0.017556,7.2199e-013
0.017982,3.2825e-012
0.018412,1.3639e-011
0.018848,5.2113e-011
0.019289,1.8416e-010
0.019735,6.0508e-010
0.020186,1.8574e-009
0.020642,5.3509e-009
0.021103,1.4527e-008
0.02157,3.7308e-008
0.022041,9.0963e-008
0.022518,2.1125e-007
0.022999,4.6872e-007
0.023486,9.9642e-007
0.023978,2.0349e-006
0.024475,4.0017e-006
0.024977,7.5956e-006
0.025484,1.3945e-005
0.025996,2.481e-005
0.026514,4.2859e-005
0.027036,7.2007e-005
0.027564,0.00011785
0.028096,0.00018817
0.028634,0.00029352
0.029177,0.00044789
0.029725,0.00066939
0.030278,0.00098098
0.030836,0.0014111
0.031399,0.0019946
0.031967,0.0027728
0.032541,0.0037944
0.033119,0.0051157
0.033703,0.0068002
0.034292,0.0089192
0.034885,0.011551
0.035484,0.01478
0.036088,0.018696
0.036697,0.023394
0.037311,0.028972
0.037931,0.03553
0.038555,0.043168
0.039185,0.051984
0.039819,0.062074
0.040459,0.073529
0.041103,0.086433
0.041753,0.10086
0.042408,0.11689
0.043068,0.13457
0.043733,0.15394
0.044404,0.17504
0.045079,0.1979
0.045759,0.22251
0.046445,0.24888
0.047136,0.27698
0.047831,0.30678
0.048532,0.33823
0.049238,0.37129
0.049949,0.40586
0.050665,0.44189
0.051386,0.47927
0.052113,0.51791
0.052844,0.55769
0.053581,0.59852
0.054322,0.64026
0.055069,0.6828
0.055821,0.72601
0.056577,0.76976
0.057339,0.81392
0.058107,0.85836
0.058879,0.90295
0.059656,0.94756
0.060438,0.99208
0.061226,1.0364
0.062018,1.0803
0.062816,1.1238
0.063619,1.1667
0.064427,1.209
0.06524,1.2505
0.066058,1.2912
0.066881,1.3309
0.067709,1.3695
0.068542,1.4071
0.069381,1.4435
0.070224,1.4787
0.071073,1.5127
0.071927,1.5452
0.072785,1.5765
0.073649,1.6063
0.074518,1.6347
0.075392,1.6616
0.076272,1.687
0.077156,1.711
0.078045,1.7334
0.07894,1.7543
0.079839,1.7738
0.080744,1.7917
0.081654,1.8081
0.082569,1.823
0.083489,1.8365
0.084414,1.8485
0.085344,1.859
0.086279,1.8682
0.08722,1.876
0.088165,1.8824
0.089116,1.8874
0.090071,1.8912
0.091032,1.8937
0.091998,1.895
0.092969,1.8951
0.093945,1.894
0.094926,1.8918
0.095912,1.8885
0.096904,1.8842
0.0979,1.8788
0.098902,1.8725
0.099908,1.8652
0.10092,1.8571
0.10194,1.8481
0.10296,1.8383
0.10399,1.8277
0.10502,1.8163
0.10606,1.8043
0.1071,1.7915
0.10814,1.7782
0.1092,1.7643
0.11025,1.7498
0.11132,1.7347
0.11239,1.7192
0.11346,1.7032
0.11454,1.6868
0.11562,1.67
0.11671,1.6528
0.1178,1.6353
0.1189,1.6175
0.12,1.5994
0.12111,1.5811
0.12222,1.5625
0.12334,1.5438
0.12447,1.5248
0.1256,1.5057
0.12673,1.4865
0.12787,1.4672
0.12901,1.4477
0.13016,1.4282
0.13132,1.4087
0.13248,1.3891
0.13364,1.3695
0.13481,1.35
0.13599,1.3304
0.13717,1.3109
0.13835,1.2914
0.13954,1.272
0.14074,1.2527
0.14194,1.2334
0.14314,1.2143
0.14435,1.1952
0.14557,1.1763
0.14679,1.1576
0.14801,1.1389
0.14925,1.1204
0.15048,1.1021
0.15172,1.0839
0.15297,1.0659
0.15422,1.0481
0.15548,1.0305
0.15674,1.013
0.158,0.99574
0.15928,0.97868
0.16055,0.96182
0.16183,0.94517
0.16312,0.92872
0.16441,0.91249
0.16571,0.89647
0.16701,0.88066
0.16832,0.86507
0.16963,0.84971
0.17095,0.83456
0.17227,0.81963
0.1736,0.80493
0.17493,0.79044
0.17627,0.77618
0.17761,0.76215
0.17896,0.74833
0.18032,0.73474
0.18167,0.72137
0.18304,0.70822
0.18441,0.69528
0.18578,0.68257
0.18716,0.67007
0.18854,0.65779
0.18993,0.64572
0.19133,0.63386
0.19272,0.62221
0.19413,0.61077
0.19554,0.59954
0.19695,0.58851
0.19837,0.57769
0.1998,0.56706
0.20123,0.55663
0.20266,0.54639
0.2041,0.53635
0.20555,0.5265
0.207,0.51683
0.20845,0.50735
0.20991,0.49805
0.21138,0.48893
0.21285,0.47999
0.21432,0.47122
0.2158,0.46262
0.21729,0.45419
0.21878,0.44593
0.22028,0.43783
0.22178,0.42989
0.22328,0.42211
0.22479,0.41449
0.22631,0.40702
0.22783,0.39969
0.22936,0.39252
0.23089,0.38549
0.23243,0.3786
0.23397,0.37185
0.23551,0.36523
0.23707,0.35876
0.23862,0.35241
0.24019,0.34619
0.24175,0.3401
0.24333,0.33413
0.2449,0.32828
0.24649,0.32256
0.24807,0.31694
0.24967,0.31145
0.25126,0.30607
0.25287,0.30079
0.25448,0.29562
0.25609,0.29056
0.25771,0.28561
0.25933,0.28075
0.26096,0.27599
0.26259,0.27133
0.26423,0.26677
0.26587,0.26229
0.26752,0.25791
0.26918,0.25362
0.27084,0.24941
0.2725,0.24529
0.27417,0.24125
0.27584,0.23729
0.27752,0.23342
0.27921,0.22962
0.2809,0.2259
0.28259,0.22225
0.28429,0.21867
0.286,0.21517
0.28771,0.21173
0.28942,0.20837
0.29114,0.20507
0.29287,0.20184
0.2946,0.19867
0.29633,0.19556
0.29807,0.19251
0.29982,0.18953
0.30157,0.1866
0.30333,0.18373
0.30509,0.18091
0.30685,0.17815
0.30862,0.17544
0.3104,0.17279
0.31218,0.17018
0.31397,0.16763
0.31576,0.16512
0.31756,0.16266
0.31936,0.16025
0.32116,0.15788
0.32298,0.15556
0.32479,0.15328
0.32662,0.15105
0.32844,0.14885
0.33028,0.1467
0.33211,0.14459
0.33396,0.14251
0.3358,0.14048
0.33766,0.13848
0.33951,0.13651
0.34138,0.13459
0.34324,0.13269
0.34512,0.13084
0.347,0.12901
0.34888,0.12722
0.35077,0.12546
0.35266,0.12373
0.35456,0.12203
0.35646,0.12036
0.35837,0.11872
0.36029,0.11711
0.3622,0.11553
0.36413,0.11397
0.36606,0.11244
0.36799,0.11094
0.36993,0.10946
0.37188,0.10801
0.37383,0.10659
0.37578,0.10518
0.37774,0.1038
0.3797,0.10245
0.38167,0.10111
0.38365,0.099802
0.38563,0.098512
0.38761,0.097243
0.3896,0.095995
0.3916,0.094767
0.3936,0.093559
0.39561,0.092371
0.39762,0.091202
0.39963,0.090052
0.40165,0.08892
0.40368,0.087806
0.40571,0.08671
0.40775,0.085631
0.40979,0.084569
0.41183,0.083524
0.41389,0.082495
0.41594,0.081481
0.418,0.080484
0.42007,0.079502
0.42214,0.078535
0.42422,0.077582
0.4263,0.076645
0.42839,0.075721
0.43048,0.074811
0.43258,0.073915
0.43468,0.073032
0.43679,0.072163
0.4389,0.071306
0.44102,0.070462
0.44314,0.069631
0.44527,0.068812
0.4474,0.068004
0.44954,0.067209
0.45168,0.066425
0.45383,0.065652
0.45599,0.06489
0.45814,0.06414
0.46031,0.0634
0.46248,0.06267
0.46465,0.061951
0.46683,0.061242
0.46901,0.060543
0.4712,0.059854
0.4734,0.059175
0.4756,0.058505
0.4778,0.057844
0.48001,0.057193
0.48222,0.05655
0.48444,0.055916
0.48667,0.055291
0.4889,0.054675
0.49113,0.054067
0.49337,0.053467
0.49562,0.052875
0.49787,0.052291
0.50012,0.051715
0.50239,0.051147
0.50465,0.050586
0.50692,0.050033
0.5092,0.049487
0.51148,0.048949
0.51376,0.048417
0.51606,0.047893
0.51835,0.047375
0.52065,0.046864
0.52296,0.04636
0.52527,0.045862
0.52759,0.045371
0.52991,0.044886
0.53223,0.044408
0.53457,0.043935
0.5369,0.043469
0.53925,0.043009
0.54159,0.042554
0.54394,0.042105
0.5463,0.041662
0.54866,0.041225
0.55103,0.040793
0.5534,0.040366
0.55578,0.039945
0.55817,0.039529
0.56055,0.039119
0.56295,0.038713
0.56534,0.038312
0.56775,0.037917
0.57016,0.037526
0.57257,0.03714
0.57499,0.036759
0.57741,0.036383
0.57984,0.036011
0.58227,0.035644
0.58471,0.035281
0.58716,0.034923
0.5896,0.034569
0.59206,0.034219
0.59452,0.033873
0.59698,0.033532
0.59945,0.033195
0.60193,0.032862
0.60441,0.032532
0.60689,0.032207
0.60938,0.031886
0.61188,0.031568
0.61438,0.031254
0.61688,0.030944
0.61939,0.030638
0.62191,0.030335
0.62443,0.030036
0.62695,0.02974
0.62948,0.029448
0.63202,0.029159
0.63456,0.028874
0.6371,0.028592
0.63966,0.028313
0.64221,0.028037
0.64477,0.027765
0.64734,0.027496
0.64991,0.02723
0.65249,0.026966
0.65507,0.026706
0.65766,0.026449
0.66025,0.026195
0.66284,0.025944
0.66545,0.025696
0.66805,0.02545
0.67067,0.025207
0.67328,0.024968
0.6759,0.02473
0.67853,0.024496
0.68116,0.024264
0.6838,0.024034
0.68644,0.023808
0.68909,0.023584
0.69175,0.023362
0.6944,0.023143
0.69707,0.022926
0.69973,0.022712
0.70241,0.0225
0.70509,0.02229
0.70777,0.022083
0.71046,0.021878
0.71315,0.021675
0.71585,0.021475
0.71856,0.021276
0.72126,0.02108
0.72398,0.020886
0.7267,0.020694
0.72942,0.020505
0.73215,0.020317
0.73489,0.020131
0.73762,0.019948
0.74037,0.019766
0.74312,0.019587
0.74587,0.019409
0.74863,0.019233
0.7514,0.019059
0.75417,0.018887
0.75694,0.018717
0.75972,0.018549
0.76251,0.018382
0.7653,0.018217
0.7681,0.018054
0.7709,0.017893
0.7737,0.017733
0.77651,0.017576
0.77933,0.017419
0.78215,0.017265
0.78498,0.017112
0.78781,0.016961
0.79064,0.016811
0.79349,0.016663
0.79633,0.016516
0.79918,0.016371
0.80204,0.016228
0.8049,0.016086
0.80777,0.015945
0.81064,0.015806
0.81352,0.015668
0.8164,0.015532
0.81929,0.015397
0.82218,0.015264
0.82508,0.015132
0.82798,0.015001
0.83089,0.014872
0.8338,0.014744
0.83672,0.014617
0.83964,0.014492
0.84257,0.014368
0.8455,0.014245
0.84844,0.014123
0.85139,0.014003
0.85433,0.013884
0.85729,0.013766
0.86025,0.013649
0.86321,0.013533
0.86618,0.013419
0.86915,0.013306
0.87213,0.013194
0.87512,0.013083
0.87811,0.012973
0.8811,0.012864
0.8841,0.012756
0.8871,0.01265
0.89011,0.012544
0.89313,0.01244
0.89615,0.012336
0.89917,0.012234
0.9022,0.012132
0.90524,0.012032
0.90828,0.011933
0.91133,0.011834
0.91438,0.011737
0.91743,0.01164
0.92049,0.011545
0.92356,0.01145
0.92663,0.011356
0.9297,0.011263
0.93279,0.011171
0.93587,0.01108
0.93896,0.01099
0.94206,0.010901
0.94516,0.010813
0.94827,0.010725
0.95138,0.010639
0.9545,0.010553
0.95762,0.010468
0.96074,0.010383
0.96388,0.0103
0.96701,0.010217
0.97016,0.010136
0.9733,0.010055
0.97646,0.0099744
0.97961,0.0098949
0.98278,0.0098162
0.98594,0.0097382
0.98912,0.0096609
0.99229,0.0095844
0.99548,0.0095086
0.99866,0.0094336
1.0019,0.0093592
1.0051,0.0092855
1.0083,0.0092125
1.0115,0.0091402
1.0147,0.0090686
1.0179,0.0089977
1.0211,0.0089274
1.0244,0.0088578
1.0276,0.0087888
1.0308,0.0087204
1.0341,0.0086527
1.0373,0.0085857
1.0406,0.0085192
1.0438,0.0084534
1.0471,0.0083881
1.0504,0.0083235
1.0536,0.0082594
1.0569,0.008196
1.0602,0.0081331
1.0635,0.0080708
1.0668,0.0080091
1.0701,0.0079479
1.0734,0.0078873
1.0767,0.0078273
1.08,0.0077678
1.0833,0.0077088
1.0867,0.0076504
1.09,0.0075925
1.0933,0.0075351
1.0967,0.0074782
1.1,0.0074219
1.1034,0.007366
1.1067,0.0073107
1.1101,0.0072558
1.1135,0.0072015
1.1168,0.0071476
1.1202,0.0070942
1.1236,0.0070413
1.127,0.0069889
1.1304,0.0069369
1.1338,0.0068854
1.1372,0.0068343
1.1406,0.0067837
1.144,0.0067336
1.1474,0.0066839
1.1508,0.0066346
1.1543,0.0065857
1.1577,0.0065373
1.1611,0.0064894
1.1646,0.0064418
1.168,0.0063946
1.1715,0.0063479
1.1749,0.0063016
1.1784,0.0062557
1.1819,0.0062101
1.1853,0.006165
1.1888,0.0061203
1.1923,0.0060759
1.1958,0.0060319
1.1993,0.0059884
1.2028,0.0059452
1.2063,0.0059023
1.2098,0.0058599
1.2133,0.0058178
1.2168,0.005776
1.2203,0.0057346
1.2239,0.0056936
1.2274,0.0056529
1.231,0.0056126
1.2345,0.0055726
1.238,0.005533
1.2416,0.0054937
1.2452,0.0054547
1.2487,0.005416
1.2523,0.0053777
1.2559,0.0053397
1.2595,0.005302
1.263,0.0052647
1.2666,0.0052277
1.2702,0.0051909
1.2738,0.0051545
1.2774,0.0051184
1.281,0.0050826
1.2847,0.0050471
1.2883,0.0050118
1.2919,0.0049769
1.2955,0.0049423
1.2992,0.0049079
1.3028,0.0048739
1.3065,0.0048401
1.3101,0.0048066
1.3138,0.0047734
1.3174,0.0047405
1.3211,0.0047078
1.3248,0.0046754
1.3285,0.0046432
1.3321,0.0046114
1.3358,0.0045798
1.3395,0.0045484
1.3432,0.0045173
1.3469,0.0044865
1.3506,0.0044559
1.3543,0.0044255
1.3581,0.0043954
1.3618,0.0043656
1.3655,0.004336
1.3692,0.0043066
1.373,0.0042775
1.3767,0.0042486
1.3805,0.0042199
1.3842,0.0041915
1.388,0.0041633
1.3917,0.0041353
1.3955,0.0041076
1.3993,0.0040801
1.4031,0.0040528
1.4069,0.0040257
1.4106,0.0039988
1.4144,0.0039722
1.4182,0.0039457
1.422,0.0039195
1.4259,0.0038935
1.4297,0.0038676
1.4335,0.003842
1.4373,0.0038166
1.4411,0.0037914
1.445,0.0037664
1.4488,0.0037416
1.4527,0.003717
1.4565,0.0036925
1.4604,0.0036683
1.4642,0.0036443
1.4681,0.0036204
1.472,0.0035968
1.4758,0.0035733
1.4797,0.00355
1.4836,0.0035269
1.4875,0.0035039
1.4914,0.0034812
1.4953,0.0034586
1.4992,0.0034362
1.5031,0.003414
1.507,0.0033919
1.511,0.00337
1.5149,0.0033483
1.5188,0.0033267
1.5228,0.0033054
1.5267,0.0032841
1.5306,0.0032631
1.5346,0.0032422
1.5386,0.0032214
1.5425,0.0032009
1.5465,0.0031804
1.5505,0.0031602
1.5544,0.0031401
1.5584,0.0031201
1.5624,0.0031003
1.5664,0.0030806
1.5704,0.0030611
1.5744,0.0030418
1.5784,0.0030226
1.5824,0.0030035
1.5864,0.0029846
1.5905,0.0029658
1.5945,0.0029472
1.5985,0.0029287
1.6026,0.0029103
1.6066,0.0028921
1.6107,0.002874
1.6147,0.002856
1.6188,0.0028382
1.6228,0.0028205
1.6269,0.002803
1.631,0.0027856
1.6351,0.0027683
1.6392,0.0027511
1.6432,0.0027341
1.6473,0.0027172
1.6514,0.0027004
1.6555,0.0026837
1.6597,0.0026672
1.6638,0.0026508
1.6679,0.0026345
1.672,0.0026183
1.6761,0.0026023
1.6803,0.0025863
1.6844,0.0025705
1.6886,0.0025548
1.6927,0.0025392
1.6969,0.0025237
1.701,0.0025084
1.7052,0.0024931
1.7094,0.002478
1.7136,0.0024629
1.7177,0.002448
1.7219,0.0024332
1.7261,0.0024185
1.7303,0.0024039
1.7345,0.0023894
1.7387,0.002375
1.7429,0.0023607
1.7472,0.0023466
1.7514,0.0023325
1.7556,0.0023185
1.7598,0.0023046
1.7641,0.0022908
1.7683,0.0022771
1.7726,0.0022636
1.7768,0.0022501
1.7811,0.0022367
1.7853,0.0022234
1.7896,0.0022102
1.7939,0.0021971
1.7982,0.0021841
1.8024,0.0021712
1.8067,0.0021583
1.811,0.0021456
1.8153,0.0021329
1.8196,0.0021204
1.8239,0.0021079
1.8283,0.0020955
1.8326,0.0020832
1.8369,0.002071
1.8412,0.0020589
1.8456,0.0020469
1.8499,0.0020349
1.8543,0.002023
1.8586,0.0020112
1.863,0.0019995
1.8673,0.0019879
1.8717,0.0019764
1.8761,0.0019649
1.8804,0.0019535
1.8848,0.0019422
1.8892,0.001931
1.8936,0.0019198
1.898,0.0019088
1.9024,0.0018978
1.9068,0.0018868
1.9112,0.001876
1.9156,0.0018652
1.92,0.0018545
1.9245,0.0018439
1.9289,0.0018334
1.9333,0.0018229
1.9378,0.0018125
1.9422,0.0018022
1.9467,0.0017919
1.9511,0.0017817
1.9556,0.0017716
1.9601,0.0017615
1.9645,0.0017515
1.969,0.0017416
1.9735,0.0017318
1.978,0.001722
1.9825,0.0017123
1.987,0.0017026
1.9915,0.001693
1.996,0.0016835
2.0005,0.001674
2.005,0.0016646
2.0095,0.0016553
2.0141,0.001646
2.0186,0.0016368
2.0231,0.0016277
2.0277,0.0016186
2.0322,0.0016096
2.0368,0.0016006
2.0413,0.0015917
2.0459,0.0015829
2.0505,0.0015741
2.0551,0.0015653
2.0596,0.0015567
2.0642,0.0015481
2.0688,0.0015395
2.0734,0.001531
2.078,0.0015226
2.0826,0.0015142
2.0872,0.0015058
2.0918,0.0014976
2.0965,0.0014893
2.1011,0.0014812
2.1057,0.0014731
2.1103,0.001465
2.115,0.001457
2.1196,0.001449
2.1243,0.0014411
2.1289,0.0014333
2.1336,0.0014255
2.1383,0.0014177
2.1429,0.00141
2.1476,0.0014024
2.1523,0.0013948
2.157,0.0013872
2.1617,0.0013797
2.1664,0.0013723
2.1711,0.0013649
2.1758,0.0013575
2.1805,0.0013502
2.1852,0.0013429
2.1899,0.0013357
2.1947,0.0013286
2.1994,0.0013214
2.2041,0.0013144
2.2089,0.0013073
2.2136,0.0013003
2.2184,0.0012934
2.2231,0.0012865
2.2279,0.0012796
2.2327,0.0012728
2.2374,0.0012661
2.2422,0.0012593
2.247,0.0012527
2.2518,0.001246
2.2566,0.0012394
2.2614,0.0012329
2.2662,0.0012264
2.271,0.0012199
2.2758,0.0012135
2.2806,0.0012071
2.2854,0.0012007
2.2903,0.0011944
2.2951,0.0011881
2.2999,0.0011819
2.3048,0.0011757
2.3096,0.0011696
2.3145,0.0011635
2.3194,0.0011574
2.3242,0.0011513
2.3291,0.0011453
2.334,0.0011394
2.3388,0.0011335
2.3437,0.0011276
2.3486,0.0011217
2.3535,0.0011159
2.3584,0.0011101
2.3633,0.0011044
2.3682,0.0010987
2.3732,0.001093
2.3781,0.0010874
2.383,0.0010818
2.3879,0.0010762
2.3929,0.0010707
2.3978,0.0010652
2.4028,0.0010597
2.4077,0.0010543
2.4127,0.0010489
2.4176,0.0010435
2.4226,0.0010382
2.4276,0.0010329
2.4325,0.0010276
2.4375,0.0010224
2.4425,0.0010172
2.4475,0.001012
2.4525,0.0010068
2.4575,0.0010017
2.4625,0.00099666
2.4675,0.00099161
2.4725,0.00098659
2.4776,0.00098161
2.4826,0.00097665
2.4876,0.00097172
2.4927,0.00096683
2.4977,0.00096196
2.5028,0.00095712
2.5078,0.00095232
2.5129,0.00094754
2.5179,0.00094279
2.523,0.00093806
2.5281,0.00093337
2.5332,0.00092871
2.5382,0.00092407
2.5433,0.00091946
2.5484,0.00091488
2.5535,0.00091032
2.5586,0.00090579
2.5637,0.00090129
2.5688,0.00089682
2.574,0.00089237
2.5791,0.00088795
2.5842,0.00088356
2.5894,0.00087919
2.5945,0.00087484
2.5996,0.00087053
2.6048,0.00086624
2.6099,0.00086197
2.6151,0.00085773
2.6203,0.00085351
2.6254,0.00084932
2.6306,0.00084515
2.6358,0.00084101
2.641,0.00083689
2.6462,0.0008328
2.6514,0.00082873
2.6566,0.00082469
2.6618,0.00082066
2.667,0.00081667
2.6722,0.00081269
2.6774,0.00080874
2.6827,0.00080481
2.6879,0.0008009
2.6931,0.00079702
2.6984,0.00079316
2.7036,0.00078932
2.7089,0.0007855
2.7141,0.00078171
2.7194,0.00077794
2.7247,0.00077419
2.7299,0.00077046
2.7352,0.00076675
2.7405,0.00076307
2.7458,0.0007594
2.7511,0.00075576
2.7564,0.00075213
2.7617,0.00074853
2.767,0.00074495
2.7723,0.00074139
2.7776,0.00073785
2.7829,0.00073433
2.7883,0.00073083
2.7936,0.00072735
2.7989,0.00072389
2.8043,0.00072045
2.8096,0.00071703
2.815,0.00071363
2.8203,0.00071025
2.8257,0.00070689
2.8311,0.00070354
2.8365,0.00070022
2.8418,0.00069691
2.8472,0.00069362
2.8526,0.00069036
2.858,0.00068711
2.8634,0.00068387
2.8688,0.00068066
2.8742,0.00067747
2.8796,0.00067429
2.8851,0.00067113
2.8905,0.00066799
2.8959,0.00066486
2.9013,0.00066176
2.9068,0.00065867
2.9122,0.00065559
2.9177,0.00065254
2.9231,0.0006495
2.9286,0.00064648
2.9341,0.00064348
2.9395,0.00064049
2.945,0.00063752
2.9505,0.00063457
2.956,0.00063163
2.9615,0.00062871
2.967,0.0006258
2.9725,0.00062291
2.978,0.00062004
2.9835,0.00061718
2.989,0.00061434
2.9945,0.00061151
3.0001,0.0006087
3.0056,0.00060591
3.0111,0.00060313
3.0167,0.00060037
3.0222,0.00059762
3.0278,0.00059488
3.0333,0.00059216
3.0389,0.00058946
3.0445,0.00058677
3.05,0.0005841
3.0556,0.00058144
3.0612,0.00057879
3.0668,0.00057616
3.0724,0.00057354
3.078,0.00057094
3.0836,0.00056835
3.0892,0.00056578
3.0948,0.00056322
3.1004,0.00056067
3.1061,0.00055814
3.1117,0.00055562
3.1173,0.00055312
3.123,0.00055062
3.1286,0.00054815
3.1343,0.00054568
3.1399,0.00054323
3.1456,0.00054079
3.1512,0.00053837
3.1569,0.00053595
3.1626,0.00053355
3.1683,0.00053117
3.1739,0.00052879
3.1796,0.00052643
3.1853,0.00052409
3.191,0.00052175
3.1967,0.00051943
3.2024,0.00051712
3.2082,0.00051482
3.2139,0.00051253
3.2196,0.00051026
3.2253,0.00050799
3.2311,0.00050574
3.2368,0.00050351
3.2426,0.00050128
3.2483,0.00049907
3.2541,0.00049686
3.2598,0.00049467
3.2656,0.00049249
3.2714,0.00049033
3.2772,0.00048817
3.2829,0.00048602
3.2887,0.00048389
3.2945,0.00048177
3.3003,0.00047966
3.3061,0.00047756
3.3119,0.00047547
3.3177,0.00047339
3.3236,0.00047132
3.3294,0.00046926
3.3352,0.00046722
3.341,0.00046518
3.3469,0.00046316
3.3527,0.00046114
3.3586,0.00045914
3.3644,0.00045715
3.3703,0.00045517
3.3761,0.00045319
3.382,0.00045123
3.3879,0.00044928
3.3938,0.00044734
3.3997,0.00044541
3.4055,0.00044348
3.4114,0.00044157
3.4173,0.00043967
3.4232,0.00043778
3.4292,0.0004359
3.4351,0.00043402
3.441,0.00043216
3.4469,0.00043031
3.4528,0.00042846
3.4588,0.00042663
3.4647,0.0004248
3.4707,0.00042299
3.4766,0.00042118
3.4826,0.00041938
3.4885,0.0004176
3.4945,0.00041582
3.5005,0.00041405
3.5064,0.00041229
3.5124,0.00041053
3.5184,0.00040879
3.5244,0.00040706
3.5304,0.00040533
3.5364,0.00040362
3.5424,0.00040191
3.5484,0.00040021
3.5544,0.00039852
3.5605,0.00039684
3.5665,0.00039516
3.5725,0.0003935
3.5786,0.00039184
3.5846,0.00039019
3.5906,0.00038855
3.5967,0.00038692
3.6028,0.0003853
3.6088,0.00038368
3.6149,0.00038208
3.621,0.00038048
3.627,0.00037889
3.6331,0.0003773
3.6392,0.00037573
3.6453,0.00037416
3.6514,0.0003726
3.6575,0.00037105
3.6636,0.00036951
3.6697,0.00036797
3.6758,0.00036644
3.682,0.00036492
3.6881,0.00036341
3.6942,0.0003619
3.7004,0.0003604
3.7065,0.00035891
3.7127,0.00035743
3.7188,0.00035595
3.725,0.00035449
3.7311,0.00035302
3.7373,0.00035157
3.7435,0.00035012
3.7497,0.00034868
3.7559,0.00034725
3.762,0.00034582
3.7682,0.00034441
3.7744,0.00034299
3.7806,0.00034159
3.7869,0.00034019
3.7931,0.0003388
3.7993,0.00033741
3.8055,0.00033604
3.8117,0.00033467
3.818,0.0003333
3.8242,0.00033195
3.8305,0.00033059
3.8367,0.00032925
3.843,0.00032791
3.8492,0.00032658
3.8555,0.00032526
3.8618,0.00032394
3.8681,0.00032263
3.8743,0.00032132
3.8806,0.00032002
3.8869,0.00031873
3.8932,0.00031744
3.8995,0.00031616
3.9058,0.00031489
3.9121,0.00031362
3.9185,0.00031236
3.9248,0.0003111
3.9311,0.00030985
3.9374,0.00030861
3.9438,0.00030737
3.9501,0.00030614
3.9565,0.00030491
3.9628,0.00030369
3.9692,0.00030248
3.9755,0.00030127
3.9819,0.00030007
3.9883,0.00029887
3.9947,0.00029768
4.001,0.0002965
4.0074,0.00029532
4.0138,0.00029414
4.0202,0.00029297
