0,0
0.005,0
0.01,0
0.015,0
0.02,0
0.025,0
0.03,0
0.035,0
0.04,0
0.045,0
0.05,0
0.055,0
0.06,0
0.065,0
0.07,0
0.075,0
0.08,0
0.085,0
0.09,0
0.095,0
0.1,0
0.105,0
0.11,0
0.115,0
0.12,0
0.125,0
0.13,0
0.135,0
0.14,0
0.145,0
0.15,0
0.155,0
0.16,0
0.165,0
0.17,0
0.175,0
0.18,0
0.185,0
0.19,0
0.195,0
0.2,0
0.205,0
0.21,0
0.215,0
0.22,0
0.225,0
0.23,0
0.235,0
0.24,0
0.245,0
0.25,0
0.255,0
0.26,0
0.265,1.7655e-311
0.27,6.7558e-289
0.275,2.5831e-268
0.28,1.5956e-249
0.285,2.4308e-232
0.29,1.3265e-216
0.295,3.6073e-202
0.3,6.5497e-189
0.305,1.0295e-176
0.31,1.7654e-165
0.315,4.0583e-155
0.32,1.5034e-145
0.325,1.0582e-136
0.33,1.6403e-128
0.335,6.3934e-121
0.34,7.0591e-114
0.345,2.4582e-107
0.35,2.9743e-101
0.355,1.3648e-095
0.36,2.5707e-090
0.365,2.1355e-085
0.37,8.3498e-081
0.375,1.6302e-076
0.38,1.6773e-072
0.385,9.5498e-069
0.39,3.1466e-065
0.395,6.2499e-062
0.4,7.7673e-059
0.405,6.2497e-056
0.41,3.3591e-053
0.415,1.2411e-050
0.42,3.2364e-048
0.425,6.1021e-046
0.43,8.5063e-044
0.435,8.9485e-042
0.44,7.2395e-040
0.445,4.5835e-038
0.45,2.3078e-036
0.455,9.3795e-035
0.46,3.1198e-033
0.465,8.6014e-032
0.47,1.989e-030
0.475,3.9003e-029
0.48,6.5518e-028
0.485,9.5177e-027
0.49,1.2062e-025
0.495,1.3446e-024
0.5,1.3283e-023
0.505,1.1714e-022
0.51,9.2808e-022
0.515,6.6479e-021
0.52,4.3298e-020
0.525,2.5781e-019
0.53,1.4104e-018
0.535,7.1223e-018
0.54,3.3349e-017
0.545,1.4538e-016
0.55,5.9231e-016
0.555,2.2636e-015
0.56,8.1424e-015
0.565,2.7655e-014
0.57,8.8952e-014
0.575,2.7173e-013
0.58,7.9045e-013
0.585,2.195e-012
0.59,5.8324e-012
0.595,1.4862e-011
0.6,3.6392e-011
0.605,8.5804e-011
0.61,1.9515e-010
0.615,4.2893e-010
0.62,9.125e-010
0.625,1.882e-009
0.63,3.7684e-009
0.635,7.3361e-009
0.64,1.3903e-008
0.645,2.5684e-008
0.65,4.6302e-008
0.655,8.1548e-008
0.66,1.4047e-007
0.665,2.3688e-007
0.67,3.9143e-007
0.675,6.3443e-007
0.68,1.0094e-006
0.685,1.5778e-006
0.69,2.425e-006
0.695,3.6671e-006
0.7,5.4601e-006
0.705,8.0103e-006
0.71,1.1586e-005
0.715,1.6531e-005
0.72,2.3282e-005
0.725,3.2384e-005
0.73,4.4509e-005
0.735,6.0475e-005
0.74,8.1272e-005
0.745,0.00010808
0.75,0.00014227
0.755,0.00018548
0.76,0.00023958
0.765,0.00030669
0.77,0.00038926
0.775,0.00049
0.78,0.00061195
0.785,0.00075846
0.79,0.0009332
0.795,0.0011402
0.8,0.0013837
0.805,0.0016683
0.81,0.001999
0.815,0.002381
0.82,0.0028196
0.825,0.0033204
0.83,0.0038895
0.835,0.0045326
0.84,0.0052561
0.845,0.006066
0.85,0.0069687
0.855,0.0079705
0.86,0.0090775
0.865,0.010296
0.87,0.011632
0.875,0.013091
0.88,0.01468
0.885,0.016403
0.89,0.018267
0.895,0.020275
0.9,0.022433
0.905,0.024744
0.91,0.027214
0.915,0.029845
0.92,0.03264
0.925,0.035603
0.93,0.038736
0.935,0.042041
0.94,0.045519
0.945,0.049172
0.95,0.052999
0.955,0.057002
0.96,0.06118
0.965,0.065533
0.97,0.070059
0.975,0.074758
0.98,0.079627
0.985,0.084664
0.99,0.089867
0.995,0.095233
1,0.10076
1.005,0.10644
1.01,0.11228
1.015,0.11826
1.02,0.12438
1.025,0.13065
1.03,0.13705
1.035,0.14358
1.04,0.15023
1.045,0.157
1.05,0.16388
1.055,0.17086
1.06,0.17795
1.065,0.18513
1.07,0.19239
1.075,0.19973
1.08,0.20714
1.085,0.21462
1.09,0.22216
1.095,0.22974
1.1,0.23736
1.105,0.24502
1.11,0.2527
1.115,0.2604
1.12,0.26811
1.125,0.27581
1.13,0.28351
1.135,0.29119
1.14,0.29885
1.145,0.30647
1.15,0.31404
1.155,0.32156
1.16,0.32902
1.165,0.33641
1.17,0.34371
1.175,0.35093
1.18,0.35805
1.185,0.36506
1.19,0.37195
1.195,0.37871
1.2,0.38534
1.205,0.39183
1.21,0.39816
1.215,0.40433
1.22,0.41033
1.225,0.41615
1.23,0.42179
1.235,0.42723
1.24,0.43247
1.245,0.4375
1.25,0.44231
1.255,0.4469
1.26,0.45126
1.265,0.45538
1.27,0.45927
1.275,0.4629
1.28,0.46629
1.285,0.46941
1.29,0.47228
1.295,0.47489
1.3,0.47723
1.305,0.4793
1.31,0.4811
1.315,0.48262
1.32,0.48388
1.325,0.48486
1.33,0.48556
1.335,0.486
1.34,0.48616
1.345,0.48605
1.35,0.48568
1.355,0.48503
1.36,0.48413
1.365,0.48297
1.37,0.48155
1.375,0.47989
1.38,0.47798
1.385,0.47583
1.39,0.47346
1.395,0.47085
1.4,0.46802
1.405,0.46498
1.41,0.46174
1.415,0.4583
1.42,0.45467
1.425,0.45086
1.43,0.44687
1.435,0.44272
1.44,0.43841
1.445,0.43396
1.45,0.42936
1.455,0.42464
1.46,0.4198
1.465,0.41484
1.47,0.40978
1.475,0.40463
1.48,0.39939
1.485,0.39407
1.49,0.38869
1.495,0.38324
1.5,0.37775
1.505,0.37221
1.51,0.36663
1.515,0.36103
1.52,0.3554
1.525,0.34977
1.53,0.34412
1.535,0.33848
1.54,0.33284
1.545,0.32721
1.55,0.3216
1.555,0.31602
1.56,0.31047
1.565,0.30495
1.57,0.29947
1.575,0.29403
1.58,0.28864
1.585,0.2833
1.59,0.27802
1.595,0.2728
1.6,0.26764
1.605,0.26254
1.61,0.25751
1.615,0.25255
1.62,0.24766
1.625,0.24284
1.63,0.2381
1.635,0.23344
1.64,0.22885
1.645,0.22434
1.65,0.21991
1.655,0.21557
1.66,0.2113
1.665,0.20711
1.67,0.20301
1.675,0.19898
1.68,0.19504
1.685,0.19117
1.69,0.18739
1.695,0.18369
1.7,0.18006
1.705,0.17652
1.71,0.17305
1.715,0.16966
1.72,0.16635
1.725,0.16311
1.73,0.15995
1.735,0.15686
1.74,0.15384
1.745,0.15089
1.75,0.14802
1.755,0.14521
1.76,0.14247
1.765,0.13979
1.77,0.13718
1.775,0.13463
1.78,0.13215
1.785,0.12972
1.79,0.12736
1.795,0.12505
1.8,0.1228
1.805,0.12061
1.81,0.11847
1.815,0.11638
1.82,0.11435
1.825,0.11236
1.83,0.11043
1.835,0.10854
1.84,0.1067
1.845,0.10491
1.85,0.10316
1.855,0.10145
1.86,0.099782
1.865,0.098157
1.87,0.096571
1.875,0.095025
1.88,0.093516
1.885,0.092043
1.89,0.090606
1.895,0.089203
1.9,0.087834
1.905,0.086497
1.91,0.085192
1.915,0.083917
1.92,0.082673
1.925,0.081457
1.93,0.080269
1.935,0.079109
1.94,0.077975
1.945,0.076866
1.95,0.075783
1.955,0.074723
1.96,0.073687
1.965,0.072674
1.97,0.071683
1.975,0.070714
1.98,0.069765
1.985,0.068836
1.99,0.067927
1.995,0.067037
2,0.066165
2.005,0.065311
2.01,0.064475
2.015,0.063655
2.02,0.062852
2.025,0.062064
2.03,0.061292
2.035,0.060535
2.04,0.059792
2.045,0.059064
2.05,0.058349
2.055,0.057647
2.06,0.056959
2.065,0.056283
2.07,0.055619
2.075,0.054966
2.08,0.054326
2.085,0.053696
2.09,0.053078
2.095,0.052469
2.1,0.051872
2.105,0.051284
2.11,0.050706
2.115,0.050137
2.12,0.049578
2.125,0.049027
2.13,0.048485
2.135,0.047952
2.14,0.047427
2.145,0.04691
2.15,0.046401
2.155,0.0459
2.16,0.045406
2.165,0.04492
2.17,0.04444
2.175,0.043968
2.18,0.043502
2.185,0.043043
2.19,0.042591
2.195,0.042144
2.2,0.041704
2.205,0.041271
2.21,0.040842
2.215,0.04042
2.22,0.040004
2.225,0.039593
2.23,0.039187
2.235,0.038787
2.24,0.038392
2.245,0.038002
2.25,0.037617
2.255,0.037237
2.26,0.036861
2.265,0.036491
2.27,0.036125
2.275,0.035763
2.28,0.035406
2.285,0.035054
2.29,0.034706
2.295,0.034362
2.3,0.034022
2.305,0.033686
2.31,0.033354
2.315,0.033026
2.32,0.032702
2.325,0.032382
2.33,0.032066
2.335,0.031753
2.34,0.031444
2.345,0.031139
2.35,0.030837
2.355,0.030538
2.36,0.030243
2.365,0.029952
2.37,0.029663
2.375,0.029378
2.38,0.029096
2.385,0.028817
2.39,0.028542
2.395,0.028269
2.4,0.028
2.405,0.027733
2.41,0.02747
2.415,0.027209
2.42,0.026952
2.425,0.026697
2.43,0.026445
2.435,0.026195
2.44,0.025949
2.445,0.025705
2.45,0.025464
2.455,0.025225
2.46,0.024989
2.465,0.024756
2.47,0.024525
2.475,0.024296
2.48,0.024071
2.485,0.023847
2.49,0.023626
2.495,0.023407
2.5,0.023191
2.505,0.022977
2.51,0.022765
2.515,0.022555
2.52,0.022348
2.525,0.022143
2.53,0.02194
2.535,0.021739
2.54,0.02154
2.545,0.021344
2.55,0.021149
2.555,0.020957
2.56,0.020766
2.565,0.020578
2.57,0.020391
2.575,0.020207
2.58,0.020024
2.585,0.019844
2.59,0.019665
2.595,0.019488
2.6,0.019313
2.605,0.01914
2.61,0.018968
2.615,0.018799
2.62,0.018631
2.625,0.018464
2.63,0.0183
2.635,0.018137
2.64,0.017976
2.645,0.017817
2.65,0.017659
2.655,0.017503
2.66,0.017348
2.665,0.017195
2.67,0.017044
2.675,0.016894
2.68,0.016746
2.685,0.016599
2.69,0.016453
2.695,0.01631
2.7,0.016167
2.705,0.016026
2.71,0.015887
2.715,0.015749
2.72,0.015612
2.725,0.015477
2.73,0.015343
2.735,0.01521
2.74,0.015079
2.745,0.014949
2.75,0.01482
2.755,0.014693
2.76,0.014567
2.765,0.014442
2.77,0.014318
2.775,0.014196
2.78,0.014075
2.785,0.013955
2.79,0.013836
2.795,0.013718
2.8,0.013602
2.805,0.013487
2.81,0.013373
2.815,0.01326
2.82,0.013148
2.825,0.013037
2.83,0.012928
2.835,0.012819
2.84,0.012711
2.845,0.012605
2.85,0.0125
2.855,0.012395
2.86,0.012292
2.865,0.012189
2.87,0.012088
2.875,0.011988
2.88,0.011888
2.885,0.01179
2.89,0.011692
2.895,0.011596
2.9,0.0115
2.905,0.011406
2.91,0.011312
2.915,0.011219
2.92,0.011127
2.925,0.011036
2.93,0.010946
2.935,0.010856
2.94,0.010768
2.945,0.01068
2.95,0.010593
2.955,0.010507
2.96,0.010422
2.965,0.010338
2.97,0.010254
2.975,0.010172
2.98,0.01009
2.985,0.010008
2.99,0.0099279
2.995,0.0098483
3,0.0097693
3.005,0.0096912
3.01,0.0096137
3.015,0.009537
3.02,0.009461
3.025,0.0093858
3.03,0.0093112
3.035,0.0092373
3.04,0.0091641
3.045,0.0090916
3.05,0.0090198
3.055,0.0089486
3.06,0.0088781
3.065,0.0088083
3.07,0.0087391
3.075,0.0086705
3.08,0.0086026
3.085,0.0085353
3.09,0.0084686
3.095,0.0084025
3.1,0.0083371
3.105,0.0082722
3.11,0.0082079
3.115,0.0081443
3.12,0.0080812
3.125,0.0080187
3.13,0.0079567
3.135,0.0078953
3.14,0.0078345
3.145,0.0077742
3.15,0.0077145
3.155,0.0076553
3.16,0.0075967
3.165,0.0075386
3.17,0.007481
3.175,0.0074239
3.18,0.0073673
3.185,0.0073113
3.19,0.0072557
3.195,0.0072007
3.2,0.0071461
3.205,0.0070921
3.21,0.0070385
3.215,0.0069854
3.22,0.0069328
3.225,0.0068806
3.23,0.0068289
3.235,0.0067777
3.24,0.0067269
3.245,0.0066765
3.25,0.0066266
3.255,0.0065772
3.26,0.0065282
3.265,0.0064796
3.27,0.0064314
3.275,0.0063837
3.28,0.0063364
3.285,0.0062895
3.29,0.006243
3.295,0.0061969
3.3,0.0061512
3.305,0.006106
3.31,0.0060611
3.315,0.0060166
3.32,0.0059725
3.325,0.0059287
3.33,0.0058854
3.335,0.0058424
3.34,0.0057998
3.345,0.0057576
3.35,0.0057157
3.355,0.0056742
3.36,0.0056331
3.365,0.0055923
3.37,0.0055518
3.375,0.0055117
3.38,0.0054719
3.385,0.0054325
3.39,0.0053934
3.395,0.0053547
3.4,0.0053163
3.405,0.0052782
3.41,0.0052404
3.415,0.005203
3.42,0.0051658
3.425,0.005129
3.43,0.0050925
3.435,0.0050563
3.44,0.0050204
3.445,0.0049848
3.45,0.0049495
3.455,0.0049145
3.46,0.0048798
3.465,0.0048454
3.47,0.0048113
3.475,0.0047775
3.48,0.0047439
3.485,0.0047106
3.49,0.0046776
3.495,0.0046449
3.5,0.0046124
3.505,0.0045803
3.51,0.0045483
3.515,0.0045167
3.52,0.0044853
3.525,0.0044542
3.53,0.0044233
3.535,0.0043926
3.54,0.0043623
3.545,0.0043322
3.55,0.0043023
3.555,0.0042726
3.56,0.0042433
3.565,0.0042141
3.57,0.0041852
3.575,0.0041565
3.58,0.0041281
3.585,0.0040999
3.59,0.0040719
3.595,0.0040441
3.6,0.0040166
3.605,0.0039893
3.61,0.0039622
3.615,0.0039353
3.62,0.0039087
3.625,0.0038822
3.63,0.003856
3.635,0.00383
3.64,0.0038042
3.645,0.0037786
3.65,0.0037532
3.655,0.003728
3.66,0.003703
3.665,0.0036782
3.67,0.0036536
3.675,0.0036292
3.68,0.003605
3.685,0.003581
3.69,0.0035572
3.695,0.0035335
3.7,0.0035101
3.705,0.0034868
3.71,0.0034638
3.715,0.0034409
3.72,0.0034181
3.725,0.0033956
3.73,0.0033732
3.735,0.003351
3.74,0.003329
3.745,0.0033072
3.75,0.0032855
3.755,0.003264
3.76,0.0032427
3.765,0.0032215
3.77,0.0032005
3.775,0.0031797
3.78,0.003159
3.785,0.0031385
3.79,0.0031181
3.795,0.0030979
3.8,0.0030778
3.805,0.0030579
3.81,0.0030382
3.815,0.0030186
3.82,0.0029992
3.825,0.0029799
3.83,0.0029607
3.835,0.0029417
3.84,0.0029229
3.845,0.0029042
3.85,0.0028856
3.855,0.0028672
3.86,0.0028489
3.865,0.0028308
3.87,0.0028128
3.875,0.0027949
3.88,0.0027771
3.885,0.0027595
3.89,0.0027421
3.895,0.0027247
3.9,0.0027075
3.905,0.0026905
3.91,0.0026735
3.915,0.0026567
3.92,0.00264
3.925,0.0026234
3.93,0.002607
3.935,0.0025906
3.94,0.0025744
3.945,0.0025584
3.95,0.0025424
3.955,0.0025266
3.96,0.0025108
3.965,0.0024952
3.97,0.0024797
3.975,0.0024643
3.98,0.0024491
3.985,0.0024339
3.99,0.0024189
3.995,0.002404
4,0.0023891
4.005,0.0023744
4.01,0.0023598
4.015,0.0023453
4.02,0.0023309
4.025,0.0023167
4.03,0.0023025
4.035,0.0022884
4.04,0.0022744
4.045,0.0022605
4.05,0.0022468
4.055,0.0022331
4.06,0.0022195
4.065,0.0022061
4.07,0.0021927
4.075,0.0021794
4.08,0.0021662
4.085,0.0021531
4.09,0.0021401
4.095,0.0021272
4.1,0.0021144
4.105,0.0021017
4.11,0.0020891
4.115,0.0020765
4.12,0.0020641
4.125,0.0020517
4.13,0.0020395
4.135,0.0020273
4.14,0.0020152
4.145,0.0020032
4.15,0.0019913
4.155,0.0019794
4.16,0.0019677
4.165,0.001956
4.17,0.0019444
4.175,0.0019329
4.18,0.0019215
4.185,0.0019101
4.19,0.0018989
4.195,0.0018877
4.2,0.0018766
4.205,0.0018656
4.21,0.0018546
4.215,0.0018437
4.22,0.0018329
4.225,0.0018222
4.23,0.0018116
4.235,0.001801
4.24,0.0017905
4.245,0.0017801
4.25,0.0017697
4.255,0.0017594
4.26,0.0017492
4.265,0.0017391
4.27,0.001729
4.275,0.001719
4.28,0.0017091
4.285,0.0016992
4.29,0.0016894
4.295,0.0016797
4.3,0.00167
4.305,0.0016604
4.31,0.0016509
4.315,0.0016414
4.32,0.001632
4.325,0.0016227
4.33,0.0016134
4.335,0.0016042
4.34,0.0015951
4.345,0.001586
4.35,0.001577
4.355,0.001568
4.36,0.0015591
4.365,0.0015503
4.37,0.0015415
4.375,0.0015328
4.38,0.0015241
4.385,0.0015155
4.39,0.0015069
4.395,0.0014985
4.4,0.00149
4.405,0.0014817
4.41,0.0014733
4.415,0.0014651
4.42,0.0014569
4.425,0.0014487
4.43,0.0014406
4.435,0.0014326
4.44,0.0014246
4.445,0.0014167
4.45,0.0014088
4.455,0.0014009
4.46,0.0013932
4.465,0.0013854
4.47,0.0013778
4.475,0.0013701
4.48,0.0013626
4.485,0.001355
4.49,0.0013476
4.495,0.0013401
4.5,0.0013328
4.505,0.0013254
4.51,0.0013182
4.515,0.0013109
4.52,0.0013037
4.525,0.0012966
4.53,0.0012895
4.535,0.0012825
4.54,0.0012755
4.545,0.0012685
4.55,0.0012616
4.555,0.0012547
4.56,0.0012479
4.565,0.0012411
4.57,0.0012344
4.575,0.0012277
4.58,0.0012211
4.585,0.0012145
4.59,0.0012079
4.595,0.0012014
4.6,0.0011949
4.605,0.0011885
4.61,0.0011821
4.615,0.0011758
4.62,0.0011695
4.625,0.0011632
4.63,0.001157
4.635,0.0011508
4.64,0.0011446
4.645,0.0011385
4.65,0.0011324
4.655,0.0011264
4.66,0.0011204
4.665,0.0011145
4.67,0.0011085
4.675,0.0011027
4.68,0.0010968
4.685,0.001091
4.69,0.0010852
4.695,0.0010795
4.7,0.0010738
4.705,0.0010682
4.71,0.0010625
4.715,0.0010569
4.72,0.0010514
4.725,0.0010459
4.73,0.0010404
4.735,0.0010349
4.74,0.0010295
4.745,0.0010241
4.75,0.0010188
4.755,0.0010135
4.76,0.0010082
4.765,0.0010029
4.77,0.00099772
4.775,0.00099253
4.78,0.00098738
4.785,0.00098226
4.79,0.00097717
4.795,0.00097212
4.8,0.00096709
4.805,0.0009621
4.81,0.00095713
4.815,0.0009522
4.82,0.0009473
4.825,0.00094243
4.83,0.00093758
4.835,0.00093277
4.84,0.00092799
4.845,0.00092323
4.85,0.00091851
4.855,0.00091381
4.86,0.00090915
4.865,0.00090451
4.87,0.0008999
4.875,0.00089532
4.88,0.00089076
4.885,0.00088623
4.89,0.00088174
4.895,0.00087726
4.9,0.00087282
4.905,0.0008684
4.91,0.00086401
4.915,0.00085965
4.92,0.00085531
4.925,0.000851
4.93,0.00084671
4.935,0.00084245
4.94,0.00083822
4.945,0.00083401
4.95,0.00082982
4.955,0.00082566
4.96,0.00082153
4.965,0.00081742
4.97,0.00081334
4.975,0.00080928
4.98,0.00080524
4.985,0.00080123
4.99,0.00079724
4.995,0.00079328
5,0.00078934
5.005,0.00078542
5.01,0.00078153
5.015,0.00077766
5.02,0.00077381
5.025,0.00076998
5.03,0.00076618
5.035,0.0007624
5.04,0.00075864
5.045,0.00075491
5.05,0.0007512
5.055,0.0007475
5.06,0.00074383
5.065,0.00074019
5.07,0.00073656
5.075,0.00073295
5.08,0.00072937
5.085,0.0007258
5.09,0.00072226
5.095,0.00071874
5.1,0.00071524
5.105,0.00071176
5.11,0.0007083
5.115,0.00070486
5.12,0.00070144
5.125,0.00069803
5.13,0.00069465
5.135,0.00069129
5.14,0.00068795
5.145,0.00068463
5.15,0.00068132
5.155,0.00067804
5.16,0.00067477
5.165,0.00067153
5.17,0.0006683
5.175,0.00066509
5.18,0.0006619
5.185,0.00065873
5.19,0.00065557
5.195,0.00065243
5.2,0.00064932
5.205,0.00064622
5.21,0.00064313
5.215,0.00064007
5.22,0.00063702
5.225,0.00063399
5.23,0.00063098
5.235,0.00062798
5.24,0.000625
5.245,0.00062204
5.25,0.00061909
5.255,0.00061616
5.26,0.00061325
5.265,0.00061036
5.27,0.00060748
5.275,0.00060461
5.28,0.00060177
5.285,0.00059894
5.29,0.00059612
5.295,0.00059332
5.3,0.00059054
5.305,0.00058777
5.31,0.00058502
5.315,0.00058228
5.32,0.00057956
5.325,0.00057686
5.33,0.00057416
5.335,0.00057149
5.34,0.00056883
5.345,0.00056618
5.35,0.00056355
5.355,0.00056093
5.36,0.00055833
5.365,0.00055574
5.37,0.00055317
5.375,0.00055061
5.38,0.00054806
5.385,0.00054553
5.39,0.00054302
5.395,0.00054051
5.4,0.00053802
5.405,0.00053555
5.41,0.00053309
5.415,0.00053064
5.42,0.0005282
5.425,0.00052578
5.43,0.00052337
5.435,0.00052098
5.44,0.00051859
5.445,0.00051623
5.45,0.00051387
5.455,0.00051153
5.46,0.0005092
5.465,0.00050688
5.47,0.00050457
5.475,0.00050228
5.48,0.0005
5.485,0.00049773
5.49,0.00049548
5.495,0.00049323
5.5,0.000491
5.505,0.00048879
5.51,0.00048658
5.515,0.00048438
5.52,0.0004822
5.525,0.00048003
5.53,0.00047787
5.535,0.00047572
5.54,0.00047359
5.545,0.00047146
5.55,0.00046935
5.555,0.00046724
5.56,0.00046515
5.565,0.00046307
5.57,0.00046101
5.575,0.00045895
5.58,0.0004569
5.585,0.00045487
5.59,0.00045284
5.595,0.00045083
5.6,0.00044882
5.605,0.00044683
5.61,0.00044485
5.615,0.00044288
5.62,0.00044092
5.625,0.00043897
5.63,0.00043703
5.635,0.0004351
5.64,0.00043318
5.645,0.00043127
5.65,0.00042937
5.655,0.00042748
5.66,0.0004256
5.665,0.00042373
5.67,0.00042187
5.675,0.00042002
5.68,0.00041818
5.685,0.00041635
5.69,0.00041453
5.695,0.00041271
5.7,0.00041091
5.705,0.00040912
5.71,0.00040734
5.715,0.00040556
5.72,0.0004038
5.725,0.00040204
5.73,0.0004003
5.735,0.00039856
5.74,0.00039683
5.745,0.00039511
5.75,0.0003934
5.755,0.0003917
5.76,0.00039001
5.765,0.00038832
5.77,0.00038665
5.775,0.00038498
5.78,0.00038332
5.785,0.00038167
5.79,0.00038003
5.795,0.0003784
5.8,0.00037678
5.805,0.00037516
5.81,0.00037355
5.815,0.00037195
5.82,0.00037036
5.825,0.00036878
5.83,0.0003672
5.835,0.00036564
5.84,0.00036408
5.845,0.00036253
5.85,0.00036099
5.855,0.00035945
5.86,0.00035792
5.865,0.0003564
5.87,0.00035489
5.875,0.00035339
5.88,0.00035189
5.885,0.0003504
5.89,0.00034892
5.895,0.00034745
5.9,0.00034598
5.905,0.00034452
5.91,0.00034307
5.915,0.00034163
5.92,0.00034019
5.925,0.00033876
5.93,0.00033734
5.935,0.00033592
5.94,0.00033451
5.945,0.00033311
5.95,0.00033172
5.955,0.00033033
5.96,0.00032895
5.965,0.00032758
5.97,0.00032621
5.975,0.00032485
5.98,0.0003235
5.985,0.00032215
5.99,0.00032081
5.995,0.00031948
6,0.00031816
6.005,0.00031684
6.01,0.00031552
6.015,0.00031422
6.02,0.00031292
6.025,0.00031162
6.03,0.00031034
6.035,0.00030906
6.04,0.00030778
6.045,0.00030651
6.05,0.00030525
6.055,0.000304
6.06,0.00030275
6.065,0.0003015
6.07,0.00030027
6.075,0.00029904
6.08,0.00029781
6.085,0.00029659
6.09,0.00029538
6.095,0.00029417
6.1,0.00029297
6.105,0.00029177
6.11,0.00029059
6.115,0.0002894
6.12,0.00028822
6.125,0.00028705
6.13,0.00028589
6.135,0.00028472
6.14,0.00028357
6.145,0.00028242
6.15,0.00028128
6.155,0.00028014
6.16,0.000279
6.165,0.00027788
6.17,0.00027676
6.175,0.00027564
6.18,0.00027453
6.185,0.00027342
6.19,0.00027232
6.195,0.00027123
6.2,0.00027014
6.205,0.00026905
6.21,0.00026797
6.215,0.0002669
6.22,0.00026583
6.225,0.00026477
6.23,0.00026371
6.235,0.00026265
6.24,0.00026161
6.245,0.00026056
6.25,0.00025952
6.255,0.00025849
6.26,0.00025746
6.265,0.00025644
6.27,0.00025542
6.275,0.0002544
6.28,0.00025339
