0,0
0.005,0
0.01,0
0.015,0
0.02,0
0.025,0
0.03,0
0.035,0
0.04,0
0.045,0
0.05,0
0.055,0
0.06,0
0.065,0
0.07,0
0.075,0
0.08,0
0.085,0
0.09,0
0.095,0
0.1,0
0.105,0
0.11,0
0.115,0
0.12,0
0.125,0
0.13,0
0.135,0
0.14,0
0.145,0
0.15,0
0.155,0
0.16,0
0.165,0
0.17,0
0.175,0
0.18,0
0.185,0
0.19,0
0.195,0
0.2,0
0.205,0
0.21,0
0.215,0
0.22,0
0.225,0
0.23,0
0.235,0
0.24,0
0.245,0
0.25,0
0.255,0
0.26,0
0.265,0
0.27,0
0.275,0
0.28,0
0.285,0
0.29,0
0.295,0
0.3,0
0.305,0
0.31,0
0.315,0
0.32,0
0.325,0
0.33,0
0.335,0
0.34,0
0.345,0
0.35,0
0.355,0
0.36,0
0.365,0
0.37,0
0.375,0
0.38,0
0.385,0
0.39,0
0.395,0
0.4,0
0.405,0
0.41,0
0.415,0
0.42,0
0.425,0
0.43,0
0.435,0
0.44,0
0.445,0
0.45,7.2364e-314
0.455,2.6437e-300
0.46,1.8153e-287
0.465,2.6049e-275
0.47,8.6197e-264
0.475,7.2052e-253
0.48,1.6559e-242
0.485,1.1319e-232
0.49,2.4758e-223
0.495,1.8549e-214
0.5,5.0715e-206
0.505,5.3676e-198
0.51,2.3236e-190
0.515,4.3306e-183
0.52,3.6457e-176
0.525,1.4498e-169
0.53,2.8398e-163
0.535,2.8495e-157
0.54,1.5193e-151
0.545,4.4548e-146
0.55,7.4185e-141
0.555,7.231e-136
0.56,4.2441e-131
0.565,1.5403e-126
0.57,3.5444e-122
0.575,5.2937e-118
0.58,5.2464e-114
0.585,3.5225e-110
0.59,1.634e-106
0.595,5.3338e-103
0.6,1.2467e-99
0.605,2.1209e-96
0.61,2.6671e-93
0.615,2.5155e-90
0.62,1.8041e-87
0.625,9.9679e-85
0.63,4.2951e-82
0.635,1.4602e-79
0.64,3.9601e-77
0.645,8.657e-75
0.65,1.5405e-72
0.655,2.2524e-70
0.66,2.7299e-68
0.665,2.7657e-66
0.67,2.3609e-64
0.675,1.711e-62
0.68,1.0602e-60
0.685,5.6556e-59
0.69,2.614e-57
0.695,1.0533e-55
0.7,3.7212e-54
0.705,1.1592e-52
0.71,3.201e-51
0.715,7.8741e-50
0.72,1.7337e-48
0.725,3.4325e-47
0.73,6.1371e-46
0.735,9.9502e-45
0.74,1.4687e-43
0.745,1.9809e-42
0.75,2.4502e-41
0.755,2.7889e-40
0.76,2.9306e-39
0.765,2.8519e-38
0.77,2.5778e-37
0.775,2.1703e-36
0.78,1.7066e-35
0.785,1.2567e-34
0.79,8.6868e-34
0.795,5.6501e-33
0.8,3.4659e-32
0.805,2.0094e-31
0.81,1.1033e-30
0.815,5.7493e-30
0.82,2.8485e-29
0.825,1.3442e-28
0.83,6.0531e-28
0.835,2.6052e-27
0.84,1.0734e-26
0.845,4.2404e-26
0.85,1.6085e-25
0.855,5.8669e-25
0.86,2.0605e-24
0.865,6.977e-24
0.87,2.2806e-23
0.875,7.205e-23
0.88,2.2025e-22
0.885,6.5223e-22
0.89,1.8729e-21
0.895,5.2208e-21
0.9,1.4141e-20
0.905,3.7252e-20
0.91,9.5532e-20
0.915,2.387e-19
0.92,5.8163e-19
0.925,1.3831e-18
0.93,3.2125e-18
0.935,7.2932e-18
0.94,1.6196e-17
0.945,3.5205e-17
0.95,7.4956e-17
0.955,1.5642e-16
0.96,3.2014e-16
0.965,6.4299e-16
0.97,1.268e-15
0.975,2.4569e-15
0.98,4.6792e-15
0.985,8.7648e-15
0.99,1.6155e-14
0.995,2.9314e-14
1,5.2389e-14
1.005,9.2259e-14
1.01,1.6017e-13
1.015,2.7423e-13
1.02,4.6323e-13
1.025,7.7235e-13
1.03,1.2715e-12
1.035,2.0676e-12
1.04,3.322e-12
1.045,5.2759e-12
1.05,8.2849e-12
1.055,1.2868e-11
1.06,1.9774e-11
1.065,3.0074e-11
1.07,4.5279e-11
1.075,6.7509e-11
1.08,9.9697e-11
1.085,1.4587e-10
1.09,2.1153e-10
1.095,3.0406e-10
1.1,4.3335e-10
1.105,6.1253e-10
1.11,8.5883e-10
1.115,1.1948e-09
1.12,1.6494e-09
1.125,2.2603e-09
1.13,3.075e-09
1.135,4.1541e-09
1.14,5.5734e-09
1.145,7.4279e-09
1.15,9.8353e-09
1.155,1.2941e-08
1.16,1.6922e-08
1.165,2.1995e-08
1.17,2.8422e-08
1.175,3.6518e-08
1.18,4.666e-08
1.185,5.9296e-08
1.19,7.4957e-08
1.195,9.4268e-08
1.2,1.1796e-07
1.205,1.4688e-07
1.21,1.8203e-07
1.215,2.2454e-07
1.22,2.7571e-07
1.225,3.3706e-07
1.23,4.1028e-07
1.235,4.973e-07
1.24,6.0031e-07
1.245,7.2175e-07
1.25,8.6436e-07
1.255,1.0312e-06
1.26,1.2257e-06
1.265,1.4515e-06
1.27,1.7128e-06
1.275,2.0142e-06
1.28,2.3607e-06
1.285,2.7575e-06
1.29,3.2107e-06
1.295,3.7265e-06
1.3,4.3119e-06
1.305,4.9743e-06
1.31,5.7216e-06
1.315,6.5622e-06
1.32,7.5053e-06
1.325,8.5603e-06
1.33,9.7375e-06
1.335,1.1048e-05
1.34,1.2502e-05
1.345,1.4112e-05
1.35,1.5891e-05
1.355,1.7851e-05
1.36,2.0006e-05
1.365,2.237e-05
1.37,2.4958e-05
1.375,2.7784e-05
1.38,3.0864e-05
1.385,3.4214e-05
1.39,3.785e-05
1.395,4.1789e-05
1.4,4.6048e-05
1.405,5.0643e-05
1.41,5.5593e-05
1.415,6.0915e-05
1.42,6.6627e-05
1.425,7.2747e-05
1.43,7.9293e-05
1.435,8.6283e-05
1.44,9.3735e-05
1.445,0.00010167
1.45,0.0001101
1.455,0.00011904
1.46,0.00012852
1.465,0.00013855
1.47,0.00014915
1.475,0.00016033
1.48,0.00017211
1.485,0.00018451
1.49,0.00019754
1.495,0.00021121
1.5,0.00022555
1.505,0.00024056
1.51,0.00025626
1.515,0.00027266
1.52,0.00028977
1.525,0.0003076
1.53,0.00032617
1.535,0.00034548
1.54,0.00036555
1.545,0.00038638
1.55,0.00040797
1.555,0.00043035
1.56,0.00045351
1.565,0.00047746
1.57,0.00050221
1.575,0.00052775
1.58,0.0005541
1.585,0.00058126
1.59,0.00060923
1.595,0.00063801
1.6,0.00066761
1.605,0.00069803
1.61,0.00072926
1.615,0.00076131
1.62,0.00079419
1.625,0.00082788
1.63,0.00086239
1.635,0.00089773
1.64,0.00093388
1.645,0.00097085
1.65,0.0010086
1.655,0.0010473
1.66,0.0010867
1.665,0.0011269
1.67,0.001168
1.675,0.0012099
1.68,0.0012526
1.685,0.0012961
1.69,0.0013405
1.695,0.0013857
1.7,0.0014317
1.705,0.0014786
1.71,0.0015263
1.715,0.0015748
1.72,0.0016242
1.725,0.0016745
1.73,0.0017256
1.735,0.0017776
1.74,0.0018305
1.745,0.0018844
1.75,0.0019391
1.755,0.0019947
1.76,0.0020514
1.765,0.0021089
1.77,0.0021675
1.775,0.0022271
1.78,0.0022877
1.785,0.0023493
1.79,0.0024121
1.795,0.0024759
1.8,0.0025409
1.805,0.002607
1.81,0.0026744
1.815,0.002743
1.82,0.0028129
1.825,0.002884
1.83,0.0029566
1.835,0.0030305
1.84,0.0031059
1.845,0.0031827
1.85,0.0032611
1.855,0.0033411
1.86,0.0034228
1.865,0.0035061
1.87,0.0035912
1.875,0.0036781
1.88,0.0037669
1.885,0.0038576
1.89,0.0039503
1.895,0.0040451
1.9,0.004142
1.905,0.0042412
1.91,0.0043426
1.915,0.0044464
1.92,0.0045525
1.925,0.0046612
1.93,0.0047725
1.935,0.0048864
1.94,0.0050031
1.945,0.0051226
1.95,0.0052449
1.955,0.0053703
1.96,0.0054987
1.965,0.0056302
1.97,0.0057649
1.975,0.0059029
1.98,0.0060443
1.985,0.0061891
1.99,0.0063374
1.995,0.0064893
2,0.0066448
2.005,0.0068041
2.01,0.0069671
2.015,0.007134
2.02,0.0073047
2.025,0.0074793
2.03,0.0076579
2.035,0.0078405
2.04,0.0080271
2.045,0.0082178
2.05,0.0084124
2.055,0.0086112
2.06,0.0088139
2.065,0.0090207
2.07,0.0092315
2.075,0.0094461
2.08,0.0096647
2.085,0.0098871
2.09,0.010113
2.095,0.010343
2.1,0.010576
2.105,0.010813
2.11,0.011052
2.115,0.011295
2.12,0.011541
2.125,0.011789
2.13,0.01204
2.135,0.012292
2.14,0.012547
2.145,0.012804
2.15,0.013061
2.155,0.01332
2.16,0.013579
2.165,0.013839
2.17,0.014098
2.175,0.014357
2.18,0.014615
2.185,0.014872
2.19,0.015127
2.195,0.015379
2.2,0.015629
2.205,0.015876
2.21,0.016118
2.215,0.016357
2.22,0.016591
2.225,0.016819
2.23,0.017042
2.235,0.017258
2.24,0.017468
2.245,0.01767
2.25,0.017864
2.255,0.01805
2.26,0.018227
2.265,0.018395
2.27,0.018553
2.275,0.018701
2.28,0.018838
2.285,0.018965
2.29,0.01908
2.295,0.019183
2.3,0.019275
2.305,0.019354
2.31,0.019421
2.315,0.019475
2.32,0.019517
2.325,0.019546
2.33,0.019562
2.335,0.019565
2.34,0.019555
2.345,0.019532
2.35,0.019497
2.355,0.019449
2.36,0.019388
2.365,0.019316
2.37,0.019231
2.375,0.019134
2.38,0.019026
2.385,0.018907
2.39,0.018777
2.395,0.018637
2.4,0.018487
2.405,0.018328
2.41,0.018159
2.415,0.017982
2.42,0.017797
2.425,0.017604
2.43,0.017405
2.435,0.017198
2.44,0.016986
2.445,0.016768
2.45,0.016546
2.455,0.016319
2.46,0.016088
2.465,0.015853
2.47,0.015615
2.475,0.015376
2.48,0.015134
2.485,0.01489
2.49,0.014646
2.495,0.014401
2.5,0.014155
2.505,0.01391
2.51,0.013665
2.515,0.013421
2.52,0.013179
2.525,0.012938
2.53,0.012698
2.535,0.012461
2.54,0.012227
2.545,0.011994
2.55,0.011765
2.555,0.011539
2.56,0.011316
2.565,0.011096
2.57,0.01088
2.575,0.010667
2.58,0.010458
2.585,0.010253
2.59,0.010052
2.595,0.009855
2.6,0.009662
2.605,0.0094731
2.61,0.0092884
2.615,0.0091077
2.62,0.0089313
2.625,0.008759
2.63,0.0085908
2.635,0.0084268
2.64,0.0082669
2.645,0.0081111
2.65,0.0079593
2.655,0.0078115
2.66,0.0076677
2.665,0.0075277
2.67,0.0073916
2.675,0.0072593
2.68,0.0071306
2.685,0.0070056
2.69,0.0068842
2.695,0.0067663
2.7,0.0066518
2.705,0.0065406
2.71,0.0064327
2.715,0.0063281
2.72,0.0062265
2.725,0.006128
2.73,0.0060324
2.735,0.0059398
2.74,0.0058499
2.745,0.0057628
2.75,0.0056784
2.755,0.0055965
2.76,0.0055171
2.765,0.0054402
2.77,0.0053657
2.775,0.0052934
2.78,0.0052233
2.785,0.0051554
2.79,0.0050896
2.795,0.0050259
2.8,0.004964
2.805,0.0049041
2.81,0.004846
2.815,0.0047896
2.82,0.004735
2.825,0.004682
2.83,0.0046307
2.835,0.0045808
2.84,0.0045325
2.845,0.0044856
2.85,0.00444
2.855,0.0043958
2.86,0.0043529
2.865,0.0043113
2.87,0.0042708
2.875,0.0042315
2.88,0.0041933
2.885,0.0041561
2.89,0.00412
2.895,0.0040849
2.9,0.0040508
2.905,0.0040175
2.91,0.0039852
2.915,0.0039537
2.92,0.003923
2.925,0.003893
2.93,0.0038639
2.935,0.0038354
2.94,0.0038077
2.945,0.0037806
2.95,0.0037542
2.955,0.0037283
2.96,0.0037031
2.965,0.0036784
2.97,0.0036543
2.975,0.0036307
2.98,0.0036076
2.985,0.0035849
2.99,0.0035628
2.995,0.003541
3,0.0035197
3.005,0.0034988
3.01,0.0034782
3.015,0.0034581
3.02,0.0034383
3.025,0.0034188
3.03,0.0033996
3.035,0.0033808
3.04,0.0033623
3.045,0.003344
3.05,0.003326
3.055,0.0033083
3.06,0.0032908
3.065,0.0032736
3.07,0.0032566
3.075,0.0032398
3.08,0.0032232
3.085,0.0032068
3.09,0.0031906
3.095,0.0031746
3.1,0.0031588
3.105,0.0031432
3.11,0.0031277
3.115,0.0031124
3.12,0.0030972
3.125,0.0030821
3.13,0.0030672
3.135,0.0030525
3.14,0.0030378
3.145,0.0030233
3.15,0.0030089
3.155,0.0029947
3.16,0.0029805
3.165,0.0029665
3.17,0.0029525
3.175,0.0029386
3.18,0.0029249
3.185,0.0029112
3.19,0.0028977
3.195,0.0028842
3.2,0.0028708
3.205,0.0028575
3.21,0.0028442
3.215,0.0028311
3.22,0.002818
3.225,0.002805
3.23,0.0027921
3.235,0.0027792
3.24,0.0027665
3.245,0.0027538
3.25,0.0027411
3.255,0.0027285
3.26,0.002716
3.265,0.0027036
3.27,0.0026912
3.275,0.0026788
3.28,0.0026666
3.285,0.0026544
3.29,0.0026422
3.295,0.0026301
3.3,0.0026181
3.305,0.0026061
3.31,0.0025942
3.315,0.0025823
3.32,0.0025705
3.325,0.0025588
3.33,0.0025471
3.335,0.0025354
3.34,0.0025239
3.345,0.0025123
3.35,0.0025008
3.355,0.0024894
3.36,0.002478
3.365,0.0024667
3.37,0.0024554
3.375,0.0024442
3.38,0.002433
3.385,0.0024219
3.39,0.0024108
3.395,0.0023998
3.4,0.0023888
3.405,0.0023779
3.41,0.002367
3.415,0.0023562
3.42,0.0023454
3.425,0.0023347
3.43,0.002324
3.435,0.0023133
3.44,0.0023028
3.445,0.0022922
3.45,0.0022817
3.455,0.0022713
3.46,0.0022609
3.465,0.0022506
3.47,0.0022403
3.475,0.00223
3.48,0.0022198
3.485,0.0022096
3.49,0.0021995
3.495,0.0021895
3.5,0.0021794
3.505,0.0021695
3.51,0.0021595
3.515,0.0021497
3.52,0.0021398
3.525,0.00213
3.53,0.0021203
3.535,0.0021106
3.54,0.002101
3.545,0.0020913
3.55,0.0020818
3.555,0.0020723
3.56,0.0020628
3.565,0.0020534
3.57,0.002044
3.575,0.0020346
3.58,0.0020254
3.585,0.0020161
3.59,0.0020069
3.595,0.0019977
3.6,0.0019886
3.605,0.0019795
3.61,0.0019705
3.615,0.0019615
3.62,0.0019526
3.625,0.0019437
3.63,0.0019348
3.635,0.001926
3.64,0.0019172
3.645,0.0019085
3.65,0.0018998
3.655,0.0018911
3.66,0.0018825
3.665,0.001874
3.67,0.0018654
3.675,0.001857
3.68,0.0018485
3.685,0.0018401
3.69,0.0018318
3.695,0.0018234
3.7,0.0018152
3.705,0.0018069
3.71,0.0017987
3.715,0.0017906
3.72,0.0017824
3.725,0.0017744
3.73,0.0017663
3.735,0.0017583
3.74,0.0017504
3.745,0.0017424
3.75,0.0017346
3.755,0.0017267
3.76,0.0017189
3.765,0.0017111
3.77,0.0017034
3.775,0.0016957
3.78,0.0016881
3.785,0.0016805
3.79,0.0016729
3.795,0.0016653
3.8,0.0016578
3.805,0.0016504
3.81,0.0016429
3.815,0.0016355
3.82,0.0016282
3.825,0.0016209
3.83,0.0016136
3.835,0.0016063
3.84,0.0015991
3.845,0.001592
3.85,0.0015848
3.855,0.0015777
3.86,0.0015706
3.865,0.0015636
3.87,0.0015566
3.875,0.0015497
3.88,0.0015427
3.885,0.0015358
3.89,0.001529
3.895,0.0015221
3.9,0.0015154
3.905,0.0015086
3.91,0.0015019
3.915,0.0014952
3.92,0.0014885
3.925,0.0014819
3.93,0.0014753
3.935,0.0014687
3.94,0.0014622
3.945,0.0014557
3.95,0.0014493
3.955,0.0014428
3.96,0.0014364
3.965,0.0014301
3.97,0.0014238
3.975,0.0014175
3.98,0.0014112
3.985,0.0014049
3.99,0.0013987
3.995,0.0013926
4,0.0013864
4.005,0.0013803
4.01,0.0013742
4.015,0.0013682
4.02,0.0013621
4.025,0.0013562
4.03,0.0013502
4.035,0.0013443
4.04,0.0013384
4.045,0.0013325
4.05,0.0013266
4.055,0.0013208
4.06,0.001315
4.065,0.0013093
4.07,0.0013036
4.075,0.0012979
4.08,0.0012922
4.085,0.0012865
4.09,0.0012809
4.095,0.0012753
4.1,0.0012698
4.105,0.0012643
4.11,0.0012588
4.115,0.0012533
4.12,0.0012478
4.125,0.0012424
4.13,0.001237
4.135,0.0012317
4.14,0.0012263
4.145,0.001221
4.15,0.0012157
4.155,0.0012105
4.16,0.0012052
4.165,0.0012
4.17,0.0011948
4.175,0.0011897
4.18,0.0011845
4.185,0.0011794
4.19,0.0011744
4.195,0.0011693
4.2,0.0011643
4.205,0.0011593
4.21,0.0011543
4.215,0.0011493
4.22,0.0011444
4.225,0.0011395
4.23,0.0011346
4.235,0.0011298
4.24,0.0011249
4.245,0.0011201
4.25,0.0011154
4.255,0.0011106
4.26,0.0011059
4.265,0.0011011
4.27,0.0010965
4.275,0.0010918
4.28,0.0010872
4.285,0.0010825
4.29,0.0010779
4.295,0.0010734
4.3,0.0010688
4.305,0.0010643
4.31,0.0010598
4.315,0.0010553
4.32,0.0010508
4.325,0.0010464
4.33,0.001042
4.335,0.0010376
4.34,0.0010332
4.345,0.0010288
4.35,0.0010245
4.355,0.0010202
4.36,0.0010159
4.365,0.0010117
4.37,0.0010074
4.375,0.0010032
4.38,0.00099898
4.385,0.00099479
4.39,0.00099063
4.395,0.00098649
4.4,0.00098237
4.405,0.00097827
4.41,0.00097418
4.415,0.00097012
4.42,0.00096608
4.425,0.00096206
4.43,0.00095806
4.435,0.00095407
4.44,0.00095011
4.445,0.00094617
4.45,0.00094224
4.455,0.00093834
4.46,0.00093445
4.465,0.00093059
4.47,0.00092674
4.475,0.00092291
4.48,0.0009191
4.485,0.00091531
4.49,0.00091153
4.495,0.00090778
4.5,0.00090404
4.505,0.00090032
4.51,0.00089662
4.515,0.00089294
4.52,0.00088928
4.525,0.00088563
4.53,0.000882
4.535,0.00087839
4.54,0.0008748
4.545,0.00087122
4.55,0.00086766
4.555,0.00086412
4.56,0.0008606
4.565,0.00085709
4.57,0.0008536
4.575,0.00085013
4.58,0.00084667
4.585,0.00084323
4.59,0.00083981
4.595,0.0008364
4.6,0.00083301
4.605,0.00082964
4.61,0.00082628
4.615,0.00082294
4.62,0.00081961
4.625,0.00081631
4.63,0.00081301
4.635,0.00080974
4.64,0.00080647
4.645,0.00080323
4.65,0.0008
4.655,0.00079678
4.66,0.00079358
4.665,0.0007904
4.67,0.00078723
4.675,0.00078408
4.68,0.00078094
4.685,0.00077781
4.69,0.00077471
4.695,0.00077161
4.7,0.00076853
4.705,0.00076547
4.71,0.00076242
4.715,0.00075938
4.72,0.00075636
4.725,0.00075336
4.73,0.00075037
4.735,0.00074739
4.74,0.00074442
4.745,0.00074148
4.75,0.00073854
4.755,0.00073562
4.76,0.00073271
4.765,0.00072982
4.77,0.00072694
4.775,0.00072407
4.78,0.00072122
4.785,0.00071838
4.79,0.00071555
4.795,0.00071274
4.8,0.00070994
4.805,0.00070715
4.81,0.00070438
4.815,0.00070162
4.82,0.00069887
4.825,0.00069614
4.83,0.00069342
4.835,0.00069071
4.84,0.00068801
4.845,0.00068533
4.85,0.00068266
4.855,0.00068
4.86,0.00067736
4.865,0.00067472
4.87,0.0006721
4.875,0.00066949
4.88,0.0006669
4.885,0.00066431
4.89,0.00066174
4.895,0.00065918
4.9,0.00065663
4.905,0.0006541
4.91,0.00065157
4.915,0.00064906
4.92,0.00064656
4.925,0.00064407
4.93,0.00064159
4.935,0.00063913
4.94,0.00063667
4.945,0.00063423
4.95,0.00063179
4.955,0.00062937
4.96,0.00062696
4.965,0.00062456
4.97,0.00062218
4.975,0.0006198
4.98,0.00061744
4.985,0.00061508
4.99,0.00061274
4.995,0.0006104
5,0.00060808
5.005,0.00060577
5.01,0.00060347
5.015,0.00060118
5.02,0.0005989
5.025,0.00059663
5.03,0.00059437
5.035,0.00059212
5.04,0.00058988
5.045,0.00058766
5.05,0.00058544
5.055,0.00058323
5.06,0.00058103
5.065,0.00057884
5.07,0.00057667
5.075,0.0005745
5.08,0.00057234
5.085,0.00057019
5.09,0.00056805
5.095,0.00056593
5.1,0.00056381
5.105,0.0005617
5.11,0.0005596
5.115,0.00055751
5.12,0.00055543
5.125,0.00055336
5.13,0.00055129
5.135,0.00054924
5.14,0.0005472
5.145,0.00054516
5.15,0.00054314
5.155,0.00054112
5.16,0.00053912
5.165,0.00053712
5.17,0.00053513
5.175,0.00053315
5.18,0.00053118
5.185,0.00052922
5.19,0.00052726
5.195,0.00052532
5.2,0.00052338
5.205,0.00052146
5.21,0.00051954
5.215,0.00051763
5.22,0.00051573
5.225,0.00051384
5.23,0.00051195
5.235,0.00051008
5.24,0.00050821
5.245,0.00050635
5.25,0.0005045
5.255,0.00050265
5.26,0.00050082
5.265,0.00049899
5.27,0.00049718
5.275,0.00049537
5.28,0.00049356
5.285,0.00049177
5.29,0.00048998
5.295,0.0004882
5.3,0.00048643
5.305,0.00048467
5.31,0.00048292
5.315,0.00048117
5.32,0.00047943
5.325,0.0004777
5.33,0.00047597
5.335,0.00047426
5.34,0.00047255
5.345,0.00047085
5.35,0.00046915
5.355,0.00046747
5.36,0.00046579
5.365,0.00046411
5.37,0.00046245
5.375,0.00046079
5.38,0.00045914
5.385,0.0004575
5.39,0.00045586
5.395,0.00045424
5.4,0.00045261
5.405,0.000451
5.41,0.00044939
5.415,0.00044779
5.42,0.0004462
5.425,0.00044461
5.43,0.00044303
5.435,0.00044146
5.44,0.00043989
5.445,0.00043833
5.45,0.00043678
5.455,0.00043524
5.46,0.0004337
5.465,0.00043217
5.47,0.00043064
5.475,0.00042912
5.48,0.00042761
5.485,0.0004261
5.49,0.0004246
5.495,0.00042311
5.5,0.00042162
5.505,0.00042014
5.51,0.00041867
5.515,0.0004172
5.52,0.00041574
5.525,0.00041428
5.53,0.00041284
5.535,0.00041139
5.54,0.00040996
5.545,0.00040853
5.55,0.0004071
5.555,0.00040568
5.56,0.00040427
5.565,0.00040287
5.57,0.00040147
5.575,0.00040007
5.58,0.00039868
5.585,0.0003973
5.59,0.00039592
5.595,0.00039455
5.6,0.00039319
5.605,0.00039183
5.61,0.00039048
5.615,0.00038913
5.62,0.00038779
5.625,0.00038645
5.63,0.00038512
5.635,0.0003838
5.64,0.00038248
5.645,0.00038116
5.65,0.00037985
5.655,0.00037855
5.66,0.00037725
5.665,0.00037596
5.67,0.00037468
5.675,0.0003734
5.68,0.00037212
5.685,0.00037085
5.69,0.00036958
5.695,0.00036833
5.7,0.00036707
5.705,0.00036582
5.71,0.00036458
5.715,0.00036334
5.72,0.00036211
5.725,0.00036088
5.73,0.00035965
5.735,0.00035844
5.74,0.00035722
5.745,0.00035601
5.75,0.00035481
5.755,0.00035361
5.76,0.00035242
5.765,0.00035123
5.77,0.00035005
5.775,0.00034887
5.78,0.0003477
5.785,0.00034653
5.79,0.00034536
5.795,0.0003442
5.8,0.00034305
5.805,0.0003419
5.81,0.00034076
5.815,0.00033962
5.82,0.00033848
5.825,0.00033735
5.83,0.00033622
5.835,0.0003351
5.84,0.00033398
5.845,0.00033287
5.85,0.00033176
5.855,0.00033066
5.86,0.00032956
5.865,0.00032847
5.87,0.00032738
5.875,0.00032629
5.88,0.00032521
5.885,0.00032414
5.89,0.00032306
5.895,0.000322
5.9,0.00032093
5.905,0.00031987
5.91,0.00031882
5.915,0.00031777
5.92,0.00031672
5.925,0.00031568
5.93,0.00031464
5.935,0.00031361
5.94,0.00031258
5.945,0.00031155
5.95,0.00031053
5.955,0.00030952
5.96,0.0003085
5.965,0.00030749
5.97,0.00030649
5.975,0.00030549
5.98,0.00030449
5.985,0.0003035
5.99,0.00030251
5.995,0.00030152
6,0.00030054
6.005,0.00029957
6.01,0.00029859
6.015,0.00029762
6.02,0.00029666
6.025,0.0002957
6.03,0.00029474
6.035,0.00029379
6.04,0.00029284
6.045,0.00029189
6.05,0.00029095
6.055,0.00029001
6.06,0.00028907
6.065,0.00028814
6.07,0.00028722
6.075,0.00028629
6.08,0.00028537
6.085,0.00028446
6.09,0.00028354
6.095,0.00028263
6.1,0.00028173
6.105,0.00028083
6.11,0.00027993
6.115,0.00027903
6.12,0.00027814
6.125,0.00027725
6.13,0.00027637
6.135,0.00027549
6.14,0.00027461
6.145,0.00027374
6.15,0.00027286
6.155,0.000272
6.16,0.00027113
6.165,0.00027027
6.17,0.00026942
6.175,0.00026856
6.18,0.00026771
6.185,0.00026686
6.19,0.00026602
6.195,0.00026518
6.2,0.00026434
6.205,0.00026351
6.21,0.00026268
6.215,0.00026185
6.22,0.00026103
6.225,0.00026021
6.23,0.00025939
6.235,0.00025857
6.24,0.00025776
6.245,0.00025695
6.25,0.00025615
6.255,0.00025535
6.26,0.00025455
6.265,0.00025375
6.27,0.00025296
6.275,0.00025217
6.28,0.00025138
