0,0
0.005,0
0.01,0
0.015,0
0.02,0
0.025,0
0.03,0
0.035,0
0.04,0
0.045,0
0.05,0
0.055,0
0.06,0
0.065,0
0.07,0
0.075,0
0.08,0
0.085,0
0.09,0
0.095,0
0.1,0
0.105,0
0.11,0
0.115,0
0.12,0
0.125,0
0.13,0
0.135,0
0.14,0
0.145,0
0.15,0
0.155,0
0.16,0
0.165,0
0.17,0
0.175,0
0.18,0
0.185,0
0.19,0
0.195,0
0.2,0
0.205,0
0.21,0
0.215,0
0.22,0
0.225,0
0.23,0
0.235,0
0.24,0
0.245,0
0.25,0
0.255,0
0.26,0
0.265,0
0.27,0
0.275,0
0.28,0
0.285,0
0.29,0
0.295,0
0.3,0
0.305,0
0.31,4.1278e-315
0.315,1.7858e-295
0.32,2.4403e-277
0.325,1.4385e-260
0.33,4.837e-245
0.335,1.1922e-230
0.34,2.6992e-217
0.345,6.8776e-205
0.35,2.3691e-193
0.355,1.3019e-182
0.36,1.3259e-172
0.365,2.8664e-163
0.37,1.4879e-154
0.375,2.0739e-146
0.38,8.5941e-139
0.385,1.1617e-131
0.39,5.5747e-125
0.395,1.0258e-118
0.4,7.7681e-113
0.405,2.5823e-107
0.41,3.9981e-102
0.415,3.0438e-097
0.42,1.1977e-092
0.425,2.55e-088
0.43,3.0639e-084
0.435,2.1599e-080
0.44,9.2583e-077
0.445,2.4941e-073
0.45,4.3531e-070
0.455,5.0635e-067
0.46,4.0287e-064
0.465,2.2461e-061
0.47,8.9734e-059
0.475,2.6228e-056
0.48,5.7173e-054
0.485,9.4628e-052
0.49,1.2091e-049
0.495,1.2113e-047
0.5,9.6523e-046
0.505,6.2004e-044
0.51,3.2513e-042
0.515,1.4081e-040
0.52,5.0913e-039
0.525,1.5528e-037
0.53,4.0326e-036
0.535,8.9979e-035
0.54,1.7393e-033
0.545,2.9356e-032
0.55,4.3579e-031
0.555,5.7291e-030
0.56,6.7132e-029
0.565,7.0539e-028
0.57,6.6841e-027
0.575,5.7424e-026
0.58,4.4953e-025
0.585,3.2218e-024
0.59,2.1234e-023
0.595,1.2923e-022
0.6,7.2918e-022
0.605,3.8286e-021
0.61,1.8772e-020
0.615,8.6237e-020
0.62,3.7233e-019
0.625,1.5153e-018
0.63,5.8296e-018
0.635,2.1255e-017
0.64,7.3634e-017
0.645,2.4294e-016
0.65,7.6508e-016
0.655,2.3047e-015
0.66,6.6539e-015
0.665,1.8448e-014
0.67,4.9203e-014
0.675,1.2646e-013
0.68,3.1374e-013
0.685,7.5242e-013
0.69,1.747e-012
0.695,3.9324e-012
0.7,8.5928e-012
0.705,1.825e-011
0.71,3.7721e-011
0.715,7.5958e-011
0.72,1.4918e-010
0.725,2.8603e-010
0.73,5.3598e-010
0.735,9.8243e-010
0.74,1.7631e-009
0.745,3.1004e-009
0.75,5.3467e-009
0.755,9.0497e-009
0.76,1.5044e-008
0.765,2.4581e-008
0.77,3.9501e-008
0.775,6.2473e-008
0.78,9.7299e-008
0.785,1.4932e-007
0.79,2.2592e-007
0.795,3.3717e-007
0.8,4.9665e-007
0.805,7.2235e-007
0.81,1.0379e-006
0.815,1.4739e-006
0.82,2.0695e-006
0.825,2.8743e-006
0.83,3.9504e-006
0.835,5.3749e-006
0.84,7.242e-006
0.845,9.6664e-006
0.85,1.2786e-005
0.855,1.6765e-005
0.86,2.1798e-005
0.865,2.8113e-005
0.87,3.5972e-005
0.875,4.5682e-005
0.88,5.759e-005
0.885,7.2092e-005
0.89,8.9631e-005
0.895,0.00011071
0.9,0.00013587
0.905,0.00016573
0.91,0.00020096
0.915,0.00024229
0.92,0.00029049
0.925,0.00034643
0.93,0.00041101
0.935,0.00048518
0.94,0.00056998
0.945,0.00066648
0.95,0.00077579
0.955,0.00089908
0.96,0.0010376
0.965,0.0011925
0.97,0.0013652
0.975,0.0015568
0.98,0.0017689
0.985,0.0020025
0.99,0.0022593
0.995,0.0025404
1,0.0028472
1.005,0.003181
1.01,0.0035432
1.015,0.003935
1.02,0.0043578
1.025,0.0048127
1.03,0.0053009
1.035,0.0058235
1.04,0.0063818
1.045,0.0069766
1.05,0.0076091
1.055,0.0082802
1.06,0.0089908
1.065,0.0097416
1.07,0.010534
1.075,0.011367
1.08,0.012243
1.085,0.013163
1.09,0.014125
1.095,0.015132
1.1,0.016184
1.105,0.01728
1.11,0.018422
1.115,0.019609
1.12,0.020842
1.125,0.022121
1.13,0.023446
1.135,0.024817
1.14,0.026234
1.145,0.027698
1.15,0.029209
1.155,0.030766
1.16,0.032369
1.165,0.034018
1.17,0.035714
1.175,0.037457
1.18,0.039245
1.185,0.041079
1.19,0.04296
1.195,0.044886
1.2,0.046858
1.205,0.048875
1.21,0.050938
1.215,0.053046
1.22,0.055199
1.225,0.057397
1.23,0.059639
1.235,0.061926
1.24,0.064256
1.245,0.066631
1.25,0.069049
1.255,0.07151
1.26,0.074013
1.265,0.076559
1.27,0.079147
1.275,0.081777
1.28,0.084447
1.285,0.087157
1.29,0.089906
1.295,0.092695
1.3,0.095521
1.305,0.098384
1.31,0.10128
1.315,0.10422
1.32,0.10719
1.325,0.11019
1.33,0.11322
1.335,0.11628
1.34,0.11937
1.345,0.12248
1.35,0.12562
1.355,0.12878
1.36,0.13196
1.365,0.13516
1.37,0.13837
1.375,0.1416
1.38,0.14483
1.385,0.14807
1.39,0.15132
1.395,0.15456
1.4,0.15781
1.405,0.16104
1.41,0.16427
1.415,0.16748
1.42,0.17067
1.425,0.17384
1.43,0.17698
1.435,0.18009
1.44,0.18317
1.445,0.1862
1.45,0.18919
1.455,0.19213
1.46,0.19501
1.465,0.19784
1.47,0.2006
1.475,0.20329
1.48,0.2059
1.485,0.20843
1.49,0.21088
1.495,0.21324
1.5,0.21551
1.505,0.21767
1.51,0.21973
1.515,0.22169
1.52,0.22353
1.525,0.22525
1.53,0.22686
1.535,0.22834
1.54,0.22969
1.545,0.23091
1.55,0.232
1.555,0.23295
1.56,0.23377
1.565,0.23444
1.57,0.23498
1.575,0.23537
1.58,0.23561
1.585,0.23572
1.59,0.23568
1.595,0.23549
1.6,0.23517
1.605,0.2347
1.61,0.23409
1.615,0.23334
1.62,0.23246
1.625,0.23144
1.63,0.23029
1.635,0.22901
1.64,0.22761
1.645,0.22608
1.65,0.22444
1.655,0.22269
1.66,0.22082
1.665,0.21886
1.67,0.21679
1.675,0.21463
1.68,0.21238
1.685,0.21005
1.69,0.20764
1.695,0.20516
1.7,0.20261
1.705,0.19999
1.71,0.19733
1.715,0.1946
1.72,0.19184
1.725,0.18903
1.73,0.18619
1.735,0.18332
1.74,0.18043
1.745,0.17751
1.75,0.17458
1.755,0.17164
1.76,0.16869
1.765,0.16575
1.77,0.1628
1.775,0.15986
1.78,0.15693
1.785,0.15402
1.79,0.15112
1.795,0.14825
1.8,0.14539
1.805,0.14257
1.81,0.13977
1.815,0.13701
1.82,0.13427
1.825,0.13158
1.83,0.12892
1.835,0.1263
1.84,0.12372
1.845,0.12118
1.85,0.11869
1.855,0.11624
1.86,0.11383
1.865,0.11147
1.87,0.10916
1.875,0.10689
1.88,0.10467
1.885,0.10249
1.89,0.10037
1.895,0.098286
1.9,0.096253
1.905,0.094267
1.91,0.092327
1.915,0.090434
1.92,0.088586
1.925,0.086784
1.93,0.085026
1.935,0.083312
1.94,0.081642
1.945,0.080015
1.95,0.07843
1.955,0.076887
1.96,0.075384
1.965,0.073921
1.97,0.072497
1.975,0.071111
1.98,0.069763
1.985,0.068451
1.99,0.067175
1.995,0.065934
2,0.064727
2.005,0.063554
2.01,0.062412
2.015,0.061302
2.02,0.060223
2.025,0.059173
2.03,0.058153
2.035,0.057161
2.04,0.056196
2.045,0.055258
2.05,0.054345
2.055,0.053458
2.06,0.052595
2.065,0.051755
2.07,0.050938
2.075,0.050144
2.08,0.049371
2.085,0.048618
2.09,0.047886
2.095,0.047173
2.1,0.046479
2.105,0.045804
2.11,0.045145
2.115,0.044504
2.12,0.04388
2.125,0.043271
2.13,0.042678
2.135,0.0421
2.14,0.041536
2.145,0.040986
2.15,0.040449
2.155,0.039926
2.16,0.039415
2.165,0.038916
2.17,0.038429
2.175,0.037953
2.18,0.037488
2.185,0.037034
2.19,0.036589
2.195,0.036155
2.2,0.03573
2.205,0.035314
2.21,0.034907
2.215,0.034509
2.22,0.034119
2.225,0.033737
2.23,0.033362
2.235,0.032995
2.24,0.032635
2.245,0.032282
2.25,0.031936
2.255,0.031596
2.26,0.031263
2.265,0.030936
2.27,0.030614
2.275,0.030298
2.28,0.029988
2.285,0.029683
2.29,0.029383
2.295,0.029088
2.3,0.028798
2.305,0.028512
2.31,0.028231
2.315,0.027954
2.32,0.027682
2.325,0.027414
2.33,0.02715
2.335,0.026889
2.34,0.026632
2.345,0.026379
2.35,0.02613
2.355,0.025884
2.36,0.025641
2.365,0.025402
2.37,0.025166
2.375,0.024933
2.38,0.024703
2.385,0.024475
2.39,0.024251
2.395,0.02403
2.4,0.023811
2.405,0.023595
2.41,0.023381
2.415,0.02317
2.42,0.022962
2.425,0.022756
2.43,0.022552
2.435,0.022351
2.44,0.022151
2.445,0.021955
2.45,0.02176
2.455,0.021567
2.46,0.021377
2.465,0.021189
2.47,0.021002
2.475,0.020818
2.48,0.020635
2.485,0.020455
2.49,0.020276
2.495,0.0201
2.5,0.019925
2.505,0.019752
2.51,0.01958
2.515,0.019411
2.52,0.019243
2.525,0.019077
2.53,0.018912
2.535,0.018749
2.54,0.018588
2.545,0.018428
2.55,0.01827
2.555,0.018114
2.56,0.017959
2.565,0.017805
2.57,0.017653
2.575,0.017503
2.58,0.017354
2.585,0.017206
2.59,0.01706
2.595,0.016915
2.6,0.016772
2.605,0.01663
2.61,0.016489
2.615,0.01635
2.62,0.016212
2.625,0.016076
2.63,0.01594
2.635,0.015806
2.64,0.015673
2.645,0.015542
2.65,0.015412
2.655,0.015283
2.66,0.015155
2.665,0.015028
2.67,0.014903
2.675,0.014778
2.68,0.014655
2.685,0.014533
2.69,0.014413
2.695,0.014293
2.7,0.014174
2.705,0.014057
2.71,0.013941
2.715,0.013825
2.72,0.013711
2.725,0.013598
2.73,0.013486
2.735,0.013375
2.74,0.013265
2.745,0.013156
2.75,0.013048
2.755,0.012941
2.76,0.012835
2.765,0.01273
2.77,0.012626
2.775,0.012523
2.78,0.012421
2.785,0.01232
2.79,0.01222
2.795,0.01212
2.8,0.012022
2.805,0.011924
2.81,0.011828
2.815,0.011732
2.82,0.011637
2.825,0.011543
2.83,0.01145
2.835,0.011358
2.84,0.011267
2.845,0.011176
2.85,0.011087
2.855,0.010998
2.86,0.01091
2.865,0.010822
2.87,0.010736
2.875,0.01065
2.88,0.010565
2.885,0.010481
2.89,0.010398
2.895,0.010315
2.9,0.010233
2.905,0.010152
2.91,0.010072
2.915,0.0099921
2.92,0.0099132
2.925,0.009835
2.93,0.0097575
2.935,0.0096807
2.94,0.0096046
2.945,0.0095291
2.95,0.0094544
2.955,0.0093803
2.96,0.0093069
2.965,0.0092341
2.97,0.009162
2.975,0.0090906
2.98,0.0090198
2.985,0.0089496
2.99,0.0088801
2.995,0.0088111
3,0.0087428
3.005,0.0086751
3.01,0.008608
3.015,0.0085415
3.02,0.0084756
3.025,0.0084103
3.03,0.0083456
3.035,0.0082814
3.04,0.0082178
3.045,0.0081548
3.05,0.0080923
3.055,0.0080304
3.06,0.007969
3.065,0.0079082
3.07,0.0078479
3.075,0.0077882
3.08,0.0077289
3.085,0.0076702
3.09,0.007612
3.095,0.0075543
3.1,0.0074972
3.105,0.0074405
3.11,0.0073843
3.115,0.0073286
3.12,0.0072734
3.125,0.0072187
3.13,0.0071644
3.135,0.0071107
3.14,0.0070574
3.145,0.0070045
3.15,0.0069522
3.155,0.0069002
3.16,0.0068488
3.165,0.0067977
3.17,0.0067471
3.175,0.006697
3.18,0.0066473
3.185,0.006598
3.19,0.0065491
3.195,0.0065007
3.2,0.0064527
3.205,0.0064051
3.21,0.0063579
3.215,0.0063111
3.22,0.0062647
3.225,0.0062187
3.23,0.0061731
3.235,0.0061278
3.24,0.006083
3.245,0.0060386
3.25,0.0059945
3.255,0.0059508
3.26,0.0059075
3.265,0.0058645
3.27,0.0058219
3.275,0.0057797
3.28,0.0057378
3.285,0.0056963
3.29,0.0056552
3.295,0.0056143
3.3,0.0055739
3.305,0.0055337
3.31,0.0054939
3.315,0.0054545
3.32,0.0054153
3.325,0.0053765
3.33,0.0053381
3.335,0.0052999
3.34,0.0052621
3.345,0.0052245
3.35,0.0051873
3.355,0.0051504
3.36,0.0051138
3.365,0.0050776
3.37,0.0050416
3.375,0.0050059
3.38,0.0049705
3.385,0.0049354
3.39,0.0049006
3.395,0.0048661
3.4,0.0048318
3.405,0.0047979
3.41,0.0047642
3.415,0.0047308
3.42,0.0046977
3.425,0.0046648
3.43,0.0046323
3.435,0.0046
3.44,0.0045679
3.445,0.0045361
3.45,0.0045046
3.455,0.0044733
3.46,0.0044423
3.465,0.0044115
3.47,0.004381
3.475,0.0043508
3.48,0.0043207
3.485,0.004291
3.49,0.0042614
3.495,0.0042321
3.5,0.0042031
3.505,0.0041743
3.51,0.0041457
3.515,0.0041173
3.52,0.0040892
3.525,0.0040613
3.53,0.0040336
3.535,0.0040061
3.54,0.0039789
3.545,0.0039518
3.55,0.003925
3.555,0.0038984
3.56,0.0038721
3.565,0.0038459
3.57,0.0038199
3.575,0.0037942
3.58,0.0037686
3.585,0.0037432
3.59,0.0037181
3.595,0.0036931
3.6,0.0036684
3.605,0.0036438
3.61,0.0036195
3.615,0.0035953
3.62,0.0035713
3.625,0.0035475
3.63,0.0035239
3.635,0.0035005
3.64,0.0034772
3.645,0.0034542
3.65,0.0034313
3.655,0.0034086
3.66,0.0033861
3.665,0.0033637
3.67,0.0033416
3.675,0.0033196
3.68,0.0032977
3.685,0.0032761
3.69,0.0032546
3.695,0.0032333
3.7,0.0032121
3.705,0.0031911
3.71,0.0031703
3.715,0.0031496
3.72,0.0031291
3.725,0.0031087
3.73,0.0030885
3.735,0.0030685
3.74,0.0030486
3.745,0.0030289
3.75,0.0030093
3.755,0.0029898
3.76,0.0029705
3.765,0.0029514
3.77,0.0029324
3.775,0.0029135
3.78,0.0028948
3.785,0.0028763
3.79,0.0028578
3.795,0.0028395
3.8,0.0028214
3.805,0.0028034
3.81,0.0027855
3.815,0.0027678
3.82,0.0027502
3.825,0.0027327
3.83,0.0027153
3.835,0.0026981
3.84,0.002681
3.845,0.0026641
3.85,0.0026472
3.855,0.0026305
3.86,0.002614
3.865,0.0025975
3.87,0.0025812
3.875,0.002565
3.88,0.0025489
3.885,0.0025329
3.89,0.002517
3.895,0.0025013
3.9,0.0024857
3.905,0.0024702
3.91,0.0024548
3.915,0.0024395
3.92,0.0024243
3.925,0.0024093
3.93,0.0023944
3.935,0.0023795
3.94,0.0023648
3.945,0.0023502
3.95,0.0023357
3.955,0.0023213
3.96,0.002307
3.965,0.0022928
3.97,0.0022787
3.975,0.0022647
3.98,0.0022508
3.985,0.002237
3.99,0.0022234
3.995,0.0022098
4,0.0021963
4.005,0.0021829
4.01,0.0021696
4.015,0.0021564
4.02,0.0021433
4.025,0.0021303
4.03,0.0021174
4.035,0.0021046
4.04,0.0020918
4.045,0.0020792
4.05,0.0020667
4.055,0.0020542
4.06,0.0020418
4.065,0.0020296
4.07,0.0020174
4.075,0.0020053
4.08,0.0019932
4.085,0.0019813
4.09,0.0019695
4.095,0.0019577
4.1,0.001946
4.105,0.0019344
4.11,0.0019229
4.115,0.0019115
4.12,0.0019001
4.125,0.0018888
4.13,0.0018776
4.135,0.0018665
4.14,0.0018555
4.145,0.0018445
4.15,0.0018336
4.155,0.0018228
4.16,0.0018121
4.165,0.0018014
4.17,0.0017909
4.175,0.0017804
4.18,0.0017699
4.185,0.0017596
4.19,0.0017493
4.195,0.0017391
4.2,0.0017289
4.205,0.0017188
4.21,0.0017088
4.215,0.0016989
4.22,0.001689
4.225,0.0016792
4.23,0.0016695
4.235,0.0016598
4.24,0.0016502
4.245,0.0016407
4.25,0.0016312
4.255,0.0016218
4.26,0.0016125
4.265,0.0016032
4.27,0.001594
4.275,0.0015848
4.28,0.0015757
4.285,0.0015667
4.29,0.0015577
4.295,0.0015488
4.3,0.00154
4.305,0.0015312
4.31,0.0015225
4.315,0.0015138
4.32,0.0015052
4.325,0.0014967
4.33,0.0014882
4.335,0.0014798
4.34,0.0014714
4.345,0.0014631
4.35,0.0014548
4.355,0.0014466
4.36,0.0014384
4.365,0.0014303
4.37,0.0014223
4.375,0.0014143
4.38,0.0014064
4.385,0.0013985
4.39,0.0013907
4.395,0.0013829
4.4,0.0013752
4.405,0.0013675
4.41,0.0013599
4.415,0.0013523
4.42,0.0013448
4.425,0.0013373
4.43,0.0013299
4.435,0.0013225
4.44,0.0013152
4.445,0.0013079
4.45,0.0013007
4.455,0.0012935
4.46,0.0012863
4.465,0.0012792
4.47,0.0012722
4.475,0.0012652
4.48,0.0012583
4.485,0.0012514
4.49,0.0012445
4.495,0.0012377
4.5,0.0012309
4.505,0.0012242
4.51,0.0012175
4.515,0.0012109
4.52,0.0012043
4.525,0.0011977
4.53,0.0011912
4.535,0.0011847
4.54,0.0011783
4.545,0.0011719
4.55,0.0011656
4.555,0.0011593
4.56,0.001153
4.565,0.0011468
4.57,0.0011406
4.575,0.0011345
4.58,0.0011284
4.585,0.0011223
4.59,0.0011163
4.595,0.0011103
4.6,0.0011043
4.605,0.0010984
4.61,0.0010926
4.615,0.0010867
4.62,0.0010809
4.625,0.0010752
4.63,0.0010694
4.635,0.0010637
4.64,0.0010581
4.645,0.0010525
4.65,0.0010469
4.655,0.0010413
4.66,0.0010358
4.665,0.0010304
4.67,0.0010249
4.675,0.0010195
4.68,0.0010141
4.685,0.0010088
4.69,0.0010035
4.695,0.00099822
4.7,0.00099298
4.705,0.00098777
4.71,0.0009826
4.715,0.00097746
4.72,0.00097235
4.725,0.00096727
4.73,0.00096222
4.735,0.00095721
4.74,0.00095222
4.745,0.00094727
4.75,0.00094235
4.755,0.00093745
4.76,0.00093259
4.765,0.00092776
4.77,0.00092296
4.775,0.00091819
4.78,0.00091344
4.785,0.00090873
4.79,0.00090405
4.795,0.00089939
4.8,0.00089476
4.805,0.00089016
4.81,0.00088559
4.815,0.00088105
4.82,0.00087654
4.825,0.00087205
4.83,0.00086759
4.835,0.00086316
4.84,0.00085875
4.845,0.00085437
4.85,0.00085002
4.855,0.0008457
4.86,0.0008414
4.865,0.00083712
4.87,0.00083288
4.875,0.00082865
4.88,0.00082446
4.885,0.00082029
4.89,0.00081614
4.895,0.00081202
4.9,0.00080792
4.905,0.00080385
4.91,0.00079981
4.915,0.00079578
4.92,0.00079179
4.925,0.00078781
4.93,0.00078386
4.935,0.00077993
4.94,0.00077603
4.945,0.00077215
4.95,0.00076829
4.955,0.00076446
4.96,0.00076065
4.965,0.00075686
4.97,0.00075309
4.975,0.00074935
4.98,0.00074563
4.985,0.00074193
4.99,0.00073825
4.995,0.0007346
5,0.00073096
5.005,0.00072735
5.01,0.00072376
5.015,0.00072019
5.02,0.00071664
5.025,0.00071311
5.03,0.00070961
5.035,0.00070612
5.04,0.00070265
5.045,0.00069921
5.05,0.00069578
5.055,0.00069237
5.06,0.00068899
5.065,0.00068562
5.07,0.00068228
5.075,0.00067895
5.08,0.00067564
5.085,0.00067235
5.09,0.00066908
5.095,0.00066583
5.1,0.0006626
5.105,0.00065939
5.11,0.00065619
5.115,0.00065302
5.12,0.00064986
5.125,0.00064672
5.13,0.0006436
5.135,0.0006405
5.14,0.00063741
5.145,0.00063435
5.15,0.0006313
5.155,0.00062826
5.16,0.00062525
5.165,0.00062225
5.17,0.00061927
5.175,0.00061631
5.18,0.00061336
5.185,0.00061043
5.19,0.00060752
5.195,0.00060462
5.2,0.00060174
5.205,0.00059888
5.21,0.00059603
5.215,0.0005932
5.22,0.00059038
5.225,0.00058759
5.23,0.0005848
5.235,0.00058204
5.24,0.00057928
5.245,0.00057655
5.25,0.00057383
5.255,0.00057112
5.26,0.00056843
5.265,0.00056576
5.27,0.0005631
5.275,0.00056045
5.28,0.00055782
5.285,0.0005552
5.29,0.0005526
5.295,0.00055002
5.3,0.00054745
5.305,0.00054489
5.31,0.00054235
5.315,0.00053982
5.32,0.0005373
5.325,0.0005348
5.33,0.00053231
5.335,0.00052984
5.34,0.00052738
5.345,0.00052494
5.35,0.0005225
5.355,0.00052008
5.36,0.00051768
5.365,0.00051529
5.37,0.00051291
5.375,0.00051054
5.38,0.00050819
5.385,0.00050585
5.39,0.00050352
5.395,0.00050121
5.4,0.00049891
5.405,0.00049662
5.41,0.00049434
5.415,0.00049208
5.42,0.00048983
5.425,0.00048759
5.43,0.00048536
5.435,0.00048315
5.44,0.00048094
5.445,0.00047875
5.45,0.00047657
5.455,0.00047441
5.46,0.00047225
5.465,0.00047011
5.47,0.00046798
5.475,0.00046586
5.48,0.00046375
5.485,0.00046165
5.49,0.00045957
5.495,0.00045749
5.5,0.00045543
5.505,0.00045337
5.51,0.00045133
5.515,0.0004493
5.52,0.00044728
5.525,0.00044527
5.53,0.00044328
5.535,0.00044129
5.54,0.00043931
5.545,0.00043735
5.55,0.00043539
5.555,0.00043345
5.56,0.00043151
5.565,0.00042959
5.57,0.00042768
5.575,0.00042577
5.58,0.00042388
5.585,0.00042199
5.59,0.00042012
5.595,0.00041826
5.6,0.0004164
5.605,0.00041456
5.61,0.00041273
5.615,0.0004109
5.62,0.00040909
5.625,0.00040728
5.63,0.00040549
5.635,0.0004037
5.64,0.00040192
5.645,0.00040016
5.65,0.0003984
5.655,0.00039665
5.66,0.00039491
5.665,0.00039318
5.67,0.00039146
5.675,0.00038974
5.68,0.00038804
5.685,0.00038635
5.69,0.00038466
5.695,0.00038298
5.7,0.00038132
5.705,0.00037966
5.71,0.000378
5.715,0.00037636
5.72,0.00037473
5.725,0.0003731
5.73,0.00037149
5.735,0.00036988
5.74,0.00036828
5.745,0.00036669
5.75,0.0003651
5.755,0.00036353
5.76,0.00036196
5.765,0.0003604
5.77,0.00035885
5.775,0.00035731
5.78,0.00035577
5.785,0.00035424
5.79,0.00035272
5.795,0.00035121
5.8,0.00034971
5.805,0.00034821
5.81,0.00034672
5.815,0.00034524
5.82,0.00034377
5.825,0.0003423
5.83,0.00034084
5.835,0.00033939
5.84,0.00033795
5.845,0.00033651
5.85,0.00033508
5.855,0.00033366
5.86,0.00033225
5.865,0.00033084
5.87,0.00032944
5.875,0.00032805
5.88,0.00032666
5.885,0.00032528
5.89,0.00032391
5.895,0.00032254
5.9,0.00032119
5.905,0.00031983
5.91,0.00031849
5.915,0.00031715
5.92,0.00031582
5.925,0.0003145
5.93,0.00031318
5.935,0.00031187
5.94,0.00031056
5.945,0.00030926
5.95,0.00030797
5.955,0.00030669
5.96,0.00030541
5.965,0.00030414
5.97,0.00030287
5.975,0.00030161
5.98,0.00030036
5.985,0.00029911
5.99,0.00029787
5.995,0.00029663
6,0.0002954
6.005,0.00029418
6.01,0.00029297
6.015,0.00029175
6.02,0.00029055
6.025,0.00028935
6.03,0.00028816
6.035,0.00028697
6.04,0.00028579
6.045,0.00028462
6.05,0.00028345
6.055,0.00028228
6.06,0.00028112
6.065,0.00027997
6.07,0.00027883
6.075,0.00027768
6.08,0.00027655
6.085,0.00027542
6.09,0.00027429
6.095,0.00027318
6.1,0.00027206
6.105,0.00027095
6.11,0.00026985
6.115,0.00026875
6.12,0.00026766
6.125,0.00026658
6.13,0.0002655
6.135,0.00026442
6.14,0.00026335
6.145,0.00026228
6.15,0.00026122
6.155,0.00026017
6.16,0.00025912
6.165,0.00025807
6.17,0.00025703
6.175,0.000256
6.18,0.00025497
6.185,0.00025394
6.19,0.00025292
6.195,0.00025191
6.2,0.0002509
6.205,0.00024989
6.21,0.00024889
6.215,0.00024789
6.22,0.0002469
6.225,0.00024592
6.23,0.00024493
6.235,0.00024396
6.24,0.00024298
6.245,0.00024202
6.25,0.00024105
6.255,0.0002401
6.26,0.00023914
6.265,0.00023819
6.27,0.00023725
6.275,0.00023631
6.28,0.00023537
