0,0
0.005,0
0.01,0
0.015,0
0.02,0
0.025,0
0.03,0
0.035,0
0.04,0
0.045,0
0.05,0
0.055,0
0.06,0
0.065,0
0.07,0
0.075,0
0.08,0
0.085,0
0.09,0
0.095,0
0.1,0
0.105,0
0.11,0
0.115,0
0.12,0
0.125,0
0.13,0
0.135,0
0.14,0
0.145,0
0.15,0
0.155,0
0.16,0
0.165,0
0.17,0
0.175,0
0.18,0
0.185,2.5937e-297
0.19,6.1348e-267
0.195,2.5702e-240
0.2,6.6431e-217
0.205,3.0049e-196
0.21,5.7063e-178
0.215,9.5114e-162
0.22,2.5976e-147
0.225,1.9752e-134
0.23,6.5732e-123
0.235,1.4097e-112
0.24,2.7162e-103
0.245,6.2606e-095
0.25,2.2107e-087
0.255,1.4819e-080
0.26,2.2721e-074
0.265,9.3736e-069
0.27,1.1993e-063
0.275,5.3885e-059
0.28,9.4846e-055
0.285,7.2e-051
0.29,2.5661e-047
0.295,4.6284e-044
0.3,4.5154e-041
0.305,2.5277e-038
0.31,8.5569e-036
0.315,1.8359e-033
0.32,2.6029e-031
0.325,2.5318e-029
0.33,1.7471e-027
0.335,8.8153e-026
0.34,3.3414e-024
0.345,9.7495e-023
0.35,2.2386e-021
0.355,4.1259e-020
0.36,6.2152e-019
0.365,7.7775e-018
0.37,8.2055e-017
0.375,7.3974e-016
0.38,5.7687e-015
0.385,3.9348e-014
0.39,2.3715e-013
0.395,1.2747e-012
0.4,6.1623e-012
0.405,2.7003e-011
0.41,1.0801e-010
0.415,3.9698e-010
0.42,1.3486e-009
0.425,4.2582e-009
0.43,1.2559e-008
0.435,3.4764e-008
0.44,9.0693e-008
0.445,2.2389e-007
0.45,5.2489e-007
0.455,1.1726e-006
0.46,2.5042e-006
0.465,5.1266e-006
0.47,1.0088e-005
0.475,1.913e-005
0.48,3.5036e-005
0.485,6.2109e-005
0.49,0.00010678
0.495,0.00017837
0.5,0.00029
0.505,0.00045964
0.51,0.00071127
0.515,0.0010761
0.52,0.0015937
0.525,0.0023136
0.53,0.0032956
0.535,0.0046113
0.54,0.0063444
0.545,0.0085909
0.55,0.011459
0.555,0.015068
0.56,0.019549
0.565,0.025041
0.57,0.03169
0.575,0.039648
0.58,0.049068
0.585,0.060105
0.59,0.072909
0.595,0.087625
0.6,0.10439
0.605,0.12332
0.61,0.14453
0.615,0.16812
0.62,0.19416
0.625,0.2227
0.63,0.25378
0.635,0.28741
0.64,0.32359
0.645,0.36227
0.65,0.40341
0.655,0.44693
0.66,0.49273
0.665,0.54071
0.67,0.59073
0.675,0.64265
0.68,0.69631
0.685,0.75153
0.69,0.80814
0.695,0.86595
0.7,0.92476
0.705,0.98437
0.71,1.0446
0.715,1.1052
0.72,1.166
0.725,1.2269
0.73,1.2875
0.735,1.3478
0.74,1.4076
0.745,1.4666
0.75,1.5248
0.755,1.5819
0.76,1.6378
0.765,1.6924
0.77,1.7456
0.775,1.7972
0.78,1.8471
0.785,1.8953
0.79,1.9417
0.795,1.9861
0.8,2.0286
0.805,2.0691
0.81,2.1075
0.815,2.1438
0.82,2.178
0.825,2.21
0.83,2.2399
0.835,2.2676
0.84,2.2932
0.845,2.3166
0.85,2.3379
0.855,2.3571
0.86,2.3742
0.865,2.3893
0.87,2.4024
0.875,2.4135
0.88,2.4227
0.885,2.43
0.89,2.4355
0.895,2.4391
0.9,2.4411
0.905,2.4414
0.91,2.4401
0.915,2.4372
0.92,2.4328
0.925,2.427
0.93,2.4198
0.935,2.4112
0.94,2.4014
0.945,2.3904
0.95,2.3782
0.955,2.3649
0.96,2.3505
0.965,2.3352
0.97,2.3189
0.975,2.3018
0.98,2.2838
0.985,2.265
0.99,2.2455
0.995,2.2254
1,2.2046
1.005,2.1832
1.01,2.1613
1.015,2.1389
1.02,2.116
1.025,2.0927
1.03,2.069
1.035,2.045
1.04,2.0207
1.045,1.9962
1.05,1.9714
1.055,1.9464
1.06,1.9212
1.065,1.8959
1.07,1.8705
1.075,1.845
1.08,1.8194
1.085,1.7938
1.09,1.7682
1.095,1.7426
1.1,1.7171
1.105,1.6916
1.11,1.6662
1.115,1.6408
1.12,1.6156
1.125,1.5905
1.13,1.5655
1.135,1.5407
1.14,1.5161
1.145,1.4916
1.15,1.4674
1.155,1.4433
1.16,1.4195
1.165,1.3958
1.17,1.3724
1.175,1.3493
1.18,1.3263
1.185,1.3037
1.19,1.2813
1.195,1.2591
1.2,1.2372
1.205,1.2156
1.21,1.1943
1.215,1.1732
1.22,1.1524
1.225,1.1319
1.23,1.1117
1.235,1.0918
1.24,1.0722
1.245,1.0528
1.25,1.0338
1.255,1.015
1.26,0.99651
1.265,0.97832
1.27,0.96042
1.275,0.94281
1.28,0.92548
1.285,0.90845
1.29,0.89169
1.295,0.87522
1.3,0.85903
1.305,0.84312
1.31,0.82748
1.315,0.81212
1.32,0.79703
1.325,0.78221
1.33,0.76765
1.335,0.75336
1.34,0.73933
1.345,0.72555
1.35,0.71204
1.355,0.69877
1.36,0.68575
1.365,0.67297
1.37,0.66044
1.375,0.64814
1.38,0.63608
1.385,0.62425
1.39,0.61265
1.395,0.60128
1.4,0.59012
1.405,0.57918
1.41,0.56846
1.415,0.55795
1.42,0.54764
1.425,0.53754
1.43,0.52764
1.435,0.51794
1.44,0.50843
1.445,0.49911
1.45,0.48997
1.455,0.48102
1.46,0.47225
1.465,0.46366
1.47,0.45524
1.475,0.44699
1.48,0.43891
1.485,0.43099
1.49,0.42323
1.495,0.41563
1.5,0.40819
1.505,0.4009
1.51,0.39375
1.515,0.38675
1.52,0.37989
1.525,0.37318
1.53,0.3666
1.535,0.36015
1.54,0.35384
1.545,0.34765
1.55,0.34159
1.555,0.33566
1.56,0.32984
1.565,0.32414
1.57,0.31856
1.575,0.3131
1.58,0.30774
1.585,0.30249
1.59,0.29735
1.595,0.29232
1.6,0.28738
1.605,0.28255
1.61,0.27781
1.615,0.27317
1.62,0.26862
1.625,0.26416
1.63,0.2598
1.635,0.25552
1.64,0.25132
1.645,0.24721
1.65,0.24318
1.655,0.23924
1.66,0.23537
1.665,0.23157
1.67,0.22786
1.675,0.22421
1.68,0.22064
1.685,0.21714
1.69,0.2137
1.695,0.21034
1.7,0.20704
1.705,0.2038
1.71,0.20062
1.715,0.19751
1.72,0.19446
1.725,0.19147
1.73,0.18853
1.735,0.18565
1.74,0.18283
1.745,0.18005
1.75,0.17734
1.755,0.17467
1.76,0.17205
1.765,0.16948
1.77,0.16697
1.775,0.16449
1.78,0.16207
1.785,0.15969
1.79,0.15735
1.795,0.15505
1.8,0.1528
1.805,0.15059
1.81,0.14842
1.815,0.14629
1.82,0.1442
1.825,0.14215
1.83,0.14013
1.835,0.13815
1.84,0.1362
1.845,0.13429
1.85,0.13241
1.855,0.13057
1.86,0.12876
1.865,0.12698
1.87,0.12523
1.875,0.12351
1.88,0.12183
1.885,0.12017
1.89,0.11854
1.895,0.11693
1.9,0.11536
1.905,0.11381
1.91,0.11229
1.915,0.1108
1.92,0.10932
1.925,0.10788
1.93,0.10646
1.935,0.10506
1.94,0.10368
1.945,0.10233
1.95,0.101
1.955,0.099694
1.96,0.098407
1.965,0.097142
1.97,0.095896
1.975,0.094671
1.98,0.093466
1.985,0.09228
1.99,0.091113
1.995,0.089964
2,0.088834
2.005,0.087721
2.01,0.086626
2.015,0.085548
2.02,0.084487
2.025,0.083443
2.03,0.082415
2.035,0.081402
2.04,0.080405
2.045,0.079423
2.05,0.078457
2.055,0.077505
2.06,0.076567
2.065,0.075644
2.07,0.074734
2.075,0.073838
2.08,0.072955
2.085,0.072086
2.09,0.071229
2.095,0.070385
2.1,0.069554
2.105,0.068734
2.11,0.067927
2.115,0.067131
2.12,0.066347
2.125,0.065574
2.13,0.064813
2.135,0.064062
2.14,0.063322
2.145,0.062592
2.15,0.061873
2.155,0.061164
2.16,0.060465
2.165,0.059776
2.17,0.059097
2.175,0.058427
2.18,0.057766
2.185,0.057114
2.19,0.056472
2.195,0.055838
2.2,0.055213
2.205,0.054597
2.21,0.053989
2.215,0.053389
2.22,0.052797
2.225,0.052214
2.23,0.051638
2.235,0.05107
2.24,0.05051
2.245,0.049957
2.25,0.049411
2.255,0.048873
2.26,0.048342
2.265,0.047818
2.27,0.0473
2.275,0.04679
2.28,0.046286
2.285,0.045789
2.29,0.045298
2.295,0.044814
2.3,0.044336
2.305,0.043864
2.31,0.043398
2.315,0.042938
2.32,0.042484
2.325,0.042036
2.33,0.041593
2.335,0.041157
2.34,0.040725
2.345,0.040299
2.35,0.039879
2.355,0.039464
2.36,0.039053
2.365,0.038649
2.37,0.038249
2.375,0.037854
2.38,0.037464
2.385,0.037079
2.39,0.036698
2.395,0.036323
2.4,0.035952
2.405,0.035585
2.41,0.035223
2.415,0.034865
2.42,0.034512
2.425,0.034163
2.43,0.033818
2.435,0.033478
2.44,0.033141
2.445,0.032809
2.45,0.03248
2.455,0.032156
2.46,0.031835
2.465,0.031519
2.47,0.031206
2.475,0.030896
2.48,0.030591
2.485,0.030289
2.49,0.02999
2.495,0.029695
2.5,0.029404
2.505,0.029116
2.51,0.028831
2.515,0.02855
2.52,0.028272
2.525,0.027997
2.53,0.027725
2.535,0.027457
2.54,0.027191
2.545,0.026929
2.55,0.02667
2.555,0.026413
2.56,0.02616
2.565,0.02591
2.57,0.025662
2.575,0.025417
2.58,0.025175
2.585,0.024936
2.59,0.024699
2.595,0.024466
2.6,0.024234
2.605,0.024006
2.61,0.02378
2.615,0.023556
2.62,0.023335
2.625,0.023117
2.63,0.022901
2.635,0.022687
2.64,0.022476
2.645,0.022267
2.65,0.02206
2.655,0.021856
2.66,0.021654
2.665,0.021454
2.67,0.021256
2.675,0.021061
2.68,0.020867
2.685,0.020676
2.69,0.020487
2.695,0.0203
2.7,0.020115
2.705,0.019932
2.71,0.019751
2.715,0.019572
2.72,0.019394
2.725,0.019219
2.73,0.019046
2.735,0.018874
2.74,0.018705
2.745,0.018537
2.75,0.018371
2.755,0.018206
2.76,0.018044
2.765,0.017883
2.77,0.017724
2.775,0.017567
2.78,0.017411
2.785,0.017257
2.79,0.017104
2.795,0.016954
2.8,0.016804
2.805,0.016657
2.81,0.016511
2.815,0.016366
2.82,0.016223
2.825,0.016081
2.83,0.015941
2.835,0.015802
2.84,0.015665
2.845,0.015529
2.85,0.015395
2.855,0.015262
2.86,0.01513
2.865,0.015
2.87,0.014871
2.875,0.014743
2.88,0.014617
2.885,0.014492
2.89,0.014368
2.895,0.014246
2.9,0.014124
2.905,0.014004
2.91,0.013885
2.915,0.013768
2.92,0.013651
2.925,0.013536
2.93,0.013422
2.935,0.013309
2.94,0.013197
2.945,0.013087
2.95,0.012977
2.955,0.012869
2.96,0.012761
2.965,0.012655
2.97,0.012549
2.975,0.012445
2.98,0.012342
2.985,0.01224
2.99,0.012139
2.995,0.012039
3,0.011939
3.005,0.011841
3.01,0.011744
3.015,0.011648
3.02,0.011552
3.025,0.011458
3.03,0.011364
3.035,0.011272
3.04,0.01118
3.045,0.011089
3.05,0.010999
3.055,0.01091
3.06,0.010822
3.065,0.010735
3.07,0.010648
3.075,0.010563
3.08,0.010478
3.085,0.010394
3.09,0.01031
3.095,0.010228
3.1,0.010146
3.105,0.010066
3.11,0.0099854
3.115,0.0099061
3.12,0.0098275
3.125,0.0097497
3.13,0.0096726
3.135,0.0095962
3.14,0.0095206
3.145,0.0094456
3.15,0.0093714
3.155,0.0092978
3.16,0.009225
3.165,0.0091528
3.17,0.0090813
3.175,0.0090105
3.18,0.0089403
3.185,0.0088708
3.19,0.008802
3.195,0.0087337
3.2,0.0086661
3.205,0.0085991
3.21,0.0085328
3.215,0.008467
3.22,0.0084019
3.225,0.0083374
3.23,0.0082734
3.235,0.0082101
3.24,0.0081473
3.245,0.0080851
3.25,0.0080234
3.255,0.0079623
3.26,0.0079018
3.265,0.0078418
3.27,0.0077824
3.275,0.0077235
3.28,0.0076652
3.285,0.0076073
3.29,0.00755
3.295,0.0074932
3.3,0.0074369
3.305,0.0073812
3.31,0.0073259
3.315,0.0072711
3.32,0.0072168
3.325,0.007163
3.33,0.0071096
3.335,0.0070568
3.34,0.0070044
3.345,0.0069525
3.35,0.006901
3.355,0.00685
3.36,0.0067995
3.365,0.0067493
3.37,0.0066997
3.375,0.0066504
3.38,0.0066016
3.385,0.0065533
3.39,0.0065053
3.395,0.0064578
3.4,0.0064107
3.405,0.006364
3.41,0.0063177
3.415,0.0062718
3.42,0.0062263
3.425,0.0061812
3.43,0.0061365
3.435,0.0060921
3.44,0.0060482
3.445,0.0060046
3.45,0.0059615
3.455,0.0059186
3.46,0.0058762
3.465,0.0058341
3.47,0.0057924
3.475,0.005751
3.48,0.00571
3.485,0.0056693
3.49,0.005629
3.495,0.005589
3.5,0.0055494
3.505,0.0055101
3.51,0.0054711
3.515,0.0054325
3.52,0.0053942
3.525,0.0053562
3.53,0.0053185
3.535,0.0052812
3.54,0.0052441
3.545,0.0052074
3.55,0.005171
3.555,0.0051349
3.56,0.0050991
3.565,0.0050636
3.57,0.0050283
3.575,0.0049934
3.58,0.0049588
3.585,0.0049244
3.59,0.0048904
3.595,0.0048566
3.6,0.0048231
3.605,0.0047899
3.61,0.0047569
3.615,0.0047242
3.62,0.0046918
3.625,0.0046597
3.63,0.0046278
3.635,0.0045962
3.64,0.0045648
3.645,0.0045337
3.65,0.0045028
3.655,0.0044722
3.66,0.0044419
3.665,0.0044118
3.67,0.0043819
3.675,0.0043523
3.68,0.0043229
3.685,0.0042937
3.69,0.0042648
3.695,0.0042362
3.7,0.0042077
3.705,0.0041795
3.71,0.0041515
3.715,0.0041237
3.72,0.0040962
3.725,0.0040689
3.73,0.0040418
3.735,0.0040149
3.74,0.0039882
3.745,0.0039617
3.75,0.0039355
3.755,0.0039094
3.76,0.0038836
3.765,0.0038579
3.77,0.0038325
3.775,0.0038073
3.78,0.0037822
3.785,0.0037574
3.79,0.0037328
3.795,0.0037083
3.8,0.0036841
3.805,0.00366
3.81,0.0036361
3.815,0.0036124
3.82,0.0035889
3.825,0.0035656
3.83,0.0035424
3.835,0.0035195
3.84,0.0034967
3.845,0.0034741
3.85,0.0034517
3.855,0.0034294
3.86,0.0034073
3.865,0.0033854
3.87,0.0033636
3.875,0.0033421
3.88,0.0033206
3.885,0.0032994
3.89,0.0032783
3.895,0.0032574
3.9,0.0032366
3.905,0.003216
3.91,0.0031955
3.915,0.0031752
3.92,0.0031551
3.925,0.0031351
3.93,0.0031153
3.935,0.0030956
3.94,0.003076
3.945,0.0030566
3.95,0.0030374
3.955,0.0030183
3.96,0.0029993
3.965,0.0029805
3.97,0.0029619
3.975,0.0029433
3.98,0.0029249
3.985,0.0029067
3.99,0.0028885
3.995,0.0028706
4,0.0028527
4.005,0.002835
4.01,0.0028174
4.015,0.0028
4.02,0.0027826
4.025,0.0027654
4.03,0.0027484
4.035,0.0027314
4.04,0.0027146
4.045,0.0026979
4.05,0.0026813
4.055,0.0026649
4.06,0.0026485
4.065,0.0026323
4.07,0.0026162
4.075,0.0026003
4.08,0.0025844
4.085,0.0025687
4.09,0.002553
4.095,0.0025375
4.1,0.0025221
4.105,0.0025068
4.11,0.0024917
4.115,0.0024766
4.12,0.0024616
4.125,0.0024468
4.13,0.0024321
4.135,0.0024174
4.14,0.0024029
4.145,0.0023885
4.15,0.0023741
4.155,0.0023599
4.16,0.0023458
4.165,0.0023318
4.17,0.0023179
4.175,0.0023041
4.18,0.0022903
4.185,0.0022767
4.19,0.0022632
4.195,0.0022498
4.2,0.0022364
4.205,0.0022232
4.21,0.0022101
4.215,0.002197
4.22,0.002184
4.225,0.0021712
4.23,0.0021584
4.235,0.0021457
4.24,0.0021331
4.245,0.0021206
4.25,0.0021082
4.255,0.0020959
4.26,0.0020836
4.265,0.0020714
4.27,0.0020594
4.275,0.0020474
4.28,0.0020355
4.285,0.0020236
4.29,0.0020119
4.295,0.0020002
4.3,0.0019887
4.305,0.0019772
4.31,0.0019657
4.315,0.0019544
4.32,0.0019431
4.325,0.001932
4.33,0.0019208
4.335,0.0019098
4.34,0.0018989
4.345,0.001888
4.35,0.0018772
4.355,0.0018664
4.36,0.0018558
4.365,0.0018452
4.37,0.0018347
4.375,0.0018242
4.38,0.0018139
4.385,0.0018036
4.39,0.0017933
4.395,0.0017832
4.4,0.0017731
4.405,0.0017631
4.41,0.0017531
4.415,0.0017432
4.42,0.0017334
4.425,0.0017236
4.43,0.001714
4.435,0.0017043
4.44,0.0016948
4.445,0.0016853
4.45,0.0016759
4.455,0.0016665
4.46,0.0016572
4.465,0.0016479
4.47,0.0016388
4.475,0.0016296
4.48,0.0016206
4.485,0.0016116
4.49,0.0016026
4.495,0.0015938
4.5,0.0015849
4.505,0.0015762
4.51,0.0015675
4.515,0.0015588
4.52,0.0015502
4.525,0.0015417
4.53,0.0015332
4.535,0.0015248
4.54,0.0015164
4.545,0.0015081
4.55,0.0014999
4.555,0.0014917
4.56,0.0014835
4.565,0.0014754
4.57,0.0014674
4.575,0.0014594
4.58,0.0014515
4.585,0.0014436
4.59,0.0014357
4.595,0.001428
4.6,0.0014202
4.605,0.0014125
4.61,0.0014049
4.615,0.0013973
4.62,0.0013898
4.625,0.0013823
4.63,0.0013749
4.635,0.0013675
4.64,0.0013601
4.645,0.0013528
4.65,0.0013456
4.655,0.0013384
4.66,0.0013312
4.665,0.0013241
4.67,0.0013171
4.675,0.0013101
4.68,0.0013031
4.685,0.0012961
4.69,0.0012893
4.695,0.0012824
4.7,0.0012756
4.705,0.0012689
4.71,0.0012622
4.715,0.0012555
4.72,0.0012489
4.725,0.0012423
4.73,0.0012357
4.735,0.0012292
4.74,0.0012228
4.745,0.0012163
4.75,0.00121
4.755,0.0012036
4.76,0.0011973
4.765,0.0011911
4.77,0.0011848
4.775,0.0011787
4.78,0.0011725
4.785,0.0011664
4.79,0.0011603
4.795,0.0011543
4.8,0.0011483
4.805,0.0011424
4.81,0.0011365
4.815,0.0011306
4.82,0.0011247
4.825,0.0011189
4.83,0.0011131
4.835,0.0011074
4.84,0.0011017
4.845,0.001096
4.85,0.0010904
4.855,0.0010848
4.86,0.0010792
4.865,0.0010737
4.87,0.0010682
4.875,0.0010628
4.88,0.0010573
4.885,0.0010519
4.89,0.0010466
4.895,0.0010413
4.9,0.001036
4.905,0.0010307
4.91,0.0010255
4.915,0.0010203
4.92,0.0010151
4.925,0.00101
4.93,0.0010049
4.935,0.00099978
4.94,0.00099474
4.945,0.00098972
4.95,0.00098474
4.955,0.00097979
4.96,0.00097486
4.965,0.00096997
4.97,0.00096511
4.975,0.00096027
4.98,0.00095547
4.985,0.00095069
4.99,0.00094594
4.995,0.00094122
5,0.00093653
5.005,0.00093186
5.01,0.00092723
5.015,0.00092262
5.02,0.00091804
5.025,0.00091349
5.03,0.00090896
5.035,0.00090446
5.04,0.00089999
5.045,0.00089554
5.05,0.00089112
5.055,0.00088673
5.06,0.00088236
5.065,0.00087801
5.07,0.0008737
5.075,0.00086941
5.08,0.00086514
5.085,0.0008609
5.09,0.00085668
5.095,0.00085249
5.1,0.00084833
5.105,0.00084418
5.11,0.00084007
5.115,0.00083597
5.12,0.0008319
5.125,0.00082786
5.13,0.00082383
5.135,0.00081983
5.14,0.00081586
5.145,0.0008119
5.15,0.00080797
5.155,0.00080407
5.16,0.00080018
5.165,0.00079632
5.17,0.00079248
5.175,0.00078866
5.18,0.00078487
5.185,0.00078109
5.19,0.00077734
5.195,0.00077361
5.2,0.0007699
5.205,0.00076622
5.21,0.00076255
5.215,0.0007589
5.22,0.00075528
5.225,0.00075168
5.23,0.00074809
5.235,0.00074453
5.24,0.00074099
5.245,0.00073746
5.25,0.00073396
5.255,0.00073048
5.26,0.00072702
5.265,0.00072358
5.27,0.00072015
5.275,0.00071675
5.28,0.00071336
5.285,0.00071
5.29,0.00070665
5.295,0.00070333
5.3,0.00070002
5.305,0.00069673
5.31,0.00069346
5.315,0.0006902
5.32,0.00068697
5.325,0.00068375
5.33,0.00068055
5.335,0.00067737
5.34,0.00067421
5.345,0.00067106
5.35,0.00066794
5.355,0.00066483
5.36,0.00066173
5.365,0.00065866
5.37,0.0006556
5.375,0.00065256
5.38,0.00064953
5.385,0.00064653
5.39,0.00064354
5.395,0.00064056
5.4,0.0006376
5.405,0.00063466
5.41,0.00063174
5.415,0.00062883
5.42,0.00062594
5.425,0.00062306
5.43,0.0006202
5.435,0.00061735
5.44,0.00061452
5.445,0.00061171
5.45,0.00060891
5.455,0.00060613
5.46,0.00060336
5.465,0.0006006
5.47,0.00059787
5.475,0.00059514
5.48,0.00059244
5.485,0.00058974
5.49,0.00058706
5.495,0.0005844
5.5,0.00058175
5.505,0.00057911
5.51,0.00057649
5.515,0.00057389
5.52,0.00057129
5.525,0.00056872
5.53,0.00056615
5.535,0.0005636
5.54,0.00056106
5.545,0.00055854
5.55,0.00055603
5.555,0.00055353
5.56,0.00055105
5.565,0.00054858
5.57,0.00054613
5.575,0.00054368
5.58,0.00054125
5.585,0.00053884
5.59,0.00053643
5.595,0.00053404
5.6,0.00053166
5.605,0.0005293
5.61,0.00052694
5.615,0.0005246
5.62,0.00052228
5.625,0.00051996
5.63,0.00051766
5.635,0.00051537
5.64,0.00051309
5.645,0.00051082
5.65,0.00050856
5.655,0.00050632
5.66,0.00050409
5.665,0.00050187
5.67,0.00049966
5.675,0.00049747
5.68,0.00049528
5.685,0.00049311
5.69,0.00049095
5.695,0.0004888
5.7,0.00048666
5.705,0.00048453
5.71,0.00048242
5.715,0.00048031
5.72,0.00047822
5.725,0.00047613
5.73,0.00047406
5.735,0.000472
5.74,0.00046995
5.745,0.00046791
5.75,0.00046588
5.755,0.00046386
5.76,0.00046185
5.765,0.00045985
5.77,0.00045786
5.775,0.00045589
5.78,0.00045392
5.785,0.00045196
5.79,0.00045002
5.795,0.00044808
5.8,0.00044615
5.805,0.00044424
5.81,0.00044233
5.815,0.00044043
5.82,0.00043854
5.825,0.00043667
5.83,0.0004348
5.835,0.00043294
5.84,0.00043109
5.845,0.00042925
5.85,0.00042742
5.855,0.0004256
5.86,0.00042379
5.865,0.00042198
5.87,0.00042019
5.875,0.00041841
5.88,0.00041663
5.885,0.00041487
5.89,0.00041311
5.895,0.00041136
5.9,0.00040962
5.905,0.00040789
5.91,0.00040617
5.915,0.00040446
5.92,0.00040275
5.925,0.00040106
5.93,0.00039937
5.935,0.00039769
5.94,0.00039602
5.945,0.00039436
5.95,0.00039271
5.955,0.00039106
5.96,0.00038942
5.965,0.0003878
5.97,0.00038618
5.975,0.00038456
5.98,0.00038296
5.985,0.00038136
5.99,0.00037978
5.995,0.00037819
6,0.00037662
6.005,0.00037506
6.01,0.0003735
6.015,0.00037195
6.02,0.00037041
6.025,0.00036888
6.03,0.00036735
6.035,0.00036583
6.04,0.00036432
6.045,0.00036282
6.05,0.00036132
6.055,0.00035983
6.06,0.00035835
6.065,0.00035688
6.07,0.00035541
6.075,0.00035395
6.08,0.0003525
6.085,0.00035105
6.09,0.00034962
6.095,0.00034819
6.1,0.00034676
6.105,0.00034534
6.11,0.00034393
6.115,0.00034253
6.12,0.00034113
6.125,0.00033975
6.13,0.00033836
6.135,0.00033699
6.14,0.00033562
6.145,0.00033425
6.15,0.0003329
6.155,0.00033155
6.16,0.00033021
6.165,0.00032887
6.17,0.00032754
6.175,0.00032622
6.18,0.0003249
6.185,0.00032359
6.19,0.00032229
6.195,0.00032099
6.2,0.0003197
6.205,0.00031841
6.21,0.00031713
6.215,0.00031586
6.22,0.00031459
6.225,0.00031333
6.23,0.00031208
6.235,0.00031083
6.24,0.00030958
6.245,0.00030835
6.25,0.00030712
6.255,0.00030589
6.26,0.00030467
6.265,0.00030346
6.27,0.00030225
6.275,0.00030105
6.28,0.00029985
