0,0
0.005,0
0.01,0
0.015,0
0.02,0
0.025,0
0.03,0
0.035,0
0.04,0
0.045,0
0.05,0
0.055,0
0.06,0
0.065,0
0.07,0
0.075,0
0.08,0
0.085,0
0.09,0
0.095,0
0.1,0
0.105,0
0.11,0
0.115,0
0.12,0
0.125,0
0.13,0
0.135,6.0752e-292
0.14,6.5272e-252
0.145,1.9272e-218
0.15,2.7654e-190
0.155,1.8394e-166
0.16,3.3795e-146
0.165,7.1196e-129
0.17,5.3947e-114
0.175,3.7049e-101
0.18,4.892e-090
0.185,2.2981e-080
0.19,6.3736e-072
0.195,1.5869e-064
0.2,5.0255e-058
0.205,2.7083e-052
0.21,3.1712e-047
0.215,9.9118e-043
0.22,9.844e-039
0.225,3.6022e-035
0.23,5.5102e-032
0.235,3.9253e-029
0.24,1.4288e-026
0.245,2.8783e-024
0.25,3.4386e-022
0.255,2.5862e-020
0.26,1.29e-018
0.265,4.4652e-017
0.27,1.1159e-015
0.275,2.0843e-014
0.28,3.0001e-013
0.285,3.4181e-012
0.29,3.1563e-011
0.295,2.4122e-010
0.3,1.5543e-009
0.305,8.5838e-009
0.31,4.1232e-008
0.315,1.7453e-007
0.32,6.586e-007
0.325,2.2389e-006
0.33,6.9212e-006
0.335,1.9619e-005
0.34,5.1384e-005
0.345,0.00012519
0.35,0.00028545
0.355,0.00061257
0.36,0.0012434
0.365,0.002398
0.37,0.0044124
0.375,0.0077749
0.38,0.013164
0.385,0.021483
0.39,0.033888
0.395,0.051803
0.4,0.07692
0.405,0.11118
0.41,0.15675
0.415,0.21593
0.42,0.29114
0.425,0.38478
0.43,0.49919
0.435,0.63653
0.44,0.79869
0.445,0.98724
0.45,1.2034
0.455,1.4478
0.46,1.7207
0.465,2.0219
0.47,2.3507
0.475,2.7058
0.48,3.0856
0.485,3.4881
0.49,3.9109
0.495,4.3513
0.5,4.8065
0.505,5.2734
0.51,5.749
0.515,6.23
0.52,6.7134
0.525,7.1962
0.53,7.6753
0.535,8.1479
0.54,8.6115
0.545,9.0636
0.55,9.5021
0.555,9.9249
0.56,10.33
0.565,10.717
0.57,11.083
0.575,11.428
0.58,11.752
0.585,12.052
0.59,12.33
0.595,12.584
0.6,12.815
0.605,13.022
0.61,13.207
0.615,13.369
0.62,13.508
0.625,13.626
0.63,13.723
0.635,13.8
0.64,13.857
0.645,13.895
0.65,13.915
0.655,13.918
0.66,13.905
0.665,13.876
0.67,13.832
0.675,13.775
0.68,13.706
0.685,13.624
0.69,13.531
0.695,13.428
0.7,13.315
0.705,13.193
0.71,13.064
0.715,12.927
0.72,12.783
0.725,12.634
0.73,12.479
0.735,12.319
0.74,12.156
0.745,11.988
0.75,11.817
0.755,11.644
0.76,11.468
0.765,11.29
0.77,11.111
0.775,10.931
0.78,10.75
0.785,10.569
0.79,10.387
0.795,10.206
0.8,10.025
0.805,9.8447
0.81,9.6652
0.815,9.4867
0.82,9.3094
0.825,9.1334
0.83,8.959
0.835,8.7862
0.84,8.6152
0.845,8.446
0.85,8.2789
0.855,8.1138
0.86,7.9508
0.865,7.7901
0.87,7.6316
0.875,7.4755
0.88,7.3217
0.885,7.1703
0.89,7.0213
0.895,6.8748
0.9,6.7307
0.905,6.5891
0.91,6.45
0.915,6.3134
0.92,6.1792
0.925,6.0475
0.93,5.9183
0.935,5.7915
0.94,5.6672
0.945,5.5452
0.95,5.4257
0.955,5.3086
0.96,5.1938
0.965,5.0813
0.97,4.9711
0.975,4.8632
0.98,4.7576
0.985,4.6541
0.99,4.5528
0.995,4.4537
1,4.3567
1.005,4.2617
1.01,4.1688
1.015,4.0779
1.02,3.989
1.025,3.902
1.03,3.8169
1.035,3.7337
1.04,3.6524
1.045,3.5728
1.05,3.495
1.055,3.4189
1.06,3.3446
1.065,3.2719
1.07,3.2008
1.075,3.1313
1.08,3.0634
1.085,2.997
1.09,2.9321
1.095,2.8687
1.1,2.8067
1.105,2.7462
1.11,2.687
1.115,2.6291
1.12,2.5726
1.125,2.5173
1.13,2.4633
1.135,2.4106
1.14,2.359
1.145,2.3086
1.15,2.2594
1.155,2.2113
1.16,2.1643
1.165,2.1184
1.17,2.0735
1.175,2.0296
1.18,1.9867
1.185,1.9448
1.19,1.9039
1.195,1.8639
1.2,1.8248
1.205,1.7866
1.21,1.7493
1.215,1.7128
1.22,1.6772
1.225,1.6423
1.23,1.6083
1.235,1.575
1.24,1.5424
1.245,1.5107
1.25,1.4796
1.255,1.4492
1.26,1.4195
1.265,1.3905
1.27,1.3622
1.275,1.3344
1.28,1.3073
1.285,1.2808
1.29,1.2549
1.295,1.2296
1.3,1.2049
1.305,1.1807
1.31,1.157
1.315,1.1339
1.32,1.1113
1.325,1.0892
1.33,1.0675
1.335,1.0464
1.34,1.0257
1.345,1.0055
1.35,0.98573
1.355,0.9664
1.36,0.94748
1.365,0.92899
1.37,0.9109
1.375,0.8932
1.38,0.87589
1.385,0.85896
1.39,0.8424
1.395,0.8262
1.4,0.81035
1.405,0.79484
1.41,0.77967
1.415,0.76483
1.42,0.75031
1.425,0.7361
1.43,0.72219
1.435,0.70859
1.44,0.69527
1.445,0.68224
1.45,0.66949
1.455,0.65701
1.46,0.64479
1.465,0.63284
1.47,0.62113
1.475,0.60968
1.48,0.59846
1.485,0.58748
1.49,0.57674
1.495,0.56621
1.5,0.55591
1.505,0.54583
1.51,0.53595
1.515,0.52628
1.52,0.51681
1.525,0.50754
1.53,0.49845
1.535,0.48956
1.54,0.48085
1.545,0.47232
1.55,0.46396
1.555,0.45577
1.56,0.44775
1.565,0.4399
1.57,0.4322
1.575,0.42466
1.58,0.41728
1.585,0.41004
1.59,0.40295
1.595,0.396
1.6,0.38919
1.605,0.38252
1.61,0.37598
1.615,0.36957
1.62,0.36329
1.625,0.35714
1.63,0.3511
1.635,0.34519
1.64,0.33939
1.645,0.33371
1.65,0.32813
1.655,0.32267
1.66,0.31732
1.665,0.31206
1.67,0.30691
1.675,0.30187
1.68,0.29691
1.685,0.29206
1.69,0.2873
1.695,0.28263
1.7,0.27805
1.705,0.27355
1.71,0.26915
1.715,0.26482
1.72,0.26058
1.725,0.25642
1.73,0.25234
1.735,0.24834
1.74,0.24441
1.745,0.24056
1.75,0.23677
1.755,0.23306
1.76,0.22942
1.765,0.22584
1.77,0.22234
1.775,0.21889
1.78,0.21551
1.785,0.2122
1.79,0.20894
1.795,0.20574
1.8,0.20261
1.805,0.19953
1.81,0.1965
1.815,0.19353
1.82,0.19062
1.825,0.18775
1.83,0.18494
1.835,0.18218
1.84,0.17947
1.845,0.17681
1.85,0.17419
1.855,0.17163
1.86,0.1691
1.865,0.16662
1.87,0.16419
1.875,0.1618
1.88,0.15945
1.885,0.15714
1.89,0.15487
1.895,0.15265
1.9,0.15046
1.905,0.14831
1.91,0.14619
1.915,0.14411
1.92,0.14207
1.925,0.14007
1.93,0.13809
1.935,0.13616
1.94,0.13425
1.945,0.13238
1.95,0.13054
1.955,0.12873
1.96,0.12695
1.965,0.1252
1.97,0.12348
1.975,0.12179
1.98,0.12012
1.985,0.11849
1.99,0.11688
1.995,0.1153
2,0.11374
2.005,0.11221
2.01,0.11071
2.015,0.10923
2.02,0.10777
2.025,0.10634
2.03,0.10493
2.035,0.10354
2.04,0.10218
2.045,0.10084
2.05,0.09952
2.055,0.098221
2.06,0.096943
2.065,0.095686
2.07,0.094448
2.075,0.09323
2.08,0.092031
2.085,0.090852
2.09,0.089691
2.095,0.088548
2.1,0.087423
2.105,0.086315
2.11,0.085225
2.115,0.084152
2.12,0.083095
2.125,0.082055
2.13,0.081031
2.135,0.080022
2.14,0.079029
2.145,0.078052
2.15,0.077089
2.155,0.07614
2.16,0.075206
2.165,0.074286
2.17,0.073381
2.175,0.072488
2.18,0.071609
2.185,0.070743
2.19,0.069891
2.195,0.06905
2.2,0.068223
2.205,0.067407
2.21,0.066604
2.215,0.065812
2.22,0.065032
2.225,0.064263
2.23,0.063506
2.235,0.06276
2.24,0.062024
2.245,0.061299
2.25,0.060585
2.255,0.059881
2.26,0.059187
2.265,0.058502
2.27,0.057828
2.275,0.057163
2.28,0.056508
2.285,0.055862
2.29,0.055225
2.295,0.054597
2.3,0.053978
2.305,0.053368
2.31,0.052766
2.315,0.052172
2.32,0.051587
2.325,0.05101
2.33,0.050441
2.335,0.04988
2.34,0.049326
2.345,0.04878
2.35,0.048242
2.355,0.04771
2.36,0.047186
2.365,0.04667
2.37,0.04616
2.375,0.045657
2.38,0.04516
2.385,0.044671
2.39,0.044188
2.395,0.043711
2.4,0.043241
2.405,0.042777
2.41,0.042319
2.415,0.041868
2.42,0.041422
2.425,0.040982
2.43,0.040548
2.435,0.040119
2.44,0.039696
2.445,0.039279
2.45,0.038867
2.455,0.03846
2.46,0.038059
2.465,0.037663
2.47,0.037271
2.475,0.036885
2.48,0.036504
2.485,0.036128
2.49,0.035756
2.495,0.035389
2.5,0.035027
2.505,0.034669
2.51,0.034316
2.515,0.033967
2.52,0.033623
2.525,0.033283
2.53,0.032947
2.535,0.032615
2.54,0.032288
2.545,0.031964
2.55,0.031645
2.555,0.031329
2.56,0.031017
2.565,0.030709
2.57,0.030405
2.575,0.030105
2.58,0.029808
2.585,0.029515
2.59,0.029225
2.595,0.028939
2.6,0.028656
2.605,0.028377
2.61,0.028101
2.615,0.027828
2.62,0.027558
2.625,0.027292
2.63,0.027029
2.635,0.026769
2.64,0.026512
2.645,0.026258
2.65,0.026007
2.655,0.025759
2.66,0.025514
2.665,0.025272
2.67,0.025032
2.675,0.024796
2.68,0.024562
2.685,0.024331
2.69,0.024102
2.695,0.023876
2.7,0.023653
2.705,0.023432
2.71,0.023214
2.715,0.022998
2.72,0.022785
2.725,0.022574
2.73,0.022365
2.735,0.022159
2.74,0.021955
2.745,0.021753
2.75,0.021554
2.755,0.021357
2.76,0.021162
2.765,0.020969
2.77,0.020779
2.775,0.02059
2.78,0.020404
2.785,0.02022
2.79,0.020037
2.795,0.019857
2.8,0.019679
2.805,0.019502
2.81,0.019328
2.815,0.019155
2.82,0.018985
2.825,0.018816
2.83,0.018649
2.835,0.018484
2.84,0.01832
2.845,0.018159
2.85,0.017999
2.855,0.017841
2.86,0.017684
2.865,0.017529
2.87,0.017376
2.875,0.017224
2.88,0.017074
2.885,0.016926
2.89,0.016779
2.895,0.016634
2.9,0.01649
2.905,0.016348
2.91,0.016207
2.915,0.016068
2.92,0.01593
2.925,0.015794
2.93,0.015659
2.935,0.015525
2.94,0.015393
2.945,0.015262
2.95,0.015133
2.955,0.015004
2.96,0.014878
2.965,0.014752
2.97,0.014628
2.975,0.014505
2.98,0.014383
2.985,0.014263
2.99,0.014143
2.995,0.014025
3,0.013908
3.005,0.013793
3.01,0.013678
3.015,0.013565
3.02,0.013452
3.025,0.013341
3.03,0.013231
3.035,0.013122
3.04,0.013014
3.045,0.012908
3.05,0.012802
3.055,0.012697
3.06,0.012594
3.065,0.012491
3.07,0.012389
3.075,0.012289
3.08,0.012189
3.085,0.01209
3.09,0.011993
3.095,0.011896
3.1,0.0118
3.105,0.011705
3.11,0.011611
3.115,0.011518
3.12,0.011426
3.125,0.011335
3.13,0.011245
3.135,0.011155
3.14,0.011066
3.145,0.010979
3.15,0.010892
3.155,0.010806
3.16,0.01072
3.165,0.010636
3.17,0.010552
3.175,0.010469
3.18,0.010387
3.185,0.010306
3.19,0.010225
3.195,0.010145
3.2,0.010066
3.205,0.0099879
3.21,0.0099103
3.215,0.0098334
3.22,0.0097573
3.225,0.0096819
3.23,0.0096071
3.235,0.0095331
3.24,0.0094597
3.245,0.009387
3.25,0.009315
3.255,0.0092437
3.26,0.009173
3.265,0.009103
3.27,0.0090336
3.275,0.0089648
3.28,0.0088967
3.285,0.0088292
3.29,0.0087623
3.295,0.008696
3.3,0.0086303
3.305,0.0085653
3.31,0.0085008
3.315,0.0084369
3.32,0.0083735
3.325,0.0083108
3.33,0.0082486
3.335,0.0081869
3.34,0.0081258
3.345,0.0080653
3.35,0.0080053
3.355,0.0079459
3.36,0.0078869
3.365,0.0078285
3.37,0.0077706
3.375,0.0077133
3.38,0.0076564
3.385,0.0076
3.39,0.0075442
3.395,0.0074888
3.4,0.0074339
3.405,0.0073795
3.41,0.0073256
3.415,0.0072722
3.42,0.0072192
3.425,0.0071667
3.43,0.0071146
3.435,0.007063
3.44,0.0070119
3.445,0.0069612
3.45,0.0069109
3.455,0.0068611
3.46,0.0068117
3.465,0.0067627
3.47,0.0067141
3.475,0.006666
3.48,0.0066183
3.485,0.006571
3.49,0.0065241
3.495,0.0064776
3.5,0.0064315
3.505,0.0063857
3.51,0.0063404
3.515,0.0062955
3.52,0.0062509
3.525,0.0062067
3.53,0.0061629
3.535,0.0061195
3.54,0.0060764
3.545,0.0060337
3.55,0.0059914
3.555,0.0059494
3.56,0.0059078
3.565,0.0058665
3.57,0.0058256
3.575,0.005785
3.58,0.0057447
3.585,0.0057048
3.59,0.0056652
3.595,0.005626
3.6,0.005587
3.605,0.0055484
3.61,0.0055101
3.615,0.0054722
3.62,0.0054345
3.625,0.0053972
3.63,0.0053601
3.635,0.0053234
3.64,0.0052869
3.645,0.0052508
3.65,0.005215
3.655,0.0051794
3.66,0.0051442
3.665,0.0051092
3.67,0.0050745
3.675,0.0050401
3.68,0.005006
3.685,0.0049722
3.69,0.0049386
3.695,0.0049053
3.7,0.0048723
3.705,0.0048395
3.71,0.004807
3.715,0.0047748
3.72,0.0047428
3.725,0.0047111
3.73,0.0046796
3.735,0.0046484
3.74,0.0046174
3.745,0.0045867
3.75,0.0045562
3.755,0.004526
3.76,0.004496
3.765,0.0044663
3.77,0.0044367
3.775,0.0044075
3.78,0.0043784
3.785,0.0043496
3.79,0.004321
3.795,0.0042926
3.8,0.0042645
3.805,0.0042366
3.81,0.0042089
3.815,0.0041814
3.82,0.0041541
3.825,0.004127
3.83,0.0041002
3.835,0.0040735
3.84,0.0040471
3.845,0.0040209
3.85,0.0039949
3.855,0.003969
3.86,0.0039434
3.865,0.003918
3.87,0.0038928
3.875,0.0038677
3.88,0.0038429
3.885,0.0038183
3.89,0.0037938
3.895,0.0037695
3.9,0.0037454
3.905,0.0037215
3.91,0.0036978
3.915,0.0036743
3.92,0.0036509
3.925,0.0036278
3.93,0.0036048
3.935,0.0035819
3.94,0.0035593
3.945,0.0035368
3.95,0.0035145
3.955,0.0034923
3.96,0.0034704
3.965,0.0034485
3.97,0.0034269
3.975,0.0034054
3.98,0.0033841
3.985,0.0033629
3.99,0.0033419
3.995,0.0033211
4,0.0033004
4.005,0.0032799
4.01,0.0032595
4.015,0.0032392
4.02,0.0032192
4.025,0.0031992
4.03,0.0031794
4.035,0.0031598
4.04,0.0031403
4.045,0.003121
4.05,0.0031018
4.055,0.0030827
4.06,0.0030638
4.065,0.003045
4.07,0.0030263
4.075,0.0030078
4.08,0.0029895
4.085,0.0029712
4.09,0.0029531
4.095,0.0029351
4.1,0.0029173
4.105,0.0028996
4.11,0.002882
4.115,0.0028645
4.12,0.0028472
4.125,0.00283
4.13,0.0028129
4.135,0.002796
4.14,0.0027791
4.145,0.0027624
4.15,0.0027458
4.155,0.0027294
4.16,0.002713
4.165,0.0026968
4.17,0.0026807
4.175,0.0026647
4.18,0.0026488
4.185,0.002633
4.19,0.0026173
4.195,0.0026018
4.2,0.0025863
4.205,0.002571
4.21,0.0025558
4.215,0.0025407
4.22,0.0025257
4.225,0.0025108
4.23,0.002496
4.235,0.0024813
4.24,0.0024667
4.245,0.0024522
4.25,0.0024378
4.255,0.0024235
4.26,0.0024094
4.265,0.0023953
4.27,0.0023813
4.275,0.0023674
4.28,0.0023536
4.285,0.0023399
4.29,0.0023263
4.295,0.0023128
4.3,0.0022994
4.305,0.0022861
4.31,0.0022729
4.315,0.0022597
4.32,0.0022467
4.325,0.0022338
4.33,0.0022209
4.335,0.0022081
4.34,0.0021954
4.345,0.0021828
4.35,0.0021703
4.355,0.0021579
4.36,0.0021456
4.365,0.0021333
4.37,0.0021211
4.375,0.0021091
4.38,0.0020971
4.385,0.0020851
4.39,0.0020733
4.395,0.0020615
4.4,0.0020498
4.405,0.0020382
4.41,0.0020267
4.415,0.0020153
4.42,0.0020039
4.425,0.0019926
4.43,0.0019814
4.435,0.0019703
4.44,0.0019592
4.445,0.0019482
4.45,0.0019373
4.455,0.0019265
4.46,0.0019157
4.465,0.001905
4.47,0.0018944
4.475,0.0018838
4.48,0.0018733
4.485,0.0018629
4.49,0.0018526
4.495,0.0018423
4.5,0.0018321
4.505,0.0018219
4.51,0.0018119
4.515,0.0018019
4.52,0.0017919
4.525,0.0017821
4.53,0.0017722
4.535,0.0017625
4.54,0.0017528
4.545,0.0017432
4.55,0.0017336
4.555,0.0017242
4.56,0.0017147
4.565,0.0017054
4.57,0.0016961
4.575,0.0016868
4.58,0.0016776
4.585,0.0016685
4.59,0.0016594
4.595,0.0016504
4.6,0.0016415
4.605,0.0016326
4.61,0.0016238
4.615,0.001615
4.62,0.0016063
4.625,0.0015976
4.63,0.001589
4.635,0.0015805
4.64,0.001572
4.645,0.0015635
4.65,0.0015552
4.655,0.0015468
4.66,0.0015385
4.665,0.0015303
4.67,0.0015221
4.675,0.001514
4.68,0.001506
4.685,0.0014979
4.69,0.00149
4.695,0.0014821
4.7,0.0014742
4.705,0.0014664
4.71,0.0014586
4.715,0.0014509
4.72,0.0014432
4.725,0.0014356
4.73,0.0014281
4.735,0.0014205
4.74,0.0014131
4.745,0.0014056
4.75,0.0013983
4.755,0.0013909
4.76,0.0013836
4.765,0.0013764
4.77,0.0013692
4.775,0.001362
4.78,0.0013549
4.785,0.0013479
4.79,0.0013409
4.795,0.0013339
4.8,0.001327
4.805,0.0013201
4.81,0.0013132
4.815,0.0013064
4.82,0.0012997
4.825,0.0012929
4.83,0.0012863
4.835,0.0012796
4.84,0.001273
4.845,0.0012665
4.85,0.00126
4.855,0.0012535
4.86,0.0012471
4.865,0.0012407
4.87,0.0012343
4.875,0.001228
4.88,0.0012217
4.885,0.0012155
4.89,0.0012093
4.895,0.0012031
4.9,0.001197
4.905,0.0011909
4.91,0.0011849
4.915,0.0011789
4.92,0.0011729
4.925,0.0011669
4.93,0.001161
4.935,0.0011552
4.94,0.0011493
4.945,0.0011435
4.95,0.0011378
4.955,0.0011321
4.96,0.0011264
4.965,0.0011207
4.97,0.0011151
4.975,0.0011095
4.98,0.0011039
4.985,0.0010984
4.99,0.0010929
4.995,0.0010875
5,0.001082
5.005,0.0010766
5.01,0.0010713
5.015,0.001066
5.02,0.0010607
5.025,0.0010554
5.03,0.0010502
5.035,0.001045
5.04,0.0010398
5.045,0.0010346
5.05,0.0010295
5.055,0.0010245
5.06,0.0010194
5.065,0.0010144
5.07,0.0010094
5.075,0.0010044
5.08,0.0009995
5.085,0.00099459
5.09,0.00098972
5.095,0.00098487
5.1,0.00098006
5.105,0.00097527
5.11,0.00097051
5.115,0.00096577
5.12,0.00096107
5.125,0.00095639
5.13,0.00095174
5.135,0.00094712
5.14,0.00094252
5.145,0.00093795
5.15,0.00093341
5.155,0.00092889
5.16,0.0009244
5.165,0.00091994
5.17,0.0009155
5.175,0.00091108
5.18,0.0009067
5.185,0.00090233
5.19,0.000898
5.195,0.00089369
5.2,0.0008894
5.205,0.00088514
5.21,0.0008809
5.215,0.00087668
5.22,0.00087249
5.225,0.00086833
5.23,0.00086419
5.235,0.00086007
5.24,0.00085597
5.245,0.0008519
5.25,0.00084785
5.255,0.00084383
5.26,0.00083983
5.265,0.00083585
5.27,0.00083189
5.275,0.00082796
5.28,0.00082405
5.285,0.00082016
5.29,0.00081629
5.295,0.00081244
5.3,0.00080862
5.305,0.00080482
5.31,0.00080103
5.315,0.00079727
5.32,0.00079354
5.325,0.00078982
5.33,0.00078612
5.335,0.00078245
5.34,0.00077879
5.345,0.00077515
5.35,0.00077154
5.355,0.00076795
5.36,0.00076437
5.365,0.00076082
5.37,0.00075728
5.375,0.00075377
5.38,0.00075027
5.385,0.0007468
5.39,0.00074334
5.395,0.0007399
5.4,0.00073648
5.405,0.00073308
5.41,0.0007297
5.415,0.00072634
5.42,0.000723
5.425,0.00071967
5.43,0.00071637
5.435,0.00071308
5.44,0.00070981
5.445,0.00070656
5.45,0.00070332
5.455,0.0007001
5.46,0.00069691
5.465,0.00069372
5.47,0.00069056
5.475,0.00068741
5.48,0.00068428
5.485,0.00068117
5.49,0.00067807
5.495,0.000675
5.5,0.00067193
5.505,0.00066889
5.51,0.00066586
5.515,0.00066285
5.52,0.00065985
5.525,0.00065687
5.53,0.00065391
5.535,0.00065096
5.54,0.00064803
5.545,0.00064511
5.55,0.00064221
5.555,0.00063933
5.56,0.00063646
5.565,0.00063361
5.57,0.00063077
5.575,0.00062794
5.58,0.00062514
5.585,0.00062234
5.59,0.00061957
5.595,0.0006168
5.6,0.00061406
5.605,0.00061132
5.61,0.0006086
5.615,0.0006059
5.62,0.00060321
5.625,0.00060053
5.63,0.00059787
5.635,0.00059522
5.64,0.00059259
5.645,0.00058997
5.65,0.00058737
5.655,0.00058477
5.66,0.0005822
5.665,0.00057963
5.67,0.00057708
5.675,0.00057454
5.68,0.00057202
5.685,0.00056951
5.69,0.00056701
5.695,0.00056453
5.7,0.00056206
5.705,0.0005596
5.71,0.00055715
5.715,0.00055472
5.72,0.0005523
5.725,0.00054989
5.73,0.0005475
5.735,0.00054512
5.74,0.00054275
5.745,0.00054039
5.75,0.00053804
5.755,0.00053571
5.76,0.00053339
5.765,0.00053108
5.77,0.00052879
5.775,0.0005265
5.78,0.00052423
5.785,0.00052197
5.79,0.00051972
5.795,0.00051748
5.8,0.00051525
5.805,0.00051304
5.81,0.00051083
5.815,0.00050864
5.82,0.00050646
5.825,0.00050429
5.83,0.00050213
5.835,0.00049999
5.84,0.00049785
5.845,0.00049572
5.85,0.00049361
5.855,0.00049151
5.86,0.00048941
5.865,0.00048733
5.87,0.00048526
5.875,0.0004832
5.88,0.00048115
5.885,0.00047911
5.89,0.00047708
5.895,0.00047506
5.9,0.00047305
5.905,0.00047105
5.91,0.00046906
5.915,0.00046708
5.92,0.00046511
5.925,0.00046315
5.93,0.00046121
5.935,0.00045927
5.94,0.00045734
5.945,0.00045542
5.95,0.00045351
5.955,0.00045161
5.96,0.00044972
5.965,0.00044783
5.97,0.00044596
5.975,0.0004441
5.98,0.00044225
5.985,0.0004404
5.99,0.00043857
5.995,0.00043674
6,0.00043493
6.005,0.00043312
6.01,0.00043132
6.015,0.00042953
6.02,0.00042775
6.025,0.00042598
6.03,0.00042422
6.035,0.00042246
6.04,0.00042072
6.045,0.00041898
6.05,0.00041725
6.055,0.00041553
6.06,0.00041382
6.065,0.00041212
6.07,0.00041042
6.075,0.00040874
6.08,0.00040706
6.085,0.00040539
6.09,0.00040373
6.095,0.00040208
6.1,0.00040043
6.105,0.00039879
6.11,0.00039716
6.115,0.00039554
6.12,0.00039393
6.125,0.00039233
6.13,0.00039073
6.135,0.00038914
6.14,0.00038756
6.145,0.00038598
6.15,0.00038442
6.155,0.00038286
6.16,0.00038131
6.165,0.00037976
6.17,0.00037823
6.175,0.0003767
6.18,0.00037518
6.185,0.00037366
6.19,0.00037216
6.195,0.00037066
6.2,0.00036917
6.205,0.00036768
6.21,0.0003662
6.215,0.00036473
6.22,0.00036327
6.225,0.00036181
6.23,0.00036036
6.235,0.00035892
6.24,0.00035749
6.245,0.00035606
6.25,0.00035464
6.255,0.00035322
6.26,0.00035181
6.265,0.00035041
6.27,0.00034902
6.275,0.00034763
6.28,0.00034625
