0,0
0.005,0
0.01,0
0.015,0
0.02,0
0.025,0
0.03,0
0.035,0
0.04,0
0.045,0
0.05,0
0.055,0
0.06,0
0.065,0
0.07,0
0.075,0
0.08,0
0.085,0
0.09,0
0.095,0
0.1,0
0.105,0
0.11,0
0.115,0
0.12,0
0.125,0
0.13,0
0.135,0
0.14,0
0.145,0
0.15,0
0.155,0
0.16,0
0.165,0
0.17,0
0.175,0
0.18,0
0.185,0
0.19,0
0.195,0
0.2,0
0.205,0
0.21,0
0.215,0
0.22,0
0.225,0
0.23,0
0.235,0
0.24,0
0.245,0
0.25,0
0.255,0
0.26,0
0.265,0
0.27,0
0.275,0
0.28,0
0.285,0
0.29,0
0.295,0
0.3,0
0.305,0
0.31,0
0.315,0
0.32,0
0.325,0
0.33,0
0.335,0
0.34,0
0.345,0
0.35,0
0.355,0
0.36,0
0.365,0
0.37,0
0.375,0
0.38,0
0.385,0
0.39,0
0.395,0
0.4,0
0.405,0
0.41,0
0.415,0
0.42,0
0.425,0
0.43,0
0.435,0
0.44,0
0.445,0
0.45,0
0.455,0
0.46,0
0.465,0
0.47,0
0.475,0
0.48,0
0.485,0
0.49,0
0.495,0
0.5,0
0.505,0
0.51,0
0.515,0
0.52,0
0.525,6.8314e-320
0.53,5.6316e-308
0.535,1.3079e-296
0.54,9.1805e-286
0.545,2.0783e-275
0.55,1.6126e-265
0.555,4.5413e-256
0.56,4.8966e-247
0.565,2.1259e-238
0.57,3.8961e-230
0.575,3.1512e-222
0.58,1.1728e-214
0.585,2.0889e-207
0.59,1.8477e-200
0.595,8.4051e-194
0.6,2.0318e-187
0.605,2.6923e-181
0.61,2.0135e-175
0.615,8.736e-170
0.62,2.2571e-164
0.625,3.559e-159
0.63,3.5055e-154
0.635,2.2047e-149
0.64,9.04e-145
0.645,2.4646e-140
0.65,4.5517e-136
0.655,5.7958e-132
0.66,5.174e-128
0.665,3.29e-124
0.67,1.5127e-120
0.675,5.1013e-117
0.68,1.279e-113
0.685,2.4148e-110
0.69,3.4757e-107
0.695,3.858e-104
0.7,3.3392e-101
0.705,2.2774e-098
0.71,1.2361e-095
0.715,5.3909e-093
0.72,1.9061e-090
0.725,5.5109e-088
0.73,1.3137e-085
0.735,2.602e-083
0.74,4.3145e-081
0.745,6.0314e-079
0.75,7.1569e-077
0.755,7.2551e-075
0.76,6.3219e-073
0.765,4.7632e-071
0.77,3.1206e-069
0.775,1.7873e-067
0.78,8.9945e-066
0.785,3.997e-064
0.79,1.5758e-062
0.795,5.5361e-061
0.8,1.7407e-059
0.805,4.9184e-058
0.81,1.2538e-056
0.815,2.8944e-055
0.82,6.0728e-054
0.825,1.162e-052
0.83,2.0344e-051
0.835,3.2695e-050
0.84,4.8377e-049
0.845,6.6097e-048
0.85,8.3622e-047
0.855,9.8224e-046
0.86,1.074e-044
0.865,1.0957e-043
0.87,1.0457e-042
0.875,9.3556e-042
0.88,7.8641e-041
0.885,6.2237e-040
0.89,4.6468e-039
0.895,3.2795e-038
0.9,2.1919e-037
0.905,1.3898e-036
0.91,8.3748e-036
0.915,4.804e-035
0.92,2.6274e-034
0.925,1.3722e-033
0.93,6.8534e-033
0.935,3.2781e-032
0.94,1.5037e-031
0.945,6.6237e-031
0.95,2.8053e-030
0.955,1.1438e-029
0.96,4.4947e-029
0.965,1.7043e-028
0.97,6.2425e-028
0.975,2.2111e-027
0.98,7.5807e-027
0.985,2.5184e-026
0.99,8.114e-026
0.995,2.5379e-025
1,7.7124e-025
1.005,2.2792e-024
1.01,6.5554e-024
1.015,1.8365e-023
1.02,5.0152e-023
1.025,1.336e-022
1.03,3.4744e-022
1.035,8.8266e-022
1.04,2.192e-021
1.045,5.3249e-021
1.05,1.2661e-020
1.055,2.9484e-020
1.06,6.7284e-020
1.065,1.5055e-019
1.07,3.305e-019
1.075,7.1215e-019
1.08,1.507e-018
1.085,3.1336e-018
1.09,6.4053e-018
1.095,1.2877e-017
1.1,2.5472e-017
1.105,4.9599e-017
1.11,9.5113e-017
1.115,1.7969e-016
1.12,3.346e-016
1.125,6.1431e-016
1.13,1.1125e-015
1.135,1.9878e-015
1.14,3.5058e-015
1.145,6.1053e-015
1.15,1.0501e-014
1.155,1.7847e-014
1.16,2.9978e-014
1.165,4.9781e-014
1.17,8.175e-014
1.175,1.328e-013
1.18,2.1347e-013
1.185,3.3961e-013
1.19,5.349e-013
1.195,8.3428e-013
1.2,1.2888e-012
1.205,1.9726e-012
1.21,2.9919e-012
1.215,4.4978e-012
1.22,6.7035e-012
1.225,9.9071e-012
1.23,1.4522e-011
1.235,2.1116e-011
1.24,3.0465e-011
1.245,4.3619e-011
1.25,6.1988e-011
1.255,8.7455e-011
1.26,1.2251e-010
1.265,1.7043e-010
1.27,2.355e-010
1.275,3.2327e-010
1.28,4.4089e-010
1.285,5.9753e-010
1.29,8.0484e-010
1.295,1.0776e-009
1.3,1.4343e-009
1.305,1.8982e-009
1.31,2.4981e-009
1.315,3.2695e-009
1.32,4.2564e-009
1.325,5.5122e-009
1.33,7.1021e-009
1.335,9.105e-009
1.34,1.1616e-008
1.345,1.4748e-008
1.35,1.8638e-008
1.355,2.3447e-008
1.36,2.9365e-008
1.365,3.6617e-008
1.37,4.5464e-008
1.375,5.6214e-008
1.38,6.9223e-008
1.385,8.4901e-008
1.39,1.0372e-007
1.395,1.2624e-007
1.4,1.5306e-007
1.405,1.8491e-007
1.41,2.2258e-007
1.415,2.6699e-007
1.42,3.1917e-007
1.425,3.8026e-007
1.43,4.5155e-007
1.435,5.3449e-007
1.44,6.3067e-007
1.445,7.4186e-007
1.45,8.7003e-007
1.455,1.0173e-006
1.46,1.1861e-006
1.465,1.379e-006
1.47,1.5987e-006
1.475,1.8485e-006
1.48,2.1316e-006
1.485,2.4516e-006
1.49,2.8125e-006
1.495,3.2184e-006
1.5,3.6738e-006
1.505,4.1836e-006
1.51,4.7529e-006
1.515,5.3872e-006
1.52,6.0924e-006
1.525,6.8746e-006
1.53,7.7403e-006
1.535,8.6964e-006
1.54,9.7503e-006
1.545,1.0909e-005
1.55,1.2182e-005
1.555,1.3576e-005
1.56,1.51e-005
1.565,1.6764e-005
1.57,1.8577e-005
1.575,2.0548e-005
1.58,2.2687e-005
1.585,2.5006e-005
1.59,2.7514e-005
1.595,3.0223e-005
1.6,3.3143e-005
1.605,3.6287e-005
1.61,3.9665e-005
1.615,4.3291e-005
1.62,4.7175e-005
1.625,5.1331e-005
1.63,5.5771e-005
1.635,6.0506e-005
1.64,6.5551e-005
1.645,7.0918e-005
1.65,7.6618e-005
1.655,8.2666e-005
1.66,8.9074e-005
1.665,9.5855e-005
1.67,0.00010302
1.675,0.00011058
1.68,0.00011856
1.685,0.00012695
1.69,0.00013578
1.695,0.00014506
1.7,0.00015479
1.705,0.00016499
1.71,0.00017568
1.715,0.00018685
1.72,0.00019852
1.725,0.0002107
1.73,0.00022341
1.735,0.00023664
1.74,0.00025041
1.745,0.00026472
1.75,0.00027959
1.755,0.00029502
1.76,0.00031102
1.765,0.00032758
1.77,0.00034473
1.775,0.00036246
1.78,0.00038078
1.785,0.00039969
1.79,0.0004192
1.795,0.0004393
1.8,0.00046
1.805,0.00048131
1.81,0.00050322
1.815,0.00052573
1.82,0.00054885
1.825,0.00057256
1.83,0.00059688
1.835,0.0006218
1.84,0.00064732
1.845,0.00067343
1.85,0.00070013
1.855,0.00072742
1.86,0.0007553
1.865,0.00078376
1.87,0.00081279
1.875,0.00084239
1.88,0.00087256
1.885,0.00090328
1.89,0.00093456
1.895,0.00096638
1.9,0.00099875
1.905,0.0010316
1.91,0.0010651
1.915,0.001099
1.92,0.0011335
1.925,0.0011684
1.93,0.0012039
1.935,0.0012398
1.94,0.0012763
1.945,0.0013132
1.95,0.0013506
1.955,0.0013884
1.96,0.0014267
1.965,0.0014655
1.97,0.0015047
1.975,0.0015443
1.98,0.0015844
1.985,0.0016249
1.99,0.0016658
1.995,0.0017071
2,0.0017489
2.005,0.0017911
2.01,0.0018337
2.015,0.0018767
2.02,0.0019201
2.025,0.0019639
2.03,0.0020081
2.035,0.0020528
2.04,0.0020978
2.045,0.0021433
2.05,0.0021892
2.055,0.0022355
2.06,0.0022823
2.065,0.0023294
2.07,0.0023771
2.075,0.0024252
2.08,0.0024737
2.085,0.0025227
2.09,0.0025722
2.095,0.0026222
2.1,0.0026727
2.105,0.0027238
2.11,0.0027753
2.115,0.0028275
2.12,0.0028802
2.125,0.0029335
2.13,0.0029875
2.135,0.0030421
2.14,0.0030973
2.145,0.0031533
2.15,0.0032099
2.155,0.0032674
2.16,0.0033255
2.165,0.0033846
2.17,0.0034444
2.175,0.0035051
2.18,0.0035668
2.185,0.0036293
2.19,0.0036929
2.195,0.0037575
2.2,0.0038231
2.205,0.0038899
2.21,0.0039578
2.215,0.0040269
2.22,0.0040973
2.225,0.0041689
2.23,0.0042419
2.235,0.0043163
2.24,0.0043921
2.245,0.0044694
2.25,0.0045482
2.255,0.0046287
2.26,0.0047108
2.265,0.0047946
2.27,0.0048802
2.275,0.0049677
2.28,0.0050571
2.285,0.0051484
2.29,0.0052417
2.295,0.0053371
2.3,0.0054347
2.305,0.0055345
2.31,0.0056366
2.315,0.005741
2.32,0.0058478
2.325,0.0059571
2.33,0.006069
2.335,0.0061835
2.34,0.0063006
2.345,0.0064204
2.35,0.0065431
2.355,0.0066686
2.36,0.0067971
2.365,0.0069285
2.37,0.0070629
2.375,0.0072005
2.38,0.0073411
2.385,0.007485
2.39,0.007632
2.395,0.0077824
2.4,0.007936
2.405,0.008093
2.41,0.0082534
2.415,0.0084171
2.42,0.0085842
2.425,0.0087548
2.43,0.0089287
2.435,0.0091061
2.44,0.0092868
2.445,0.0094709
2.45,0.0096584
2.455,0.0098491
2.46,0.010043
2.465,0.01024
2.47,0.010441
2.475,0.010644
2.48,0.01085
2.485,0.011059
2.49,0.011271
2.495,0.011485
2.5,0.011702
2.505,0.011921
2.51,0.012142
2.515,0.012365
2.52,0.01259
2.525,0.012816
2.53,0.013043
2.535,0.013271
2.54,0.0135
2.545,0.01373
2.55,0.013959
2.555,0.014188
2.56,0.014417
2.565,0.014645
2.57,0.014871
2.575,0.015096
2.58,0.015319
2.585,0.015539
2.59,0.015757
2.595,0.015971
2.6,0.016182
2.605,0.016389
2.61,0.016591
2.615,0.016789
2.62,0.016981
2.625,0.017167
2.63,0.017347
2.635,0.017521
2.64,0.017688
2.645,0.017847
2.65,0.017998
2.655,0.018141
2.66,0.018276
2.665,0.018401
2.67,0.018518
2.675,0.018624
2.68,0.018721
2.685,0.018808
2.69,0.018884
2.695,0.018949
2.7,0.019004
2.705,0.019047
2.71,0.01908
2.715,0.019101
2.72,0.019111
2.725,0.019109
2.73,0.019096
2.735,0.019072
2.74,0.019036
2.745,0.018989
2.75,0.01893
2.755,0.018861
2.76,0.018781
2.765,0.01869
2.77,0.018588
2.775,0.018477
2.78,0.018355
2.785,0.018224
2.79,0.018084
2.795,0.017934
2.8,0.017776
2.805,0.01761
2.81,0.017436
2.815,0.017255
2.82,0.017067
2.825,0.016872
2.83,0.016671
2.835,0.016465
2.84,0.016253
2.845,0.016037
2.85,0.015816
2.855,0.015592
2.86,0.015364
2.865,0.015133
2.87,0.0149
2.875,0.014664
2.88,0.014427
2.885,0.014188
2.89,0.013949
2.895,0.013709
2.9,0.013469
2.905,0.013229
2.91,0.012989
2.915,0.012751
2.92,0.012513
2.925,0.012277
2.93,0.012043
2.935,0.01181
2.94,0.01158
2.945,0.011352
2.95,0.011127
2.955,0.010904
2.96,0.010685
2.965,0.010468
2.97,0.010255
2.975,0.010045
2.98,0.0098384
2.985,0.0096355
2.99,0.0094363
2.995,0.0092409
3,0.0090492
3.005,0.0088614
3.01,0.0086774
3.015,0.0084974
3.02,0.0083212
3.025,0.0081491
3.03,0.0079808
3.035,0.0078165
3.04,0.007656
3.045,0.0074995
3.05,0.0073468
3.055,0.0071979
3.06,0.0070529
3.065,0.0069115
3.07,0.0067739
3.075,0.0066399
3.08,0.0065095
3.085,0.0063826
3.09,0.0062592
3.095,0.0061392
3.1,0.0060226
3.105,0.0059092
3.11,0.005799
3.115,0.005692
3.12,0.005588
3.125,0.005487
3.13,0.005389
3.135,0.0052938
3.14,0.0052014
3.145,0.0051117
3.15,0.0050246
3.155,0.0049401
3.16,0.0048582
3.165,0.0047786
3.17,0.0047015
3.175,0.0046266
3.18,0.004554
3.185,0.0044835
3.19,0.0044152
3.195,0.0043489
3.2,0.0042846
3.205,0.0042222
3.21,0.0041616
3.215,0.0041029
3.22,0.0040459
3.225,0.0039906
3.23,0.0039369
3.235,0.0038849
3.24,0.0038343
3.245,0.0037853
3.25,0.0037377
3.255,0.0036915
3.26,0.0036466
3.265,0.003603
3.27,0.0035607
3.275,0.0035195
3.28,0.0034796
3.285,0.0034408
3.29,0.003403
3.295,0.0033664
3.3,0.0033307
3.305,0.003296
3.31,0.0032623
3.315,0.0032295
3.32,0.0031975
3.325,0.0031664
3.33,0.0031361
3.335,0.0031066
3.34,0.0030779
3.345,0.0030499
3.35,0.0030226
3.355,0.002996
3.36,0.00297
3.365,0.0029447
3.37,0.00292
3.375,0.0028958
3.38,0.0028723
3.385,0.0028492
3.39,0.0028267
3.395,0.0028047
3.4,0.0027832
3.405,0.0027621
3.41,0.0027415
3.415,0.0027213
3.42,0.0027015
3.425,0.0026822
3.43,0.0026632
3.435,0.0026445
3.44,0.0026263
3.445,0.0026083
3.45,0.0025907
3.455,0.0025734
3.46,0.0025564
3.465,0.0025397
3.47,0.0025233
3.475,0.0025072
3.48,0.0024913
3.485,0.0024756
3.49,0.0024602
3.495,0.002445
3.5,0.0024301
3.505,0.0024153
3.51,0.0024008
3.515,0.0023865
3.52,0.0023723
3.525,0.0023584
3.53,0.0023446
3.535,0.0023309
3.54,0.0023175
3.545,0.0023042
3.55,0.002291
3.555,0.002278
3.56,0.0022652
3.565,0.0022525
3.57,0.0022399
3.575,0.0022274
3.58,0.0022151
3.585,0.0022029
3.59,0.0021907
3.595,0.0021788
3.6,0.0021669
3.605,0.0021551
3.61,0.0021434
3.615,0.0021318
3.62,0.0021203
3.625,0.002109
3.63,0.0020977
3.635,0.0020864
3.64,0.0020753
3.645,0.0020643
3.65,0.0020533
3.655,0.0020424
3.66,0.0020316
3.665,0.0020209
3.67,0.0020102
3.675,0.0019996
3.68,0.0019891
3.685,0.0019787
3.69,0.0019683
3.695,0.001958
3.7,0.0019477
3.705,0.0019375
3.71,0.0019274
3.715,0.0019174
3.72,0.0019074
3.725,0.0018974
3.73,0.0018875
3.735,0.0018777
3.74,0.001868
3.745,0.0018582
3.75,0.0018486
3.755,0.001839
3.76,0.0018294
3.765,0.00182
3.77,0.0018105
3.775,0.0018011
3.78,0.0017918
3.785,0.0017825
3.79,0.0017733
3.795,0.0017641
3.8,0.001755
3.805,0.0017459
3.81,0.0017369
3.815,0.0017279
3.82,0.0017189
3.825,0.0017101
3.83,0.0017012
3.835,0.0016924
3.84,0.0016837
3.845,0.001675
3.85,0.0016663
3.855,0.0016577
3.86,0.0016492
3.865,0.0016406
3.87,0.0016322
3.875,0.0016238
3.88,0.0016154
3.885,0.001607
3.89,0.0015987
3.895,0.0015905
3.9,0.0015823
3.905,0.0015741
3.91,0.001566
3.915,0.0015579
3.92,0.0015499
3.925,0.0015419
3.93,0.001534
3.935,0.0015261
3.94,0.0015182
3.945,0.0015104
3.95,0.0015026
3.955,0.0014949
3.96,0.0014872
3.965,0.0014795
3.97,0.0014719
3.975,0.0014643
3.98,0.0014568
3.985,0.0014493
3.99,0.0014418
3.995,0.0014344
4,0.001427
4.005,0.0014197
4.01,0.0014124
4.015,0.0014051
4.02,0.0013979
4.025,0.0013907
4.03,0.0013836
4.035,0.0013765
4.04,0.0013694
4.045,0.0013624
4.05,0.0013554
4.055,0.0013485
4.06,0.0013415
4.065,0.0013347
4.07,0.0013278
4.075,0.001321
4.08,0.0013143
4.085,0.0013075
4.09,0.0013008
4.095,0.0012942
4.1,0.0012875
4.105,0.001281
4.11,0.0012744
4.115,0.0012679
4.12,0.0012614
4.125,0.001255
4.13,0.0012486
4.135,0.0012422
4.14,0.0012359
4.145,0.0012295
4.15,0.0012233
4.155,0.001217
4.16,0.0012108
4.165,0.0012047
4.17,0.0011985
4.175,0.0011924
4.18,0.0011864
4.185,0.0011803
4.19,0.0011743
4.195,0.0011684
4.2,0.0011624
4.205,0.0011565
4.21,0.0011506
4.215,0.0011448
4.22,0.001139
4.225,0.0011332
4.23,0.0011275
4.235,0.0011218
4.24,0.0011161
4.245,0.0011104
4.25,0.0011048
4.255,0.0010992
4.26,0.0010937
4.265,0.0010881
4.27,0.0010826
4.275,0.0010772
4.28,0.0010717
4.285,0.0010663
4.29,0.0010609
4.295,0.0010556
4.3,0.0010503
4.305,0.001045
4.31,0.0010397
4.315,0.0010345
4.32,0.0010293
4.325,0.0010241
4.33,0.001019
4.335,0.0010138
4.34,0.0010088
4.345,0.0010037
4.35,0.00099866
4.355,0.00099366
4.36,0.00098868
4.365,0.00098373
4.37,0.0009788
4.375,0.00097391
4.38,0.00096904
4.385,0.0009642
4.39,0.00095938
4.395,0.00095459
4.4,0.00094983
4.405,0.00094509
4.41,0.00094038
4.415,0.00093569
4.42,0.00093103
4.425,0.0009264
4.43,0.00092179
4.435,0.00091721
4.44,0.00091265
4.445,0.00090812
4.45,0.00090361
4.455,0.00089913
4.46,0.00089467
4.465,0.00089024
4.47,0.00088583
4.475,0.00088144
4.48,0.00087708
4.485,0.00087274
4.49,0.00086843
4.495,0.00086414
4.5,0.00085987
4.505,0.00085563
4.51,0.00085141
4.515,0.00084722
4.52,0.00084304
4.525,0.00083889
4.53,0.00083477
4.535,0.00083066
4.54,0.00082658
4.545,0.00082252
4.55,0.00081848
4.555,0.00081447
4.56,0.00081048
4.565,0.00080651
4.57,0.00080256
4.575,0.00079863
4.58,0.00079472
4.585,0.00079084
4.59,0.00078697
4.595,0.00078313
4.6,0.00077931
4.605,0.00077551
4.61,0.00077173
4.615,0.00076797
4.62,0.00076423
4.625,0.00076052
4.63,0.00075682
4.635,0.00075314
4.64,0.00074949
4.645,0.00074585
4.65,0.00074223
4.655,0.00073863
4.66,0.00073506
4.665,0.0007315
4.67,0.00072796
4.675,0.00072444
4.68,0.00072094
4.685,0.00071746
4.69,0.000714
4.695,0.00071055
4.7,0.00070713
4.705,0.00070372
4.71,0.00070033
4.715,0.00069697
4.72,0.00069361
4.725,0.00069028
4.73,0.00068697
4.735,0.00068367
4.74,0.00068039
4.745,0.00067713
4.75,0.00067389
4.755,0.00067066
4.76,0.00066746
4.765,0.00066427
4.77,0.00066109
4.775,0.00065794
4.78,0.0006548
4.785,0.00065168
4.79,0.00064857
4.795,0.00064548
4.8,0.00064241
4.805,0.00063936
4.81,0.00063632
4.815,0.0006333
4.82,0.00063029
4.825,0.0006273
4.83,0.00062433
4.835,0.00062137
4.84,0.00061843
4.845,0.00061551
4.85,0.0006126
4.855,0.00060971
4.86,0.00060683
4.865,0.00060396
4.87,0.00060112
4.875,0.00059829
4.88,0.00059547
4.885,0.00059267
4.89,0.00058988
4.895,0.00058711
4.9,0.00058435
4.905,0.00058161
4.91,0.00057888
4.915,0.00057617
4.92,0.00057347
4.925,0.00057079
4.93,0.00056812
4.935,0.00056547
4.94,0.00056283
4.945,0.0005602
4.95,0.00055759
4.955,0.00055499
4.96,0.0005524
4.965,0.00054983
4.97,0.00054728
4.975,0.00054473
4.98,0.0005422
4.985,0.00053969
4.99,0.00053718
4.995,0.00053469
5,0.00053222
5.005,0.00052975
5.01,0.0005273
5.015,0.00052487
5.02,0.00052244
5.025,0.00052003
5.03,0.00051763
5.035,0.00051524
5.04,0.00051287
5.045,0.00051051
5.05,0.00050816
5.055,0.00050583
5.06,0.0005035
5.065,0.00050119
5.07,0.00049889
5.075,0.00049661
5.08,0.00049433
5.085,0.00049207
5.09,0.00048982
5.095,0.00048758
5.1,0.00048535
5.105,0.00048314
5.11,0.00048093
5.115,0.00047874
5.12,0.00047656
5.125,0.00047439
5.13,0.00047223
5.135,0.00047009
5.14,0.00046795
5.145,0.00046583
5.15,0.00046371
5.155,0.00046161
5.16,0.00045952
5.165,0.00045744
5.17,0.00045537
5.175,0.00045331
5.18,0.00045127
5.185,0.00044923
5.19,0.0004472
5.195,0.00044519
5.2,0.00044318
5.205,0.00044119
5.21,0.0004392
5.215,0.00043723
5.22,0.00043527
5.225,0.00043331
5.23,0.00043137
5.235,0.00042944
5.24,0.00042751
5.245,0.0004256
5.25,0.0004237
5.255,0.0004218
5.26,0.00041992
5.265,0.00041805
5.27,0.00041618
5.275,0.00041433
5.28,0.00041248
5.285,0.00041065
5.29,0.00040882
5.295,0.000407
5.3,0.0004052
5.305,0.0004034
5.31,0.00040161
5.315,0.00039983
5.32,0.00039806
5.325,0.0003963
5.33,0.00039455
5.335,0.0003928
5.34,0.00039107
5.345,0.00038934
5.35,0.00038763
5.355,0.00038592
5.36,0.00038422
5.365,0.00038253
5.37,0.00038085
5.375,0.00037918
5.38,0.00037751
5.385,0.00037586
5.39,0.00037421
5.395,0.00037257
5.4,0.00037094
5.405,0.00036932
5.41,0.0003677
5.415,0.0003661
5.42,0.0003645
5.425,0.00036291
5.43,0.00036133
5.435,0.00035975
5.44,0.00035819
5.445,0.00035663
5.45,0.00035508
5.455,0.00035354
5.46,0.000352
5.465,0.00035048
5.47,0.00034896
5.475,0.00034745
5.48,0.00034594
5.485,0.00034445
5.49,0.00034296
5.495,0.00034148
5.5,0.00034001
5.505,0.00033854
5.51,0.00033708
5.515,0.00033563
5.52,0.00033419
5.525,0.00033275
5.53,0.00033132
5.535,0.0003299
5.54,0.00032848
5.545,0.00032707
5.55,0.00032567
5.555,0.00032428
5.56,0.00032289
5.565,0.00032151
5.57,0.00032014
5.575,0.00031877
5.58,0.00031741
5.585,0.00031606
5.59,0.00031471
5.595,0.00031337
5.6,0.00031204
5.605,0.00031071
5.61,0.0003094
5.615,0.00030808
5.62,0.00030678
5.625,0.00030548
5.63,0.00030418
5.635,0.00030289
5.64,0.00030161
5.645,0.00030034
5.65,0.00029907
5.655,0.00029781
5.66,0.00029655
5.665,0.0002953
5.67,0.00029406
5.675,0.00029282
5.68,0.00029159
5.685,0.00029037
5.69,0.00028915
5.695,0.00028794
5.7,0.00028673
5.705,0.00028553
5.71,0.00028433
5.715,0.00028314
5.72,0.00028196
5.725,0.00028078
5.73,0.00027961
5.735,0.00027844
5.74,0.00027728
5.745,0.00027613
5.75,0.00027498
5.755,0.00027383
5.76,0.0002727
5.765,0.00027156
5.77,0.00027044
5.775,0.00026932
5.78,0.0002682
5.785,0.00026709
5.79,0.00026598
5.795,0.00026488
5.8,0.00026379
5.805,0.0002627
5.81,0.00026162
5.815,0.00026054
5.82,0.00025946
5.825,0.0002584
5.83,0.00025733
5.835,0.00025627
5.84,0.00025522
5.845,0.00025417
5.85,0.00025313
5.855,0.00025209
5.86,0.00025106
5.865,0.00025003
5.87,0.00024901
5.875,0.00024799
5.88,0.00024698
5.885,0.00024597
5.89,0.00024497
5.895,0.00024397
5.9,0.00024297
5.905,0.00024199
5.91,0.000241
5.915,0.00024002
5.92,0.00023905
5.925,0.00023808
5.93,0.00023711
5.935,0.00023615
5.94,0.00023519
5.945,0.00023424
5.95,0.00023329
5.955,0.00023235
5.96,0.00023141
5.965,0.00023048
5.97,0.00022955
5.975,0.00022862
5.98,0.0002277
5.985,0.00022679
5.99,0.00022588
5.995,0.00022497
6,0.00022406
6.005,0.00022316
6.01,0.00022227
6.015,0.00022138
6.02,0.00022049
6.025,0.00021961
6.03,0.00021873
6.035,0.00021786
6.04,0.00021699
6.045,0.00021612
6.05,0.00021526
6.055,0.0002144
6.06,0.00021355
6.065,0.0002127
6.07,0.00021185
6.075,0.00021101
6.08,0.00021017
6.085,0.00020934
6.09,0.00020851
6.095,0.00020768
6.1,0.00020686
6.105,0.00020604
6.11,0.00020523
6.115,0.00020442
6.12,0.00020361
6.125,0.00020281
6.13,0.00020201
6.135,0.00020121
6.14,0.00020042
6.145,0.00019963
6.15,0.00019885
6.155,0.00019807
6.16,0.00019729
6.165,0.00019652
6.17,0.00019575
6.175,0.00019498
6.18,0.00019422
6.185,0.00019346
6.19,0.0001927
6.195,0.00019195
6.2,0.0001912
6.205,0.00019045
6.21,0.00018971
6.215,0.00018897
6.22,0.00018823
6.225,0.0001875
6.23,0.00018677
6.235,0.00018605
6.24,0.00018533
6.245,0.00018461
6.25,0.00018389
6.255,0.00018318
6.26,0.00018247
6.265,0.00018176
6.27,0.00018106
6.275,0.00018036
6.28,0.00017967
