0,0
0.005,0
0.01,0
0.015,0
0.02,0
0.025,0
0.03,0
0.035,0
0.04,0
0.045,0
0.05,0
0.055,0
0.06,0
0.065,0
0.07,0
0.075,0
0.08,0
0.085,0
0.09,0
0.095,0
0.1,0
0.105,0
0.11,0
0.115,0
0.12,0
0.125,0
0.13,0
0.135,0
0.14,0
0.145,0
0.15,0
0.155,0
0.16,0
0.165,0
0.17,0
0.175,0
0.18,0
0.185,0
0.19,0
0.195,0
0.2,0
0.205,0
0.21,0
0.215,2.9107e-310
0.22,6.7935e-283
0.225,1.8038e-258
0.23,1.2822e-236
0.235,5.0743e-217
0.24,2.0971e-199
0.245,1.5558e-183
0.25,3.3088e-169
0.255,3.0272e-156
0.26,1.6953e-144
0.265,7.9033e-134
0.27,4.0125e-124
0.275,2.8076e-115
0.28,3.3292e-107
0.285,8.0265e-100
0.29,4.62e-93
0.295,7.3179e-87
0.3,3.6178e-81
0.305,6.2427e-76
0.31,4.1531e-71
0.315,1.164e-66
0.32,1.4878e-62
0.325,9.3093e-59
0.33,3.0384e-55
0.335,5.4768e-52
0.34,5.7387e-49
0.345,3.6609e-46
0.35,1.4824e-43
0.355,3.956e-41
0.36,7.1993e-39
0.365,9.2145e-37
0.37,8.5301e-35
0.375,5.8586e-33
0.38,3.0553e-31
0.385,1.2356e-29
0.39,3.9499e-28
0.395,1.0159e-26
0.4,2.1361e-25
0.405,3.7263e-24
0.41,5.4659e-23
0.415,6.8253e-22
0.42,7.3381e-21
0.425,6.8639e-20
0.43,5.6395e-19
0.435,4.106e-18
0.44,2.6708e-17
0.445,1.5638e-16
0.45,8.2986e-16
0.455,4.0172e-15
0.46,1.7845e-14
0.465,7.3136e-14
0.47,2.7797e-13
0.475,9.8439e-13
0.48,3.2623e-12
0.485,1.0159e-11
0.49,2.9837e-11
0.495,8.2944e-11
0.5,2.1896e-10
0.505,5.5057e-10
0.51,1.3224e-09
0.515,3.0419e-09
0.52,6.7184e-09
0.525,1.428e-08
0.53,2.927e-08
0.535,5.7981e-08
0.54,1.112e-07
0.545,2.0685e-07
0.55,3.7383e-07
0.555,6.5738e-07
0.56,1.1265e-06
0.565,1.8836e-06
0.57,3.0773e-06
0.575,4.9181e-06
0.58,7.6977e-06
0.585,1.1812e-05
0.59,1.7788e-05
0.595,2.6314e-05
0.6,3.8272e-05
0.605,5.4775e-05
0.61,7.7202e-05
0.615,0.00010724
0.62,0.00014691
0.625,0.00019862
0.63,0.00026519
0.635,0.00034985
0.64,0.00045631
0.645,0.00058872
0.65,0.00075174
0.655,0.00095045
0.66,0.0011904
0.665,0.0014776
0.67,0.0018184
0.675,0.0022194
0.68,0.0026877
0.685,0.0032306
0.69,0.0038553
0.695,0.0045693
0.7,0.0053802
0.705,0.0062954
0.71,0.0073221
0.715,0.0084673
0.72,0.0097378
0.725,0.01114
0.73,0.012679
0.735,0.014362
0.74,0.016192
0.745,0.018173
0.75,0.02031
0.755,0.022605
0.76,0.02506
0.765,0.027677
0.77,0.030455
0.775,0.033394
0.78,0.036494
0.785,0.039753
0.79,0.043167
0.795,0.046735
0.8,0.050451
0.805,0.054311
0.81,0.05831
0.815,0.062442
0.82,0.066701
0.825,0.071079
0.83,0.075569
0.835,0.080164
0.84,0.084855
0.845,0.089634
0.85,0.094492
0.855,0.099421
0.86,0.10441
0.865,0.10945
0.87,0.11453
0.875,0.11965
0.88,0.12479
0.885,0.12995
0.89,0.13511
0.895,0.14026
0.9,0.14541
0.905,0.15053
0.91,0.15562
0.915,0.16067
0.92,0.16568
0.925,0.17062
0.93,0.17551
0.935,0.18033
0.94,0.18506
0.945,0.18972
0.95,0.19428
0.955,0.19874
0.96,0.2031
0.965,0.20736
0.97,0.2115
0.975,0.21552
0.98,0.21941
0.985,0.22318
0.99,0.22682
0.995,0.23032
1,0.23369
1.005,0.23691
1.01,0.24
1.015,0.24293
1.02,0.24572
1.025,0.24837
1.03,0.25086
1.035,0.2532
1.04,0.25539
1.045,0.25743
1.05,0.25931
1.055,0.26105
1.06,0.26263
1.065,0.26406
1.07,0.26535
1.075,0.26648
1.08,0.26747
1.085,0.26831
1.09,0.26901
1.095,0.26957
1.1,0.26999
1.105,0.27027
1.11,0.27042
1.115,0.27043
1.12,0.27032
1.125,0.27008
1.13,0.26971
1.135,0.26923
1.14,0.26863
1.145,0.26791
1.15,0.26708
1.155,0.26615
1.16,0.26511
1.165,0.26397
1.17,0.26273
1.175,0.2614
1.18,0.25998
1.185,0.25848
1.19,0.25689
1.195,0.25523
1.2,0.25348
1.205,0.25167
1.21,0.24979
1.215,0.24785
1.22,0.24584
1.225,0.24378
1.23,0.24166
1.235,0.23949
1.24,0.23728
1.245,0.23502
1.25,0.23272
1.255,0.23039
1.26,0.22802
1.265,0.22562
1.27,0.22319
1.275,0.22073
1.28,0.21826
1.285,0.21576
1.29,0.21325
1.295,0.21072
1.3,0.20819
1.305,0.20564
1.31,0.20308
1.315,0.20053
1.32,0.19797
1.325,0.1954
1.33,0.19284
1.335,0.19029
1.34,0.18774
1.345,0.1852
1.35,0.18266
1.355,0.18014
1.36,0.17763
1.365,0.17513
1.37,0.17265
1.375,0.17019
1.38,0.16774
1.385,0.16531
1.39,0.1629
1.395,0.16051
1.4,0.15815
1.405,0.1558
1.41,0.15348
1.415,0.15118
1.42,0.14891
1.425,0.14666
1.43,0.14444
1.435,0.14225
1.44,0.14008
1.445,0.13794
1.45,0.13583
1.455,0.13375
1.46,0.13169
1.465,0.12966
1.47,0.12766
1.475,0.12569
1.48,0.12375
1.485,0.12184
1.49,0.11995
1.495,0.1181
1.5,0.11627
1.505,0.11448
1.51,0.11271
1.515,0.11097
1.52,0.10926
1.525,0.10758
1.53,0.10592
1.535,0.1043
1.54,0.1027
1.545,0.10113
1.55,0.099582
1.555,0.098066
1.56,0.096575
1.565,0.095112
1.57,0.093674
1.575,0.092263
1.58,0.090876
1.585,0.089515
1.59,0.088179
1.595,0.086867
1.6,0.08558
1.605,0.084316
1.61,0.083076
1.615,0.081858
1.62,0.080664
1.625,0.079491
1.63,0.078341
1.635,0.077212
1.64,0.076105
1.645,0.075018
1.65,0.073952
1.655,0.072906
1.66,0.07188
1.665,0.070873
1.67,0.069886
1.675,0.068916
1.68,0.067966
1.685,0.067033
1.69,0.066118
1.695,0.06522
1.7,0.064339
1.705,0.063475
1.71,0.062626
1.715,0.061794
1.72,0.060978
1.725,0.060176
1.73,0.05939
1.735,0.058618
1.74,0.057861
1.745,0.057118
1.75,0.056388
1.755,0.055672
1.76,0.054969
1.765,0.054279
1.77,0.053601
1.775,0.052936
1.78,0.052283
1.785,0.051641
1.79,0.051012
1.795,0.050393
1.8,0.049785
1.805,0.049189
1.81,0.048602
1.815,0.048026
1.82,0.04746
1.825,0.046904
1.83,0.046358
1.835,0.045821
1.84,0.045293
1.845,0.044774
1.85,0.044264
1.855,0.043763
1.86,0.04327
1.865,0.042785
1.87,0.042308
1.875,0.04184
1.88,0.041378
1.885,0.040925
1.89,0.040478
1.895,0.040039
1.9,0.039607
1.905,0.039182
1.91,0.038763
1.915,0.038351
1.92,0.037946
1.925,0.037546
1.93,0.037153
1.935,0.036766
1.94,0.036385
1.945,0.036009
1.95,0.035639
1.955,0.035275
1.96,0.034916
1.965,0.034562
1.97,0.034214
1.975,0.03387
1.98,0.033532
1.985,0.033198
1.99,0.032869
1.995,0.032545
2,0.032225
2.005,0.031909
2.01,0.031598
2.015,0.031292
2.02,0.030989
2.025,0.030691
2.03,0.030396
2.035,0.030106
2.04,0.029819
2.045,0.029536
2.05,0.029257
2.055,0.028982
2.06,0.02871
2.065,0.028441
2.07,0.028176
2.075,0.027915
2.08,0.027656
2.085,0.027401
2.09,0.02715
2.095,0.026901
2.1,0.026655
2.105,0.026412
2.11,0.026173
2.115,0.025936
2.12,0.025702
2.125,0.025471
2.13,0.025242
2.135,0.025017
2.14,0.024793
2.145,0.024573
2.15,0.024355
2.155,0.02414
2.16,0.023927
2.165,0.023717
2.17,0.023509
2.175,0.023303
2.18,0.0231
2.185,0.022899
2.19,0.0227
2.195,0.022503
2.2,0.022309
2.205,0.022117
2.21,0.021927
2.215,0.021739
2.22,0.021553
2.225,0.021369
2.23,0.021187
2.235,0.021007
2.24,0.020829
2.245,0.020653
2.25,0.020479
2.255,0.020306
2.26,0.020136
2.265,0.019967
2.27,0.0198
2.275,0.019635
2.28,0.019471
2.285,0.019309
2.29,0.019149
2.295,0.018991
2.3,0.018834
2.305,0.018679
2.31,0.018525
2.315,0.018373
2.32,0.018222
2.325,0.018073
2.33,0.017926
2.335,0.01778
2.34,0.017635
2.345,0.017492
2.35,0.017351
2.355,0.017211
2.36,0.017072
2.365,0.016934
2.37,0.016798
2.375,0.016664
2.38,0.01653
2.385,0.016398
2.39,0.016267
2.395,0.016138
2.4,0.016009
2.405,0.015882
2.41,0.015757
2.415,0.015632
2.42,0.015509
2.425,0.015387
2.43,0.015266
2.435,0.015146
2.44,0.015027
2.445,0.01491
2.45,0.014793
2.455,0.014678
2.46,0.014564
2.465,0.014451
2.47,0.014339
2.475,0.014228
2.48,0.014118
2.485,0.014009
2.49,0.013901
2.495,0.013795
2.5,0.013689
2.505,0.013584
2.51,0.01348
2.515,0.013377
2.52,0.013275
2.525,0.013174
2.53,0.013074
2.535,0.012975
2.54,0.012877
2.545,0.01278
2.55,0.012684
2.555,0.012588
2.56,0.012493
2.565,0.0124
2.57,0.012307
2.575,0.012215
2.58,0.012124
2.585,0.012033
2.59,0.011944
2.595,0.011855
2.6,0.011767
2.605,0.01168
2.61,0.011594
2.615,0.011508
2.62,0.011423
2.625,0.011339
2.63,0.011256
2.635,0.011174
2.64,0.011092
2.645,0.011011
2.65,0.010931
2.655,0.010851
2.66,0.010772
2.665,0.010694
2.67,0.010617
2.675,0.01054
2.68,0.010464
2.685,0.010388
2.69,0.010313
2.695,0.010239
2.7,0.010166
2.705,0.010093
2.71,0.010021
2.715,0.0099493
2.72,0.0098784
2.725,0.0098081
2.73,0.0097385
2.735,0.0096694
2.74,0.0096009
2.745,0.009533
2.75,0.0094657
2.755,0.009399
2.76,0.0093329
2.765,0.0092673
2.77,0.0092023
2.775,0.0091379
2.78,0.009074
2.785,0.0090107
2.79,0.0089479
2.795,0.0088857
2.8,0.0088239
2.805,0.0087627
2.81,0.0087021
2.815,0.0086419
2.82,0.0085823
2.825,0.0085231
2.83,0.0084645
2.835,0.0084064
2.84,0.0083487
2.845,0.0082915
2.85,0.0082349
2.855,0.0081787
2.86,0.0081229
2.865,0.0080676
2.87,0.0080128
2.875,0.0079585
2.88,0.0079046
2.885,0.0078512
2.89,0.0077982
2.895,0.0077456
2.9,0.0076935
2.905,0.0076418
2.91,0.0075905
2.915,0.0075397
2.92,0.0074893
2.925,0.0074392
2.93,0.0073897
2.935,0.0073405
2.94,0.0072917
2.945,0.0072433
2.95,0.0071953
2.955,0.0071477
2.96,0.0071005
2.965,0.0070537
2.97,0.0070072
2.975,0.0069612
2.98,0.0069155
2.985,0.0068701
2.99,0.0068252
2.995,0.0067806
3,0.0067363
3.005,0.0066925
3.01,0.0066489
3.015,0.0066058
3.02,0.0065629
3.025,0.0065204
3.03,0.0064783
3.035,0.0064365
3.04,0.006395
3.045,0.0063538
3.05,0.006313
3.055,0.0062725
3.06,0.0062323
3.065,0.0061925
3.07,0.0061529
3.075,0.0061137
3.08,0.0060748
3.085,0.0060361
3.09,0.0059978
3.095,0.0059598
3.1,0.0059221
3.105,0.0058847
3.11,0.0058475
3.115,0.0058107
3.12,0.0057741
3.125,0.0057378
3.13,0.0057019
3.135,0.0056661
3.14,0.0056307
3.145,0.0055955
3.15,0.0055607
3.155,0.005526
3.16,0.0054917
3.165,0.0054576
3.17,0.0054238
3.175,0.0053902
3.18,0.0053569
3.185,0.0053238
3.19,0.005291
3.195,0.0052585
3.2,0.0052261
3.205,0.0051941
3.21,0.0051623
3.215,0.0051307
3.22,0.0050993
3.225,0.0050682
3.23,0.0050374
3.235,0.0050067
3.24,0.0049763
3.245,0.0049462
3.25,0.0049162
3.255,0.0048865
3.26,0.004857
3.265,0.0048277
3.27,0.0047986
3.275,0.0047698
3.28,0.0047412
3.285,0.0047127
3.29,0.0046845
3.295,0.0046565
3.3,0.0046287
3.305,0.0046011
3.31,0.0045738
3.315,0.0045466
3.32,0.0045196
3.325,0.0044928
3.33,0.0044662
3.335,0.0044398
3.34,0.0044136
3.345,0.0043876
3.35,0.0043618
3.355,0.0043362
3.36,0.0043107
3.365,0.0042855
3.37,0.0042604
3.375,0.0042355
3.38,0.0042108
3.385,0.0041863
3.39,0.0041619
3.395,0.0041377
3.4,0.0041137
3.405,0.0040899
3.41,0.0040662
3.415,0.0040427
3.42,0.0040194
3.425,0.0039962
3.43,0.0039733
3.435,0.0039504
3.44,0.0039278
3.445,0.0039053
3.45,0.0038829
3.455,0.0038607
3.46,0.0038387
3.465,0.0038168
3.47,0.0037951
3.475,0.0037735
3.48,0.0037521
3.485,0.0037309
3.49,0.0037097
3.495,0.0036888
3.5,0.003668
3.505,0.0036473
3.51,0.0036268
3.515,0.0036064
3.52,0.0035861
3.525,0.003566
3.53,0.0035461
3.535,0.0035262
3.54,0.0035066
3.545,0.003487
3.55,0.0034676
3.555,0.0034483
3.56,0.0034292
3.565,0.0034102
3.57,0.0033913
3.575,0.0033725
3.58,0.0033539
3.585,0.0033354
3.59,0.003317
3.595,0.0032988
3.6,0.0032807
3.605,0.0032627
3.61,0.0032448
3.615,0.003227
3.62,0.0032094
3.625,0.0031919
3.63,0.0031745
3.635,0.0031572
3.64,0.00314
3.645,0.003123
3.65,0.0031061
3.655,0.0030893
3.66,0.0030726
3.665,0.003056
3.67,0.0030395
3.675,0.0030231
3.68,0.0030069
3.685,0.0029907
3.69,0.0029747
3.695,0.0029587
3.7,0.0029429
3.705,0.0029272
3.71,0.0029116
3.715,0.002896
3.72,0.0028806
3.725,0.0028653
3.73,0.0028501
3.735,0.002835
3.74,0.00282
3.745,0.0028051
3.75,0.0027902
3.755,0.0027755
3.76,0.0027609
3.765,0.0027464
3.77,0.002732
3.775,0.0027176
3.78,0.0027034
3.785,0.0026892
3.79,0.0026752
3.795,0.0026612
3.8,0.0026473
3.805,0.0026335
3.81,0.0026198
3.815,0.0026062
3.82,0.0025927
3.825,0.0025793
3.83,0.0025659
3.835,0.0025527
3.84,0.0025395
3.845,0.0025264
3.85,0.0025134
3.855,0.0025005
3.86,0.0024876
3.865,0.0024749
3.87,0.0024622
3.875,0.0024496
3.88,0.0024371
3.885,0.0024246
3.89,0.0024123
3.895,0.0024
3.9,0.0023878
3.905,0.0023757
3.91,0.0023636
3.915,0.0023517
3.92,0.0023398
3.925,0.0023279
3.93,0.0023162
3.935,0.0023045
3.94,0.0022929
3.945,0.0022814
3.95,0.0022699
3.955,0.0022585
3.96,0.0022472
3.965,0.002236
3.97,0.0022248
3.975,0.0022137
3.98,0.0022027
3.985,0.0021917
3.99,0.0021808
3.995,0.00217
4,0.0021592
4.005,0.0021485
4.01,0.0021379
4.015,0.0021273
4.02,0.0021168
4.025,0.0021064
4.03,0.002096
4.035,0.0020857
4.04,0.0020754
4.045,0.0020653
4.05,0.0020551
4.055,0.0020451
4.06,0.0020351
4.065,0.0020251
4.07,0.0020153
4.075,0.0020054
4.08,0.0019957
4.085,0.001986
4.09,0.0019763
4.095,0.0019668
4.1,0.0019572
4.105,0.0019478
4.11,0.0019384
4.115,0.001929
4.12,0.0019197
4.125,0.0019105
4.13,0.0019013
4.135,0.0018922
4.14,0.0018831
4.145,0.0018741
4.15,0.0018651
4.155,0.0018562
4.16,0.0018473
4.165,0.0018385
4.17,0.0018297
4.175,0.001821
4.18,0.0018124
4.185,0.0018038
4.19,0.0017952
4.195,0.0017867
4.2,0.0017783
4.205,0.0017699
4.21,0.0017615
4.215,0.0017532
4.22,0.001745
4.225,0.0017368
4.23,0.0017286
4.235,0.0017205
4.24,0.0017124
4.245,0.0017044
4.25,0.0016964
4.255,0.0016885
4.26,0.0016806
4.265,0.0016728
4.27,0.001665
4.275,0.0016573
4.28,0.0016496
4.285,0.0016419
4.29,0.0016343
4.295,0.0016268
4.3,0.0016193
4.305,0.0016118
4.31,0.0016043
4.315,0.001597
4.32,0.0015896
4.325,0.0015823
4.33,0.001575
4.335,0.0015678
4.34,0.0015606
4.345,0.0015535
4.35,0.0015464
4.355,0.0015393
4.36,0.0015323
4.365,0.0015253
4.37,0.0015184
4.375,0.0015115
4.38,0.0015046
4.385,0.0014978
4.39,0.001491
4.395,0.0014843
4.4,0.0014776
4.405,0.0014709
4.41,0.0014643
4.415,0.0014577
4.42,0.0014511
4.425,0.0014446
4.43,0.0014381
4.435,0.0014317
4.44,0.0014253
4.445,0.0014189
4.45,0.0014125
4.455,0.0014062
4.46,0.0014
4.465,0.0013937
4.47,0.0013875
4.475,0.0013814
4.48,0.0013752
4.485,0.0013691
4.49,0.0013631
4.495,0.001357
4.5,0.001351
4.505,0.0013451
4.51,0.0013391
4.515,0.0013332
4.52,0.0013274
4.525,0.0013215
4.53,0.0013157
4.535,0.0013099
4.54,0.0013042
4.545,0.0012985
4.55,0.0012928
4.555,0.0012872
4.56,0.0012816
4.565,0.001276
4.57,0.0012704
4.575,0.0012649
4.58,0.0012594
4.585,0.0012539
4.59,0.0012485
4.595,0.0012431
4.6,0.0012377
4.605,0.0012324
4.61,0.001227
4.615,0.0012218
4.62,0.0012165
4.625,0.0012113
4.63,0.001206
4.635,0.0012009
4.64,0.0011957
4.645,0.0011906
4.65,0.0011855
4.655,0.0011804
4.66,0.0011754
4.665,0.0011704
4.67,0.0011654
4.675,0.0011604
4.68,0.0011555
4.685,0.0011506
4.69,0.0011457
4.695,0.0011408
4.7,0.001136
4.705,0.0011312
4.71,0.0011264
4.715,0.0011217
4.72,0.0011169
4.725,0.0011122
4.73,0.0011075
4.735,0.0011029
4.74,0.0010983
4.745,0.0010937
4.75,0.0010891
4.755,0.0010845
4.76,0.00108
4.765,0.0010755
4.77,0.001071
4.775,0.0010665
4.78,0.0010621
4.785,0.0010576
4.79,0.0010532
4.795,0.0010489
4.8,0.0010445
4.805,0.0010402
4.81,0.0010359
4.815,0.0010316
4.82,0.0010273
4.825,0.0010231
4.83,0.0010189
4.835,0.0010147
4.84,0.0010105
4.845,0.0010064
4.85,0.0010022
4.855,0.00099812
4.86,0.00099403
4.865,0.00098996
4.87,0.00098591
4.875,0.00098188
4.88,0.00097788
4.885,0.00097389
4.89,0.00096992
4.895,0.00096598
4.9,0.00096205
4.905,0.00095814
4.91,0.00095426
4.915,0.00095039
4.92,0.00094654
4.925,0.00094272
4.93,0.00093891
4.935,0.00093512
4.94,0.00093135
4.945,0.0009276
4.95,0.00092386
4.955,0.00092015
4.96,0.00091645
4.965,0.00091278
4.97,0.00090912
4.975,0.00090548
4.98,0.00090186
4.985,0.00089825
4.99,0.00089467
4.995,0.0008911
5,0.00088755
5.005,0.00088402
5.01,0.0008805
5.015,0.000877
5.02,0.00087352
5.025,0.00087006
5.03,0.00086661
5.035,0.00086318
5.04,0.00085977
5.045,0.00085638
5.05,0.000853
5.055,0.00084964
5.06,0.00084629
5.065,0.00084296
5.07,0.00083965
5.075,0.00083635
5.08,0.00083307
5.085,0.00082981
5.09,0.00082656
5.095,0.00082333
5.1,0.00082011
5.105,0.00081691
5.11,0.00081372
5.115,0.00081055
5.12,0.0008074
5.125,0.00080426
5.13,0.00080114
5.135,0.00079803
5.14,0.00079493
5.145,0.00079186
5.15,0.00078879
5.155,0.00078574
5.16,0.00078271
5.165,0.00077969
5.17,0.00077668
5.175,0.00077369
5.18,0.00077072
5.185,0.00076775
5.19,0.0007648
5.195,0.00076187
5.2,0.00075895
5.205,0.00075604
5.21,0.00075315
5.215,0.00075027
5.22,0.00074741
5.225,0.00074456
5.23,0.00074172
5.235,0.0007389
5.24,0.00073609
5.245,0.00073329
5.25,0.00073051
5.255,0.00072774
5.26,0.00072498
5.265,0.00072223
5.27,0.0007195
5.275,0.00071678
5.28,0.00071408
5.285,0.00071138
5.29,0.0007087
5.295,0.00070604
5.3,0.00070338
5.305,0.00070074
5.31,0.00069811
5.315,0.00069549
5.32,0.00069288
5.325,0.00069029
5.33,0.00068771
5.335,0.00068514
5.34,0.00068258
5.345,0.00068003
5.35,0.0006775
5.355,0.00067498
5.36,0.00067247
5.365,0.00066997
5.37,0.00066748
5.375,0.00066501
5.38,0.00066254
5.385,0.00066009
5.39,0.00065765
5.395,0.00065522
5.4,0.0006528
5.405,0.00065039
5.41,0.00064799
5.415,0.00064561
5.42,0.00064323
5.425,0.00064087
5.43,0.00063852
5.435,0.00063617
5.44,0.00063384
5.445,0.00063152
5.45,0.00062921
5.455,0.00062691
5.46,0.00062462
5.465,0.00062234
5.47,0.00062008
5.475,0.00061782
5.48,0.00061557
5.485,0.00061333
5.49,0.0006111
5.495,0.00060889
5.5,0.00060668
5.505,0.00060448
5.51,0.00060229
5.515,0.00060012
5.52,0.00059795
5.525,0.00059579
5.53,0.00059364
5.535,0.0005915
5.54,0.00058938
5.545,0.00058726
5.55,0.00058515
5.555,0.00058305
5.56,0.00058095
5.565,0.00057887
5.57,0.0005768
5.575,0.00057474
5.58,0.00057268
5.585,0.00057064
5.59,0.0005686
5.595,0.00056658
5.6,0.00056456
5.605,0.00056255
5.61,0.00056055
5.615,0.00055856
5.62,0.00055658
5.625,0.0005546
5.63,0.00055264
5.635,0.00055068
5.64,0.00054874
5.645,0.0005468
5.65,0.00054487
5.655,0.00054295
5.66,0.00054103
5.665,0.00053913
5.67,0.00053723
5.675,0.00053534
5.68,0.00053346
5.685,0.00053159
5.69,0.00052973
5.695,0.00052787
5.7,0.00052603
5.705,0.00052419
5.71,0.00052236
5.715,0.00052053
5.72,0.00051872
5.725,0.00051691
5.73,0.00051511
5.735,0.00051332
5.74,0.00051154
5.745,0.00050976
5.75,0.00050799
5.755,0.00050623
5.76,0.00050448
5.765,0.00050273
5.77,0.000501
5.775,0.00049927
5.78,0.00049754
5.785,0.00049583
5.79,0.00049412
5.795,0.00049242
5.8,0.00049072
5.805,0.00048904
5.81,0.00048736
5.815,0.00048569
5.82,0.00048402
5.825,0.00048237
5.83,0.00048071
5.835,0.00047907
5.84,0.00047743
5.845,0.00047581
5.85,0.00047418
5.855,0.00047257
5.86,0.00047096
5.865,0.00046936
5.87,0.00046776
5.875,0.00046617
5.88,0.00046459
5.885,0.00046302
5.89,0.00046145
5.895,0.00045989
5.9,0.00045833
5.905,0.00045678
5.91,0.00045524
5.915,0.00045371
5.92,0.00045218
5.925,0.00045066
5.93,0.00044914
5.935,0.00044763
5.94,0.00044613
5.945,0.00044463
5.95,0.00044314
5.955,0.00044165
5.96,0.00044018
5.965,0.0004387
5.97,0.00043724
5.975,0.00043578
5.98,0.00043432
5.985,0.00043288
5.99,0.00043143
5.995,0.00043
6,0.00042857
6.005,0.00042714
6.01,0.00042573
6.015,0.00042431
6.02,0.00042291
6.025,0.00042151
6.03,0.00042011
6.035,0.00041872
6.04,0.00041734
6.045,0.00041596
6.05,0.00041459
6.055,0.00041322
6.06,0.00041186
6.065,0.00041051
6.07,0.00040916
6.075,0.00040782
6.08,0.00040648
6.085,0.00040514
6.09,0.00040382
6.095,0.0004025
6.1,0.00040118
6.105,0.00039987
6.11,0.00039856
6.115,0.00039726
6.12,0.00039597
6.125,0.00039468
6.13,0.00039339
6.135,0.00039211
6.14,0.00039084
6.145,0.00038957
6.15,0.0003883
6.155,0.00038705
6.16,0.00038579
6.165,0.00038454
6.17,0.0003833
6.175,0.00038206
6.18,0.00038083
6.185,0.0003796
6.19,0.00037837
6.195,0.00037716
6.2,0.00037594
6.205,0.00037473
6.21,0.00037353
6.215,0.00037233
6.22,0.00037113
6.225,0.00036995
6.23,0.00036876
6.235,0.00036758
6.24,0.0003664
6.245,0.00036523
6.25,0.00036407
6.255,0.00036291
6.26,0.00036175
6.265,0.0003606
6.27,0.00035945
6.275,0.00035831
6.28,0.00035717
