0,0
0.005,0
0.01,0
0.015,0
0.02,0
0.025,0
0.03,0
0.035,0
0.04,0
0.045,0
0.05,0
0.055,0
0.06,0
0.065,0
0.07,0
0.075,0
0.08,0
0.085,0
0.09,0
0.095,0
0.1,0
0.105,0
0.11,0
0.115,0
0.12,0
0.125,0
0.13,0
0.135,0
0.14,0
0.145,0
0.15,0
0.155,0
0.16,0
0.165,0
0.17,0
0.175,0
0.18,0
0.185,0
0.19,0
0.195,0
0.2,0
0.205,0
0.21,0
0.215,0
0.22,0
0.225,0
0.23,0
0.235,0
0.24,0
0.245,0
0.25,0
0.255,0
0.26,0
0.265,0
0.27,0
0.275,0
0.28,0
0.285,1.7727e-303
0.29,5.8249e-283
0.295,3.8425e-264
0.3,7.4499e-247
0.305,5.9555e-231
0.31,2.6531e-216
0.315,8.6151e-203
0.32,2.592e-190
0.325,8.9551e-179
0.33,4.3065e-168
0.335,3.4261e-158
0.34,5.2671e-149
0.345,1.7996e-140
0.35,1.5505e-132
0.355,3.7752e-125
0.36,2.8801e-118
0.365,7.5593e-112
0.37,7.43e-106
0.375,2.9539e-100
0.38,5.0952e-095
0.385,4.0644e-090
0.39,1.5893e-085
0.395,3.2126e-081
0.4,3.5243e-077
0.405,2.1937e-073
0.41,8.0696e-070
0.415,1.8211e-066
0.42,2.6093e-063
0.425,2.4497e-060
0.43,1.5514e-057
0.435,6.8066e-055
0.44,2.1205e-052
0.445,4.7988e-050
0.45,8.0559e-048
0.455,1.0228e-045
0.46,9.9998e-044
0.465,7.6543e-042
0.47,4.6582e-040
0.475,2.2864e-038
0.48,9.1715e-037
0.485,3.044e-035
0.49,8.4553e-034
0.495,1.9867e-032
0.5,3.9877e-031
0.505,6.9017e-030
0.51,1.0388e-028
0.515,1.3708e-027
0.52,1.5979e-026
0.525,1.6567e-025
0.53,1.538e-024
0.535,1.2863e-023
0.54,9.7464e-023
0.545,6.7274e-022
0.55,4.2513e-021
0.555,2.4713e-020
0.56,1.3273e-019
0.565,6.6141e-019
0.57,3.0698e-018
0.575,1.332e-017
0.58,5.4219e-017
0.585,2.077e-016
0.59,7.5114e-016
0.595,2.5718e-015
0.6,8.3591e-015
0.605,2.5859e-014
0.61,7.6321e-014
0.615,2.1539e-013
0.62,5.8254e-013
0.625,1.5129e-012
0.63,3.7799e-012
0.635,9.1029e-012
0.64,2.1165e-011
0.645,4.759e-011
0.65,1.0364e-010
0.655,2.1894e-010
0.66,4.4922e-010
0.665,8.9644e-010
0.67,1.742e-009
0.675,3.3003e-009
0.68,6.1027e-009
0.685,1.1026e-008
0.69,1.9483e-008
0.695,3.3705e-008
0.7,5.7134e-008
0.705,9.4982e-008
0.71,1.5499e-007
0.715,2.4843e-007
0.72,3.9145e-007
0.725,6.0677e-007
0.73,9.2587e-007
0.735,1.3917e-006
0.74,2.0617e-006
0.745,3.0124e-006
0.75,4.3431e-006
0.755,6.1822e-006
0.76,8.6927e-006
0.765,1.208e-005
0.77,1.6597e-005
0.775,2.2557e-005
0.78,3.0339e-005
0.785,4.0398e-005
0.79,5.3274e-005
0.795,6.9606e-005
0.8,9.0135e-005
0.805,0.00011572
0.81,0.00014734
0.815,0.00018612
0.82,0.00023332
0.825,0.00029033
0.83,0.00035871
0.835,0.00044019
0.84,0.00053663
0.845,0.00065006
0.85,0.00078267
0.855,0.00093681
0.86,0.001115
0.865,0.0013198
0.87,0.001554
0.875,0.0018204
0.88,0.0021222
0.885,0.0024623
0.89,0.002844
0.895,0.0032704
0.9,0.0037449
0.905,0.0042707
0.91,0.0048511
0.915,0.0054895
0.92,0.0061892
0.925,0.0069533
0.93,0.0077851
0.935,0.0086876
0.94,0.0096639
0.945,0.010717
0.95,0.011849
0.955,0.013064
0.96,0.014363
0.965,0.01575
0.97,0.017225
0.975,0.018792
0.98,0.020452
0.985,0.022207
0.99,0.024059
0.995,0.026008
1,0.028056
1.005,0.030204
1.01,0.032452
1.015,0.034802
1.02,0.037254
1.025,0.039808
1.03,0.042464
1.035,0.045222
1.04,0.048082
1.045,0.051044
1.05,0.054107
1.055,0.05727
1.06,0.060533
1.065,0.063895
1.07,0.067355
1.075,0.070911
1.08,0.074562
1.085,0.078308
1.09,0.082146
1.095,0.086074
1.1,0.090092
1.105,0.094197
1.11,0.098386
1.115,0.10266
1.12,0.10701
1.125,0.11145
1.13,0.11595
1.135,0.12054
1.14,0.12519
1.145,0.12991
1.15,0.1347
1.155,0.13955
1.16,0.14446
1.165,0.14942
1.17,0.15444
1.175,0.15951
1.18,0.16462
1.185,0.16977
1.19,0.17496
1.195,0.18019
1.2,0.18544
1.205,0.19072
1.21,0.19602
1.215,0.20134
1.22,0.20666
1.225,0.21199
1.23,0.21733
1.235,0.22265
1.24,0.22797
1.245,0.23327
1.25,0.23855
1.255,0.2438
1.26,0.24901
1.265,0.25419
1.27,0.25932
1.275,0.26439
1.28,0.26941
1.285,0.27436
1.29,0.27924
1.295,0.28403
1.3,0.28874
1.305,0.29336
1.31,0.29788
1.315,0.30229
1.32,0.30659
1.325,0.31077
1.33,0.31481
1.335,0.31873
1.34,0.32251
1.345,0.32614
1.35,0.32962
1.355,0.33294
1.36,0.33609
1.365,0.33908
1.37,0.34189
1.375,0.34453
1.38,0.34698
1.385,0.34924
1.39,0.35131
1.395,0.35318
1.4,0.35486
1.405,0.35633
1.41,0.3576
1.415,0.35867
1.42,0.35953
1.425,0.36018
1.43,0.36062
1.435,0.36085
1.44,0.36088
1.445,0.3607
1.45,0.36031
1.455,0.35972
1.46,0.35892
1.465,0.35793
1.47,0.35674
1.475,0.35536
1.48,0.35379
1.485,0.35203
1.49,0.35009
1.495,0.34798
1.5,0.3457
1.505,0.34326
1.51,0.34066
1.515,0.3379
1.52,0.335
1.525,0.33196
1.53,0.32879
1.535,0.3255
1.54,0.32209
1.545,0.31856
1.55,0.31493
1.555,0.31121
1.56,0.3074
1.565,0.30351
1.57,0.29954
1.575,0.2955
1.58,0.29141
1.585,0.28726
1.59,0.28307
1.595,0.27884
1.6,0.27458
1.605,0.27029
1.61,0.26598
1.615,0.26166
1.62,0.25733
1.625,0.25299
1.63,0.24867
1.635,0.24435
1.64,0.24004
1.645,0.23576
1.65,0.23149
1.655,0.22726
1.66,0.22305
1.665,0.21889
1.67,0.21476
1.675,0.21067
1.68,0.20662
1.685,0.20263
1.69,0.19868
1.695,0.19479
1.7,0.19095
1.705,0.18717
1.71,0.18345
1.715,0.17979
1.72,0.17619
1.725,0.17265
1.73,0.16917
1.735,0.16576
1.74,0.16241
1.745,0.15913
1.75,0.15591
1.755,0.15275
1.76,0.14967
1.765,0.14664
1.77,0.14369
1.775,0.14079
1.78,0.13796
1.785,0.1352
1.79,0.1325
1.795,0.12986
1.8,0.12728
1.805,0.12477
1.81,0.12231
1.815,0.11991
1.82,0.11758
1.825,0.1153
1.83,0.11307
1.835,0.1109
1.84,0.10879
1.845,0.10673
1.85,0.10472
1.855,0.10276
1.86,0.10086
1.865,0.098999
1.87,0.097189
1.875,0.095426
1.88,0.093709
1.885,0.092036
1.89,0.090406
1.895,0.088819
1.9,0.087273
1.905,0.085767
1.91,0.0843
1.915,0.082871
1.92,0.08148
1.925,0.080124
1.93,0.078803
1.935,0.077516
1.94,0.076263
1.945,0.075041
1.95,0.073851
1.955,0.07269
1.96,0.071559
1.965,0.070457
1.97,0.069382
1.975,0.068334
1.98,0.067312
1.985,0.066315
1.99,0.065343
1.995,0.064394
2,0.063469
2.005,0.062565
2.01,0.061683
2.015,0.060822
2.02,0.059981
2.025,0.05916
2.03,0.058357
2.035,0.057573
2.04,0.056807
2.045,0.056058
2.05,0.055326
2.055,0.054609
2.06,0.053909
2.065,0.053223
2.07,0.052552
2.075,0.051896
2.08,0.051253
2.085,0.050623
2.09,0.050007
2.095,0.049403
2.1,0.048811
2.105,0.04823
2.11,0.047661
2.115,0.047103
2.12,0.046556
2.125,0.046019
2.13,0.045492
2.135,0.044974
2.14,0.044466
2.145,0.043967
2.15,0.043477
2.155,0.042996
2.16,0.042523
2.165,0.042058
2.17,0.041601
2.175,0.041151
2.18,0.040709
2.185,0.040274
2.19,0.039846
2.195,0.039425
2.2,0.03901
2.205,0.038602
2.21,0.0382
2.215,0.037804
2.22,0.037414
2.225,0.037029
2.23,0.036651
2.235,0.036277
2.24,0.035909
2.245,0.035547
2.25,0.035189
2.255,0.034836
2.26,0.034488
2.265,0.034145
2.27,0.033806
2.275,0.033472
2.28,0.033142
2.285,0.032816
2.29,0.032495
2.295,0.032178
2.3,0.031864
2.305,0.031555
2.31,0.031249
2.315,0.030947
2.32,0.030649
2.325,0.030355
2.33,0.030064
2.335,0.029776
2.34,0.029492
2.345,0.029212
2.35,0.028934
2.355,0.02866
2.36,0.028389
2.365,0.028121
2.37,0.027856
2.375,0.027594
2.38,0.027335
2.385,0.027079
2.39,0.026826
2.395,0.026575
2.4,0.026328
2.405,0.026083
2.41,0.025841
2.415,0.025601
2.42,0.025364
2.425,0.02513
2.43,0.024898
2.435,0.024669
2.44,0.024442
2.445,0.024218
2.45,0.023996
2.455,0.023776
2.46,0.023559
2.465,0.023344
2.47,0.023131
2.475,0.02292
2.48,0.022712
2.485,0.022506
2.49,0.022302
2.495,0.0221
2.5,0.0219
2.505,0.021702
2.51,0.021507
2.515,0.021313
2.52,0.021121
2.525,0.020932
2.53,0.020744
2.535,0.020558
2.54,0.020375
2.545,0.020193
2.55,0.020012
2.555,0.019834
2.56,0.019658
2.565,0.019483
2.57,0.01931
2.575,0.019139
2.58,0.01897
2.585,0.018802
2.59,0.018636
2.595,0.018472
2.6,0.018309
2.605,0.018148
2.61,0.017989
2.615,0.017831
2.62,0.017675
2.625,0.01752
2.63,0.017367
2.635,0.017215
2.64,0.017065
2.645,0.016917
2.65,0.01677
2.655,0.016624
2.66,0.01648
2.665,0.016337
2.67,0.016196
2.675,0.016056
2.68,0.015918
2.685,0.01578
2.69,0.015645
2.695,0.01551
2.7,0.015377
2.705,0.015245
2.71,0.015115
2.715,0.014986
2.72,0.014858
2.725,0.014731
2.73,0.014606
2.735,0.014481
2.74,0.014358
2.745,0.014237
2.75,0.014116
2.755,0.013997
2.76,0.013878
2.765,0.013761
2.77,0.013645
2.775,0.013531
2.78,0.013417
2.785,0.013304
2.79,0.013193
2.795,0.013082
2.8,0.012973
2.805,0.012865
2.81,0.012757
2.815,0.012651
2.82,0.012546
2.825,0.012442
2.83,0.012339
2.835,0.012236
2.84,0.012135
2.845,0.012035
2.85,0.011936
2.855,0.011837
2.86,0.01174
2.865,0.011644
2.87,0.011548
2.875,0.011453
2.88,0.01136
2.885,0.011267
2.89,0.011175
2.895,0.011084
2.9,0.010994
2.905,0.010904
2.91,0.010816
2.915,0.010728
2.92,0.010641
2.925,0.010555
2.93,0.01047
2.935,0.010385
2.94,0.010302
2.945,0.010219
2.95,0.010137
2.955,0.010056
2.96,0.009975
2.965,0.0098952
2.97,0.0098162
2.975,0.0097379
2.98,0.0096603
2.985,0.0095834
2.99,0.0095073
2.995,0.0094318
3,0.0093571
3.005,0.009283
3.01,0.0092097
3.015,0.009137
3.02,0.009065
3.025,0.0089936
3.03,0.0089229
3.035,0.0088529
3.04,0.0087834
3.045,0.0087147
3.05,0.0086465
3.055,0.008579
3.06,0.0085121
3.065,0.0084458
3.07,0.0083801
3.075,0.008315
3.08,0.0082506
3.085,0.0081866
3.09,0.0081233
3.095,0.0080606
3.1,0.0079984
3.105,0.0079367
3.11,0.0078757
3.115,0.0078151
3.12,0.0077552
3.125,0.0076957
3.13,0.0076368
3.135,0.0075785
3.14,0.0075206
3.145,0.0074633
3.15,0.0074065
3.155,0.0073502
3.16,0.0072944
3.165,0.007239
3.17,0.0071842
3.175,0.0071299
3.18,0.0070761
3.185,0.0070227
3.19,0.0069698
3.195,0.0069174
3.2,0.0068654
3.205,0.0068139
3.21,0.0067628
3.215,0.0067122
3.22,0.0066621
3.225,0.0066124
3.23,0.0065631
3.235,0.0065142
3.24,0.0064658
3.245,0.0064178
3.25,0.0063702
3.255,0.0063231
3.26,0.0062763
3.265,0.00623
3.27,0.006184
3.275,0.0061385
3.28,0.0060934
3.285,0.0060486
3.29,0.0060042
3.295,0.0059602
3.3,0.0059166
3.305,0.0058734
3.31,0.0058305
3.315,0.0057881
3.32,0.0057459
3.325,0.0057042
3.33,0.0056628
3.335,0.0056217
3.34,0.005581
3.345,0.0055407
3.35,0.0055006
3.355,0.005461
3.36,0.0054216
3.365,0.0053826
3.37,0.005344
3.375,0.0053056
3.38,0.0052676
3.385,0.0052299
3.39,0.0051926
3.395,0.0051555
3.4,0.0051188
3.405,0.0050823
3.41,0.0050462
3.415,0.0050104
3.42,0.0049748
3.425,0.0049396
3.43,0.0049047
3.435,0.00487
3.44,0.0048357
3.445,0.0048016
3.45,0.0047678
3.455,0.0047343
3.46,0.0047011
3.465,0.0046682
3.47,0.0046355
3.475,0.0046031
3.48,0.0045709
3.485,0.0045391
3.49,0.0045074
3.495,0.0044761
3.5,0.004445
3.505,0.0044142
3.51,0.0043836
3.515,0.0043533
3.52,0.0043232
3.525,0.0042933
3.53,0.0042637
3.535,0.0042344
3.54,0.0042053
3.545,0.0041764
3.55,0.0041478
3.555,0.0041193
3.56,0.0040912
3.565,0.0040632
3.57,0.0040355
3.575,0.004008
3.58,0.0039807
3.585,0.0039536
3.59,0.0039268
3.595,0.0039002
3.6,0.0038738
3.605,0.0038476
3.61,0.0038216
3.615,0.0037958
3.62,0.0037702
3.625,0.0037448
3.63,0.0037197
3.635,0.0036947
3.64,0.0036699
3.645,0.0036454
3.65,0.003621
3.655,0.0035968
3.66,0.0035728
3.665,0.003549
3.67,0.0035254
3.675,0.003502
3.68,0.0034787
3.685,0.0034556
3.69,0.0034328
3.695,0.0034101
3.7,0.0033875
3.705,0.0033652
3.71,0.003343
3.715,0.003321
3.72,0.0032992
3.725,0.0032775
3.73,0.003256
3.735,0.0032347
3.74,0.0032136
3.745,0.0031926
3.75,0.0031718
3.755,0.0031511
3.76,0.0031306
3.765,0.0031102
3.77,0.00309
3.775,0.00307
3.78,0.0030501
3.785,0.0030304
3.79,0.0030108
3.795,0.0029914
3.8,0.0029721
3.805,0.002953
3.81,0.002934
3.815,0.0029151
3.82,0.0028965
3.825,0.0028779
3.83,0.0028595
3.835,0.0028412
3.84,0.0028231
3.845,0.0028051
3.85,0.0027872
3.855,0.0027695
3.86,0.0027519
3.865,0.0027344
3.87,0.0027171
3.875,0.0026999
3.88,0.0026829
3.885,0.0026659
3.89,0.0026491
3.895,0.0026324
3.9,0.0026159
3.905,0.0025994
3.91,0.0025831
3.915,0.0025669
3.92,0.0025508
3.925,0.0025349
3.93,0.0025191
3.935,0.0025033
3.94,0.0024877
3.945,0.0024723
3.95,0.0024569
3.955,0.0024416
3.96,0.0024265
3.965,0.0024115
3.97,0.0023965
3.975,0.0023817
3.98,0.002367
3.985,0.0023524
3.99,0.0023379
3.995,0.0023236
4,0.0023093
4.005,0.0022951
4.01,0.002281
4.015,0.0022671
4.02,0.0022532
4.025,0.0022395
4.03,0.0022258
4.035,0.0022122
4.04,0.0021988
4.045,0.0021854
4.05,0.0021721
4.055,0.0021589
4.06,0.0021459
4.065,0.0021329
4.07,0.00212
4.075,0.0021072
4.08,0.0020945
4.085,0.0020819
4.09,0.0020693
4.095,0.0020569
4.1,0.0020446
4.105,0.0020323
4.11,0.0020201
4.115,0.002008
4.12,0.001996
4.125,0.0019841
4.13,0.0019723
4.135,0.0019606
4.14,0.0019489
4.145,0.0019373
4.15,0.0019258
4.155,0.0019144
4.16,0.0019031
4.165,0.0018918
4.17,0.0018806
4.175,0.0018695
4.18,0.0018585
4.185,0.0018476
4.19,0.0018367
4.195,0.0018259
4.2,0.0018152
4.205,0.0018046
4.21,0.001794
4.215,0.0017835
4.22,0.0017731
4.225,0.0017628
4.23,0.0017525
4.235,0.0017423
4.24,0.0017322
4.245,0.0017221
4.25,0.0017121
4.255,0.0017022
4.26,0.0016923
4.265,0.0016825
4.27,0.0016728
4.275,0.0016632
4.28,0.0016536
4.285,0.0016441
4.29,0.0016346
4.295,0.0016252
4.3,0.0016159
4.305,0.0016066
4.31,0.0015974
4.315,0.0015883
4.32,0.0015792
4.325,0.0015702
4.33,0.0015613
4.335,0.0015524
4.34,0.0015436
4.345,0.0015348
4.35,0.0015261
4.355,0.0015174
4.36,0.0015088
4.365,0.0015003
4.37,0.0014918
4.375,0.0014834
4.38,0.001475
4.385,0.0014667
4.39,0.0014585
4.395,0.0014503
4.4,0.0014422
4.405,0.0014341
4.41,0.001426
4.415,0.0014181
4.42,0.0014101
4.425,0.0014023
4.43,0.0013944
4.435,0.0013867
4.44,0.001379
4.445,0.0013713
4.45,0.0013637
4.455,0.0013561
4.46,0.0013486
4.465,0.0013411
4.47,0.0013337
4.475,0.0013264
4.48,0.001319
4.485,0.0013118
4.49,0.0013046
4.495,0.0012974
4.5,0.0012903
4.505,0.0012832
4.51,0.0012761
4.515,0.0012692
4.52,0.0012622
4.525,0.0012553
4.53,0.0012485
4.535,0.0012417
4.54,0.0012349
4.545,0.0012282
4.55,0.0012215
4.555,0.0012149
4.56,0.0012083
4.565,0.0012017
4.57,0.0011952
4.575,0.0011888
4.58,0.0011824
4.585,0.001176
4.59,0.0011696
4.595,0.0011633
4.6,0.0011571
4.605,0.0011509
4.61,0.0011447
4.615,0.0011386
4.62,0.0011325
4.625,0.0011264
4.63,0.0011204
4.635,0.0011144
4.64,0.0011085
4.645,0.0011025
4.65,0.0010967
4.655,0.0010908
4.66,0.0010851
4.665,0.0010793
4.67,0.0010736
4.675,0.0010679
4.68,0.0010622
4.685,0.0010566
4.69,0.0010511
4.695,0.0010455
4.7,0.00104
4.705,0.0010345
4.71,0.0010291
4.715,0.0010237
4.72,0.0010183
4.725,0.001013
4.73,0.0010077
4.735,0.0010024
4.74,0.00099717
4.745,0.00099197
4.75,0.0009868
4.755,0.00098166
4.76,0.00097655
4.765,0.00097147
4.77,0.00096643
4.775,0.00096142
4.78,0.00095643
4.785,0.00095148
4.79,0.00094656
4.795,0.00094167
4.8,0.00093681
4.805,0.00093198
4.81,0.00092718
4.815,0.00092241
4.82,0.00091767
4.825,0.00091296
4.83,0.00090827
4.835,0.00090362
4.84,0.00089899
4.845,0.00089439
4.85,0.00088982
4.855,0.00088528
4.86,0.00088077
4.865,0.00087628
4.87,0.00087182
4.875,0.00086739
4.88,0.00086298
4.885,0.0008586
4.89,0.00085425
4.895,0.00084993
4.9,0.00084563
4.905,0.00084135
4.91,0.00083711
4.915,0.00083288
4.92,0.00082869
4.925,0.00082452
4.93,0.00082037
4.935,0.00081625
4.94,0.00081215
4.945,0.00080808
4.95,0.00080403
4.955,0.00080001
4.96,0.00079601
4.965,0.00079203
4.97,0.00078808
4.975,0.00078415
4.98,0.00078025
4.985,0.00077637
4.99,0.00077251
4.995,0.00076867
5,0.00076486
5.005,0.00076107
5.01,0.0007573
5.015,0.00075355
5.02,0.00074983
5.025,0.00074613
5.03,0.00074245
5.035,0.00073879
5.04,0.00073516
5.045,0.00073154
5.05,0.00072795
5.055,0.00072438
5.06,0.00072082
5.065,0.00071729
5.07,0.00071378
5.075,0.00071029
5.08,0.00070682
5.085,0.00070337
5.09,0.00069995
5.095,0.00069654
5.1,0.00069315
5.105,0.00068978
5.11,0.00068643
5.115,0.0006831
5.12,0.00067979
5.125,0.0006765
5.13,0.00067322
5.135,0.00066997
5.14,0.00066673
5.145,0.00066352
5.15,0.00066032
5.155,0.00065714
5.16,0.00065398
5.165,0.00065084
5.17,0.00064771
5.175,0.00064461
5.18,0.00064152
5.185,0.00063845
5.19,0.00063539
5.195,0.00063236
5.2,0.00062934
5.205,0.00062634
5.21,0.00062335
5.215,0.00062038
5.22,0.00061743
5.225,0.0006145
5.23,0.00061158
5.235,0.00060868
5.24,0.0006058
5.245,0.00060293
5.25,0.00060008
5.255,0.00059724
5.26,0.00059442
5.265,0.00059162
5.27,0.00058883
5.275,0.00058606
5.28,0.0005833
5.285,0.00058056
5.29,0.00057784
5.295,0.00057513
5.3,0.00057243
5.305,0.00056975
5.31,0.00056709
5.315,0.00056444
5.32,0.0005618
5.325,0.00055918
5.33,0.00055657
5.335,0.00055398
5.34,0.00055141
5.345,0.00054884
5.35,0.0005463
5.355,0.00054376
5.36,0.00054124
5.365,0.00053874
5.37,0.00053624
5.375,0.00053376
5.38,0.0005313
5.385,0.00052885
5.39,0.00052641
5.395,0.00052399
5.4,0.00052158
5.405,0.00051918
5.41,0.00051679
5.415,0.00051442
5.42,0.00051206
5.425,0.00050972
5.43,0.00050739
5.435,0.00050507
5.44,0.00050276
5.445,0.00050047
5.45,0.00049818
5.455,0.00049591
5.46,0.00049366
5.465,0.00049141
5.47,0.00048918
5.475,0.00048696
5.48,0.00048475
5.485,0.00048256
5.49,0.00048037
5.495,0.0004782
5.5,0.00047604
5.505,0.00047389
5.51,0.00047175
5.515,0.00046962
5.52,0.00046751
5.525,0.00046541
5.53,0.00046331
5.535,0.00046123
5.54,0.00045916
5.545,0.00045711
5.55,0.00045506
5.555,0.00045302
5.56,0.000451
5.565,0.00044898
5.57,0.00044698
5.575,0.00044499
5.58,0.000443
5.585,0.00044103
5.59,0.00043907
5.595,0.00043712
5.6,0.00043518
5.605,0.00043325
5.61,0.00043133
5.615,0.00042942
5.62,0.00042752
5.625,0.00042563
5.63,0.00042375
5.635,0.00042188
5.64,0.00042002
5.645,0.00041817
5.65,0.00041633
5.655,0.0004145
5.66,0.00041268
5.665,0.00041087
5.67,0.00040906
5.675,0.00040727
5.68,0.00040549
5.685,0.00040372
5.69,0.00040195
5.695,0.0004002
5.7,0.00039845
5.705,0.00039671
5.71,0.00039499
5.715,0.00039327
5.72,0.00039156
5.725,0.00038986
5.73,0.00038816
5.735,0.00038648
5.74,0.00038481
5.745,0.00038314
5.75,0.00038148
5.755,0.00037983
5.76,0.00037819
5.765,0.00037656
5.77,0.00037494
5.775,0.00037332
5.78,0.00037172
5.785,0.00037012
5.79,0.00036853
5.795,0.00036695
5.8,0.00036537
5.805,0.00036381
5.81,0.00036225
5.815,0.0003607
5.82,0.00035916
5.825,0.00035762
5.83,0.0003561
5.835,0.00035458
5.84,0.00035307
5.845,0.00035157
5.85,0.00035007
5.855,0.00034858
5.86,0.0003471
5.865,0.00034563
5.87,0.00034417
5.875,0.00034271
5.88,0.00034126
5.885,0.00033982
5.89,0.00033838
5.895,0.00033695
5.9,0.00033553
5.905,0.00033412
5.91,0.00033271
5.915,0.00033131
5.92,0.00032992
5.925,0.00032853
5.93,0.00032716
5.935,0.00032578
5.94,0.00032442
5.945,0.00032306
5.95,0.00032171
5.955,0.00032037
5.96,0.00031903
5.965,0.0003177
5.97,0.00031637
5.975,0.00031506
5.98,0.00031374
5.985,0.00031244
5.99,0.00031114
5.995,0.00030985
6,0.00030856
6.005,0.00030729
6.01,0.00030601
6.015,0.00030475
6.02,0.00030349
6.025,0.00030223
6.03,0.00030099
6.035,0.00029975
6.04,0.00029851
6.045,0.00029728
6.05,0.00029606
6.055,0.00029484
6.06,0.00029363
6.065,0.00029242
6.07,0.00029123
6.075,0.00029003
6.08,0.00028885
6.085,0.00028766
6.09,0.00028649
6.095,0.00028532
6.1,0.00028415
6.105,0.000283
6.11,0.00028184
6.115,0.00028069
6.12,0.00027955
6.125,0.00027842
6.13,0.00027729
6.135,0.00027616
6.14,0.00027504
6.145,0.00027393
6.15,0.00027282
6.155,0.00027171
6.16,0.00027062
6.165,0.00026952
6.17,0.00026844
6.175,0.00026735
6.18,0.00026628
6.185,0.00026521
6.19,0.00026414
6.195,0.00026308
6.2,0.00026202
6.205,0.00026097
6.21,0.00025992
6.215,0.00025888
6.22,0.00025785
6.225,0.00025681
6.23,0.00025579
6.235,0.00025477
6.24,0.00025375
6.245,0.00025274
6.25,0.00025173
6.255,0.00025073
6.26,0.00024973
6.265,0.00024874
6.27,0.00024775
6.275,0.00024677
6.28,0.00024579
