0,0
0.005,0
0.01,0
0.015,0
0.02,0
0.025,0
0.03,0
0.035,0
0.04,0
0.045,0
0.05,0
0.055,0
0.06,0
0.065,0
0.07,0
0.075,0
0.08,0
0.085,0
0.09,0
0.095,0
0.1,0
0.105,0
0.11,0
0.115,0
0.12,0
0.125,0
0.13,0
0.135,0
0.14,0
0.145,0
0.15,0
0.155,1.1107e-318
0.16,3.03e-280
0.165,2.0834e-247
0.17,3.387e-219
0.175,7.485e-195
0.18,9.3308e-174
0.185,2.1029e-155
0.19,2.2345e-139
0.195,2.4741e-125
0.2,5.5202e-113
0.205,4.3058e-102
0.21,1.8643e-092
0.215,6.6163e-084
0.22,2.6765e-076
0.225,1.6333e-069
0.23,1.9094e-063
0.235,5.2461e-058
0.24,4.0378e-053
0.245,1.0128e-048
0.25,9.4342e-045
0.255,3.6552e-041
0.26,6.4998e-038
0.265,5.7802e-035
0.27,2.7708e-032
0.275,7.6461e-030
0.28,1.2867e-027
0.285,1.3894e-025
0.29,1.0068e-023
0.295,5.0935e-022
0.3,1.8634e-020
0.305,5.0862e-019
0.31,1.0649e-017
0.315,1.753e-016
0.32,2.3197e-015
0.325,2.5167e-014
0.33,2.2787e-013
0.335,1.7494e-012
0.34,1.1552e-011
0.345,6.6462e-011
0.35,3.3706e-010
0.355,1.5226e-009
0.36,6.1853e-009
0.365,2.279e-008
0.37,7.6763e-008
0.375,2.3803e-007
0.38,6.8391e-007
0.385,1.8315e-006
0.39,4.5957e-006
0.395,1.0859e-005
0.4,2.4269e-005
0.405,5.151e-005
0.41,0.00010422
0.415,0.00020171
0.42,0.00037461
0.425,0.00066951
0.43,0.0011546
0.435,0.0019259
0.44,0.0031145
0.445,0.0048931
0.45,0.0074824
0.455,0.011157
0.46,0.016248
0.465,0.023146
0.47,0.032299
0.475,0.044207
0.48,0.059418
0.485,0.078515
0.49,0.10211
0.495,0.13081
0.5,0.16524
0.505,0.20597
0.51,0.25358
0.515,0.30854
0.52,0.37129
0.525,0.44218
0.53,0.52145
0.535,0.60927
0.54,0.70569
0.545,0.81065
0.55,0.92399
0.555,1.0455
0.56,1.1747
0.565,1.3112
0.57,1.4545
0.575,1.6039
0.58,1.7589
0.585,1.9187
0.59,2.0824
0.595,2.2494
0.6,2.4189
0.605,2.59
0.61,2.762
0.615,2.934
0.62,3.1053
0.625,3.2751
0.63,3.4428
0.635,3.6077
0.64,3.7692
0.645,3.9267
0.65,4.0796
0.655,4.2275
0.66,4.3701
0.665,4.5068
0.67,4.6374
0.675,4.7616
0.68,4.8792
0.685,4.99
0.69,5.0939
0.695,5.1907
0.7,5.2805
0.705,5.3631
0.71,5.4387
0.715,5.5072
0.72,5.5688
0.725,5.6235
0.73,5.6714
0.735,5.7127
0.74,5.7476
0.745,5.7762
0.75,5.7987
0.755,5.8152
0.76,5.8261
0.765,5.8315
0.77,5.8317
0.775,5.8268
0.78,5.817
0.785,5.8027
0.79,5.784
0.795,5.7612
0.8,5.7344
0.805,5.704
0.81,5.67
0.815,5.6328
0.82,5.5925
0.825,5.5494
0.83,5.5036
0.835,5.4553
0.84,5.4048
0.845,5.3521
0.85,5.2975
0.855,5.2411
0.86,5.1832
0.865,5.1238
0.87,5.063
0.875,5.0012
0.88,4.9383
0.885,4.8744
0.89,4.8099
0.895,4.7446
0.9,4.6788
0.905,4.6126
0.91,4.546
0.915,4.4791
0.92,4.4121
0.925,4.345
0.93,4.2779
0.935,4.2108
0.94,4.1439
0.945,4.0772
0.95,4.0107
0.955,3.9445
0.96,3.8787
0.965,3.8134
0.97,3.7484
0.975,3.684
0.98,3.6201
0.985,3.5567
0.99,3.494
0.995,3.4319
1,3.3704
1.005,3.3096
1.01,3.2495
1.015,3.1901
1.02,3.1315
1.025,3.0736
1.03,3.0165
1.035,2.9601
1.04,2.9045
1.045,2.8497
1.05,2.7957
1.055,2.7425
1.06,2.6901
1.065,2.6386
1.07,2.5878
1.075,2.5378
1.08,2.4887
1.085,2.4404
1.09,2.3928
1.095,2.3461
1.1,2.3002
1.105,2.255
1.11,2.2107
1.115,2.1671
1.12,2.1243
1.125,2.0823
1.13,2.0411
1.135,2.0006
1.14,1.9608
1.145,1.9218
1.15,1.8836
1.155,1.846
1.16,1.8092
1.165,1.7731
1.17,1.7376
1.175,1.7029
1.18,1.6688
1.185,1.6354
1.19,1.6027
1.195,1.5706
1.2,1.5391
1.205,1.5083
1.21,1.4781
1.215,1.4485
1.22,1.4195
1.225,1.3911
1.23,1.3633
1.235,1.336
1.24,1.3093
1.245,1.2831
1.25,1.2575
1.255,1.2324
1.26,1.2078
1.265,1.1838
1.27,1.1602
1.275,1.1371
1.28,1.1145
1.285,1.0924
1.29,1.0707
1.295,1.0495
1.3,1.0288
1.305,1.0085
1.31,0.98856
1.315,0.96908
1.32,0.95002
1.325,0.93135
1.33,0.91309
1.335,0.8952
1.34,0.8777
1.345,0.86057
1.35,0.8438
1.355,0.82738
1.36,0.81131
1.365,0.79559
1.37,0.7802
1.375,0.76513
1.38,0.75039
1.385,0.73595
1.39,0.72183
1.395,0.708
1.4,0.69447
1.405,0.68123
1.41,0.66826
1.415,0.65557
1.42,0.64315
1.425,0.631
1.43,0.6191
1.435,0.60745
1.44,0.59605
1.445,0.58489
1.45,0.57397
1.455,0.56328
1.46,0.55281
1.465,0.54256
1.47,0.53253
1.475,0.52271
1.48,0.5131
1.485,0.50369
1.49,0.49448
1.495,0.48545
1.5,0.47662
1.505,0.46798
1.51,0.45951
1.515,0.45122
1.52,0.4431
1.525,0.43516
1.53,0.42737
1.535,0.41975
1.54,0.41229
1.545,0.40498
1.55,0.39782
1.555,0.39081
1.56,0.38395
1.565,0.37722
1.57,0.37064
1.575,0.36418
1.58,0.35786
1.585,0.35167
1.59,0.34561
1.595,0.33967
1.6,0.33385
1.605,0.32815
1.61,0.32256
1.615,0.31708
1.62,0.31172
1.625,0.30646
1.63,0.30131
1.635,0.29626
1.64,0.29132
1.645,0.28647
1.65,0.28172
1.655,0.27706
1.66,0.2725
1.665,0.26802
1.67,0.26364
1.675,0.25933
1.68,0.25512
1.685,0.25099
1.69,0.24693
1.695,0.24296
1.7,0.23906
1.705,0.23524
1.71,0.2315
1.715,0.22782
1.72,0.22422
1.725,0.22068
1.73,0.21722
1.735,0.21382
1.74,0.21048
1.745,0.20721
1.75,0.204
1.755,0.20085
1.76,0.19776
1.765,0.19473
1.77,0.19175
1.775,0.18883
1.78,0.18597
1.785,0.18316
1.79,0.1804
1.795,0.17769
1.8,0.17503
1.805,0.17242
1.81,0.16986
1.815,0.16735
1.82,0.16488
1.825,0.16245
1.83,0.16007
1.835,0.15774
1.84,0.15544
1.845,0.15319
1.85,0.15097
1.855,0.1488
1.86,0.14667
1.865,0.14457
1.87,0.14251
1.875,0.14049
1.88,0.1385
1.885,0.13654
1.89,0.13463
1.895,0.13274
1.9,0.13089
1.905,0.12907
1.91,0.12728
1.915,0.12552
1.92,0.12379
1.925,0.12209
1.93,0.12042
1.935,0.11878
1.94,0.11717
1.945,0.11558
1.95,0.11402
1.955,0.11249
1.96,0.11098
1.965,0.1095
1.97,0.10804
1.975,0.10661
1.98,0.1052
1.985,0.10382
1.99,0.10245
1.995,0.10111
2,0.099791
2.005,0.098494
2.01,0.097217
2.015,0.09596
2.02,0.094724
2.025,0.093508
2.03,0.092312
2.035,0.091134
2.04,0.089975
2.045,0.088835
2.05,0.087712
2.055,0.086608
2.06,0.08552
2.065,0.08445
2.07,0.083396
2.075,0.082359
2.08,0.081338
2.085,0.080332
2.09,0.079342
2.095,0.078367
2.1,0.077408
2.105,0.076462
2.11,0.075532
2.115,0.074615
2.12,0.073712
2.125,0.072823
2.13,0.071947
2.135,0.071084
2.14,0.070234
2.145,0.069396
2.15,0.068572
2.155,0.067759
2.16,0.066958
2.165,0.066169
2.17,0.065391
2.175,0.064625
2.18,0.06387
2.185,0.063126
2.19,0.062393
2.195,0.06167
2.2,0.060958
2.205,0.060256
2.21,0.059564
2.215,0.058881
2.22,0.058209
2.225,0.057545
2.23,0.056892
2.235,0.056247
2.24,0.055611
2.245,0.054985
2.25,0.054367
2.255,0.053757
2.26,0.053156
2.265,0.052564
2.27,0.051979
2.275,0.051403
2.28,0.050834
2.285,0.050273
2.29,0.04972
2.295,0.049174
2.3,0.048636
2.305,0.048105
2.31,0.047581
2.315,0.047064
2.32,0.046554
2.325,0.046051
2.33,0.045554
2.335,0.045064
2.34,0.044581
2.345,0.044103
2.35,0.043632
2.355,0.043168
2.36,0.042709
2.365,0.042256
2.37,0.04181
2.375,0.041369
2.38,0.040933
2.385,0.040503
2.39,0.040079
2.395,0.03966
2.4,0.039247
2.405,0.038839
2.41,0.038436
2.415,0.038038
2.42,0.037645
2.425,0.037257
2.43,0.036874
2.435,0.036496
2.44,0.036123
2.445,0.035754
2.45,0.035389
2.455,0.03503
2.46,0.034674
2.465,0.034324
2.47,0.033977
2.475,0.033635
2.48,0.033296
2.485,0.032962
2.49,0.032633
2.495,0.032307
2.5,0.031985
2.505,0.031667
2.51,0.031352
2.515,0.031042
2.52,0.030735
2.525,0.030432
2.53,0.030133
2.535,0.029837
2.54,0.029545
2.545,0.029256
2.55,0.02897
2.555,0.028688
2.56,0.02841
2.565,0.028134
2.57,0.027862
2.575,0.027593
2.58,0.027327
2.585,0.027064
2.59,0.026804
2.595,0.026548
2.6,0.026294
2.605,0.026043
2.61,0.025795
2.615,0.02555
2.62,0.025308
2.625,0.025068
2.63,0.024831
2.635,0.024597
2.64,0.024366
2.645,0.024137
2.65,0.023911
2.655,0.023687
2.66,0.023466
2.665,0.023247
2.67,0.023031
2.675,0.022817
2.68,0.022606
2.685,0.022397
2.69,0.02219
2.695,0.021986
2.7,0.021784
2.705,0.021584
2.71,0.021386
2.715,0.02119
2.72,0.020997
2.725,0.020806
2.73,0.020617
2.735,0.02043
2.74,0.020245
2.745,0.020062
2.75,0.019881
2.755,0.019701
2.76,0.019524
2.765,0.019349
2.77,0.019176
2.775,0.019004
2.78,0.018835
2.785,0.018667
2.79,0.018501
2.795,0.018337
2.8,0.018174
2.805,0.018013
2.81,0.017854
2.815,0.017697
2.82,0.017541
2.825,0.017387
2.83,0.017235
2.835,0.017084
2.84,0.016934
2.845,0.016787
2.85,0.016641
2.855,0.016496
2.86,0.016353
2.865,0.016211
2.87,0.016071
2.875,0.015932
2.88,0.015795
2.885,0.015659
2.89,0.015525
2.895,0.015392
2.9,0.01526
2.905,0.01513
2.91,0.015001
2.915,0.014873
2.92,0.014747
2.925,0.014621
2.93,0.014498
2.935,0.014375
2.94,0.014254
2.945,0.014134
2.95,0.014015
2.955,0.013897
2.96,0.01378
2.965,0.013665
2.97,0.013551
2.975,0.013438
2.98,0.013326
2.985,0.013215
2.99,0.013105
2.995,0.012997
3,0.012889
3.005,0.012783
3.01,0.012677
3.015,0.012573
3.02,0.01247
3.025,0.012367
3.03,0.012266
3.035,0.012166
3.04,0.012066
3.045,0.011968
3.05,0.01187
3.055,0.011774
3.06,0.011678
3.065,0.011584
3.07,0.01149
3.075,0.011397
3.08,0.011305
3.085,0.011214
3.09,0.011124
3.095,0.011035
3.1,0.010947
3.105,0.010859
3.11,0.010772
3.115,0.010687
3.12,0.010602
3.125,0.010517
3.13,0.010434
3.135,0.010351
3.14,0.010269
3.145,0.010188
3.15,0.010108
3.155,0.010028
3.16,0.0099494
3.165,0.0098714
3.17,0.009794
3.175,0.0097174
3.18,0.0096415
3.185,0.0095663
3.19,0.0094918
3.195,0.009418
3.2,0.0093449
3.205,0.0092724
3.21,0.0092007
3.215,0.0091296
3.22,0.0090591
3.225,0.0089893
3.23,0.0089202
3.235,0.0088517
3.24,0.0087838
3.245,0.0087165
3.25,0.0086499
3.255,0.0085838
3.26,0.0085184
3.265,0.0084536
3.27,0.0083893
3.275,0.0083257
3.28,0.0082626
3.285,0.0082001
3.29,0.0081381
3.295,0.0080768
3.3,0.0080159
3.305,0.0079557
3.31,0.0078959
3.315,0.0078367
3.32,0.007778
3.325,0.0077199
3.33,0.0076623
3.335,0.0076052
3.34,0.0075486
3.345,0.0074925
3.35,0.0074369
3.355,0.0073818
3.36,0.0073272
3.365,0.007273
3.37,0.0072194
3.375,0.0071662
3.38,0.0071135
3.385,0.0070612
3.39,0.0070095
3.395,0.0069581
3.4,0.0069072
3.405,0.0068568
3.41,0.0068068
3.415,0.0067572
3.42,0.0067081
3.425,0.0066594
3.43,0.0066111
3.435,0.0065633
3.44,0.0065158
3.445,0.0064688
3.45,0.0064222
3.455,0.0063759
3.46,0.0063301
3.465,0.0062847
3.47,0.0062396
3.475,0.006195
3.48,0.0061507
3.485,0.0061068
3.49,0.0060633
3.495,0.0060202
3.5,0.0059774
3.505,0.005935
3.51,0.0058929
3.515,0.0058512
3.52,0.0058099
3.525,0.0057689
3.53,0.0057282
3.535,0.0056879
3.54,0.0056479
3.545,0.0056083
3.55,0.005569
3.555,0.00553
3.56,0.0054914
3.565,0.0054531
3.57,0.0054151
3.575,0.0053774
3.58,0.00534
3.585,0.005303
3.59,0.0052662
3.595,0.0052298
3.6,0.0051936
3.605,0.0051578
3.61,0.0051222
3.615,0.005087
3.62,0.005052
3.625,0.0050173
3.63,0.0049829
3.635,0.0049488
3.64,0.004915
3.645,0.0048814
3.65,0.0048482
3.655,0.0048152
3.66,0.0047824
3.665,0.00475
3.67,0.0047177
3.675,0.0046858
3.68,0.0046541
3.685,0.0046227
3.69,0.0045915
3.695,0.0045606
3.7,0.0045299
3.705,0.0044995
3.71,0.0044693
3.715,0.0044393
3.72,0.0044096
3.725,0.0043802
3.73,0.004351
3.735,0.004322
3.74,0.0042932
3.745,0.0042647
3.75,0.0042364
3.755,0.0042083
3.76,0.0041804
3.765,0.0041528
3.77,0.0041254
3.775,0.0040982
3.78,0.0040712
3.785,0.0040444
3.79,0.0040178
3.795,0.0039915
3.8,0.0039653
3.805,0.0039394
3.81,0.0039137
3.815,0.0038881
3.82,0.0038628
3.825,0.0038376
3.83,0.0038127
3.835,0.0037879
3.84,0.0037634
3.845,0.003739
3.85,0.0037148
3.855,0.0036908
3.86,0.003667
3.865,0.0036434
3.87,0.00362
3.875,0.0035967
3.88,0.0035736
3.885,0.0035507
3.89,0.003528
3.895,0.0035055
3.9,0.0034831
3.905,0.0034609
3.91,0.0034388
3.915,0.003417
3.92,0.0033953
3.925,0.0033737
3.93,0.0033523
3.935,0.0033311
3.94,0.0033101
3.945,0.0032892
3.95,0.0032684
3.955,0.0032479
3.96,0.0032274
3.965,0.0032072
3.97,0.003187
3.975,0.0031671
3.98,0.0031473
3.985,0.0031276
3.99,0.0031081
3.995,0.0030887
4,0.0030695
4.005,0.0030504
4.01,0.0030314
4.015,0.0030126
4.02,0.002994
4.025,0.0029754
4.03,0.0029571
4.035,0.0029388
4.04,0.0029207
4.045,0.0029027
4.05,0.0028849
4.055,0.0028671
4.06,0.0028495
4.065,0.0028321
4.07,0.0028148
4.075,0.0027975
4.08,0.0027805
4.085,0.0027635
4.09,0.0027467
4.095,0.00273
4.1,0.0027134
4.105,0.0026969
4.11,0.0026806
4.115,0.0026644
4.12,0.0026482
4.125,0.0026323
4.13,0.0026164
4.135,0.0026006
4.14,0.002585
4.145,0.0025694
4.15,0.002554
4.155,0.0025387
4.16,0.0025235
4.165,0.0025084
4.17,0.0024934
4.175,0.0024785
4.18,0.0024638
4.185,0.0024491
4.19,0.0024345
4.195,0.0024201
4.2,0.0024057
4.205,0.0023915
4.21,0.0023773
4.215,0.0023633
4.22,0.0023493
4.225,0.0023355
4.23,0.0023217
4.235,0.002308
4.24,0.0022945
4.245,0.002281
4.25,0.0022676
4.255,0.0022544
4.26,0.0022412
4.265,0.0022281
4.27,0.0022151
4.275,0.0022022
4.28,0.0021894
4.285,0.0021766
4.29,0.002164
4.295,0.0021514
4.3,0.002139
4.305,0.0021266
4.31,0.0021143
4.315,0.0021021
4.32,0.00209
4.325,0.0020779
4.33,0.002066
4.335,0.0020541
4.34,0.0020423
4.345,0.0020306
4.35,0.0020189
4.355,0.0020074
4.36,0.0019959
4.365,0.0019845
4.37,0.0019732
4.375,0.001962
4.38,0.0019508
4.385,0.0019397
4.39,0.0019287
4.395,0.0019178
4.4,0.0019069
4.405,0.0018961
4.41,0.0018854
4.415,0.0018748
4.42,0.0018642
4.425,0.0018537
4.43,0.0018433
4.435,0.0018329
4.44,0.0018226
4.445,0.0018124
4.45,0.0018023
4.455,0.0017922
4.46,0.0017822
4.465,0.0017722
4.47,0.0017623
4.475,0.0017525
4.48,0.0017428
4.485,0.0017331
4.49,0.0017235
4.495,0.0017139
4.5,0.0017044
4.505,0.001695
4.51,0.0016856
4.515,0.0016763
4.52,0.0016671
4.525,0.0016579
4.53,0.0016488
4.535,0.0016397
4.54,0.0016307
4.545,0.0016218
4.55,0.0016129
4.555,0.001604
4.56,0.0015953
4.565,0.0015866
4.57,0.0015779
4.575,0.0015693
4.58,0.0015608
4.585,0.0015523
4.59,0.0015439
4.595,0.0015355
4.6,0.0015272
4.605,0.0015189
4.61,0.0015107
4.615,0.0015025
4.62,0.0014944
4.625,0.0014864
4.63,0.0014784
4.635,0.0014704
4.64,0.0014625
4.645,0.0014547
4.65,0.0014469
4.655,0.0014391
4.66,0.0014314
4.665,0.0014238
4.67,0.0014162
4.675,0.0014086
4.68,0.0014011
4.685,0.0013937
4.69,0.0013863
4.695,0.0013789
4.7,0.0013716
4.705,0.0013643
4.71,0.0013571
4.715,0.0013499
4.72,0.0013428
4.725,0.0013357
4.73,0.0013287
4.735,0.0013217
4.74,0.0013147
4.745,0.0013078
4.75,0.0013009
4.755,0.0012941
4.76,0.0012873
4.765,0.0012806
4.77,0.0012739
4.775,0.0012673
4.78,0.0012607
4.785,0.0012541
4.79,0.0012476
4.795,0.0012411
4.8,0.0012346
4.805,0.0012282
4.81,0.0012218
4.815,0.0012155
4.82,0.0012092
4.825,0.001203
4.83,0.0011968
4.835,0.0011906
4.84,0.0011845
4.845,0.0011784
4.85,0.0011723
4.855,0.0011663
4.86,0.0011603
4.865,0.0011544
4.87,0.0011485
4.875,0.0011426
4.88,0.0011367
4.885,0.0011309
4.89,0.0011252
4.895,0.0011194
4.9,0.0011137
4.905,0.0011081
4.91,0.0011025
4.915,0.0010969
4.92,0.0010913
4.925,0.0010858
4.93,0.0010803
4.935,0.0010748
4.94,0.0010694
4.945,0.001064
4.95,0.0010587
4.955,0.0010533
4.96,0.001048
4.965,0.0010428
4.97,0.0010375
4.975,0.0010323
4.98,0.0010272
4.985,0.001022
4.99,0.0010169
4.995,0.0010118
5,0.0010068
5.005,0.0010018
5.01,0.0009968
5.015,0.00099184
5.02,0.00098691
5.025,0.00098202
5.03,0.00097715
5.035,0.00097231
5.04,0.0009675
5.045,0.00096271
5.05,0.00095796
5.055,0.00095323
5.06,0.00094854
5.065,0.00094387
5.07,0.00093922
5.075,0.00093461
5.08,0.00093002
5.085,0.00092546
5.09,0.00092093
5.095,0.00091642
5.1,0.00091194
5.105,0.00090748
5.11,0.00090305
5.115,0.00089865
5.12,0.00089427
5.125,0.00088992
5.13,0.0008856
5.135,0.00088129
5.14,0.00087702
5.145,0.00087277
5.15,0.00086854
5.155,0.00086434
5.16,0.00086016
5.165,0.00085601
5.17,0.00085188
5.175,0.00084777
5.18,0.00084369
5.185,0.00083963
5.19,0.0008356
5.195,0.00083159
5.2,0.0008276
5.205,0.00082363
5.21,0.00081969
5.215,0.00081577
5.22,0.00081187
5.225,0.000808
5.23,0.00080414
5.235,0.00080031
5.24,0.0007965
5.245,0.00079272
5.25,0.00078895
5.255,0.00078521
5.26,0.00078148
5.265,0.00077778
5.27,0.0007741
5.275,0.00077044
5.28,0.0007668
5.285,0.00076318
5.29,0.00075958
5.295,0.000756
5.3,0.00075245
5.305,0.00074891
5.31,0.00074539
5.315,0.00074189
5.32,0.00073841
5.325,0.00073496
5.33,0.00073152
5.335,0.0007281
5.34,0.0007247
5.345,0.00072131
5.35,0.00071795
5.355,0.00071461
5.36,0.00071128
5.365,0.00070797
5.37,0.00070469
5.375,0.00070142
5.38,0.00069816
5.385,0.00069493
5.39,0.00069171
5.395,0.00068852
5.4,0.00068534
5.405,0.00068217
5.41,0.00067903
5.415,0.0006759
5.42,0.00067279
5.425,0.0006697
5.43,0.00066662
5.435,0.00066356
5.44,0.00066052
5.445,0.00065749
5.45,0.00065448
5.455,0.00065149
5.46,0.00064851
5.465,0.00064555
5.47,0.00064261
5.475,0.00063968
5.48,0.00063677
5.485,0.00063387
5.49,0.00063099
5.495,0.00062813
5.5,0.00062528
5.505,0.00062245
5.51,0.00061963
5.515,0.00061683
5.52,0.00061404
5.525,0.00061127
5.53,0.00060851
5.535,0.00060577
5.54,0.00060304
5.545,0.00060032
5.55,0.00059763
5.555,0.00059494
5.56,0.00059227
5.565,0.00058962
5.57,0.00058698
5.575,0.00058435
5.58,0.00058174
5.585,0.00057914
5.59,0.00057656
5.595,0.00057398
5.6,0.00057143
5.605,0.00056888
5.61,0.00056635
5.615,0.00056384
5.62,0.00056134
5.625,0.00055885
5.63,0.00055637
5.635,0.00055391
5.64,0.00055146
5.645,0.00054902
5.65,0.0005466
5.655,0.00054418
5.66,0.00054179
5.665,0.0005394
5.67,0.00053703
5.675,0.00053467
5.68,0.00053232
5.685,0.00052998
5.69,0.00052766
5.695,0.00052535
5.7,0.00052305
5.705,0.00052076
5.71,0.00051848
5.715,0.00051622
5.72,0.00051397
5.725,0.00051173
5.73,0.0005095
5.735,0.00050728
5.74,0.00050508
5.745,0.00050289
5.75,0.0005007
5.755,0.00049853
5.76,0.00049637
5.765,0.00049423
5.77,0.00049209
5.775,0.00048996
5.78,0.00048785
5.785,0.00048574
5.79,0.00048365
5.795,0.00048157
5.8,0.0004795
5.805,0.00047744
5.81,0.00047539
5.815,0.00047335
5.82,0.00047132
5.825,0.0004693
5.83,0.00046729
5.835,0.00046529
5.84,0.0004633
5.845,0.00046133
5.85,0.00045936
5.855,0.0004574
5.86,0.00045545
5.865,0.00045352
5.87,0.00045159
5.875,0.00044967
5.88,0.00044776
5.885,0.00044586
5.89,0.00044398
5.895,0.0004421
5.9,0.00044023
5.905,0.00043837
5.91,0.00043652
5.915,0.00043468
5.92,0.00043284
5.925,0.00043102
5.93,0.00042921
5.935,0.0004274
5.94,0.00042561
5.945,0.00042382
5.95,0.00042204
5.955,0.00042028
5.96,0.00041852
5.965,0.00041677
5.97,0.00041502
5.975,0.00041329
5.98,0.00041157
5.985,0.00040985
5.99,0.00040814
5.995,0.00040644
6,0.00040475
6.005,0.00040307
6.01,0.0004014
6.015,0.00039973
6.02,0.00039808
6.025,0.00039643
6.03,0.00039479
6.035,0.00039316
6.04,0.00039153
6.045,0.00038992
6.05,0.00038831
6.055,0.00038671
6.06,0.00038511
6.065,0.00038353
6.07,0.00038195
6.075,0.00038038
6.08,0.00037882
6.085,0.00037727
6.09,0.00037572
6.095,0.00037419
6.1,0.00037266
6.105,0.00037113
6.11,0.00036962
6.115,0.00036811
6.12,0.00036661
6.125,0.00036511
6.13,0.00036363
6.135,0.00036215
6.14,0.00036068
6.145,0.00035921
6.15,0.00035775
6.155,0.0003563
6.16,0.00035486
6.165,0.00035342
6.17,0.000352
6.175,0.00035057
6.18,0.00034916
6.185,0.00034775
6.19,0.00034635
6.195,0.00034495
6.2,0.00034356
6.205,0.00034218
6.21,0.00034081
6.215,0.00033944
6.22,0.00033808
6.225,0.00033672
6.23,0.00033537
6.235,0.00033403
6.24,0.00033269
6.245,0.00033136
6.25,0.00033004
6.255,0.00032872
6.26,0.00032741
6.265,0.00032611
6.27,0.00032481
6.275,0.00032352
6.28,0.00032224
