0,0
0.005,0
0.01,0
0.015,0
0.02,0
0.025,0
0.03,0
0.035,0
0.04,0
0.045,0
0.05,0
0.055,0
0.06,0
0.065,0
0.07,0
0.075,0
0.08,0
0.085,0
0.09,0
0.095,0
0.1,0
0.105,0
0.11,0
0.115,0
0.12,0
0.125,0
0.13,0
0.135,0
0.14,0
0.145,0
0.15,0
0.155,0
0.16,0
0.165,0
0.17,0
0.175,0
0.18,0
0.185,0
0.19,0
0.195,0
0.2,0
0.205,0
0.21,0
0.215,0
0.22,0
0.225,2.0389e-316
0.23,1.3794e-289
0.235,1.592e-265
0.24,6.7851e-244
0.245,2.0768e-224
0.25,8.1115e-207
0.255,6.6541e-191
0.26,1.7679e-176
0.265,2.219e-163
0.27,1.8301e-151
0.275,1.3242e-140
0.28,1.0836e-130
0.285,1.2539e-121
0.29,2.4997e-113
0.295,1.0219e-105
0.3,1.0001e-098
0.305,2.6875e-092
0.31,2.2408e-086
0.315,6.4639e-081
0.32,7.1102e-076
0.325,3.2535e-071
0.33,6.6954e-067
0.335,6.6463e-063
0.34,3.3893e-059
0.345,9.3977e-056
0.35,1.4912e-052
0.355,1.4181e-049
0.36,8.4281e-047
0.365,3.2513e-044
0.37,8.4262e-042
0.375,1.5136e-039
0.38,1.9389e-037
0.385,1.8175e-035
0.39,1.2766e-033
0.395,6.8649e-032
0.4,2.8826e-030
0.405,9.6231e-029
0.41,2.5967e-027
0.415,5.75e-026
0.42,1.0595e-024
0.425,1.6454e-023
0.43,2.1792e-022
0.435,2.4881e-021
0.44,2.4735e-020
0.445,2.1609e-019
0.45,1.6732e-018
0.455,1.1573e-017
0.46,7.2025e-017
0.465,4.0606e-016
0.47,2.0868e-015
0.475,9.8327e-015
0.48,4.2705e-014
0.485,1.7182e-013
0.49,6.4341e-013
0.495,2.252e-012
0.5,7.3974e-012
0.505,2.289e-011
0.51,6.695e-011
0.515,1.8571e-010
0.52,4.9004e-010
0.525,1.2335e-009
0.53,2.9699e-009
0.535,6.8564e-009
0.54,1.5213e-008
0.545,3.2511e-008
0.55,6.7059e-008
0.555,1.3375e-007
0.56,2.5844e-007
0.565,4.8456e-007
0.57,8.83e-007
0.575,1.5662e-006
0.58,2.7077e-006
0.585,4.5687e-006
0.59,7.5331e-006
0.595,1.2152e-005
0.6,1.9199e-005
0.605,2.9739e-005
0.61,4.5208e-005
0.615,6.7506e-005
0.62,9.9102e-005
0.625,0.00014315
0.63,0.00020362
0.635,0.00028541
0.64,0.00039451
0.645,0.00053809
0.65,0.00072466
0.655,0.00096416
0.66,0.0012681
0.665,0.0016495
0.67,0.0021232
0.675,0.0027056
0.68,0.0034147
0.685,0.0042704
0.69,0.0052938
0.695,0.0065076
0.7,0.0079358
0.705,0.0096035
0.71,0.011537
0.715,0.013762
0.72,0.016306
0.725,0.019196
0.73,0.022459
0.735,0.026122
0.74,0.03021
0.745,0.034749
0.75,0.039761
0.755,0.045268
0.76,0.051291
0.765,0.057849
0.77,0.064956
0.775,0.072626
0.78,0.080871
0.785,0.089699
0.79,0.099115
0.795,0.10912
0.8,0.11972
0.805,0.13091
0.81,0.14268
0.815,0.15503
0.82,0.16794
0.825,0.1814
0.83,0.1954
0.835,0.20991
0.84,0.22492
0.845,0.2404
0.85,0.25633
0.855,0.27268
0.86,0.28943
0.865,0.30654
0.87,0.32399
0.875,0.34174
0.88,0.35975
0.885,0.37801
0.89,0.39647
0.895,0.4151
0.9,0.43386
0.905,0.45272
0.91,0.47164
0.915,0.4906
0.92,0.50955
0.925,0.52846
0.93,0.5473
0.935,0.56603
0.94,0.58463
0.945,0.60305
0.95,0.62128
0.955,0.63928
0.96,0.65702
0.965,0.67447
0.97,0.69162
0.975,0.70842
0.98,0.72486
0.985,0.74091
0.99,0.75656
0.995,0.77177
1,0.78654
1.005,0.80084
1.01,0.81466
1.015,0.82798
1.02,0.84078
1.025,0.85305
1.03,0.86479
1.035,0.87597
1.04,0.8866
1.045,0.89665
1.05,0.90614
1.055,0.91504
1.06,0.92335
1.065,0.93108
1.07,0.93821
1.075,0.94476
1.08,0.9507
1.085,0.95606
1.09,0.96083
1.095,0.96501
1.1,0.9686
1.105,0.97162
1.11,0.97406
1.115,0.97594
1.12,0.97725
1.125,0.97802
1.13,0.97824
1.135,0.97793
1.14,0.97709
1.145,0.97574
1.15,0.97389
1.155,0.97155
1.16,0.96874
1.165,0.96546
1.17,0.96173
1.175,0.95756
1.18,0.95296
1.185,0.94796
1.19,0.94257
1.195,0.93679
1.2,0.93065
1.205,0.92415
1.21,0.91733
1.215,0.91018
1.22,0.90273
1.225,0.89499
1.23,0.88698
1.235,0.87871
1.24,0.87019
1.245,0.86145
1.25,0.8525
1.255,0.84334
1.26,0.83401
1.265,0.8245
1.27,0.81484
1.275,0.80504
1.28,0.79512
1.285,0.78508
1.29,0.77493
1.295,0.76471
1.3,0.7544
1.305,0.74404
1.31,0.73362
1.315,0.72316
1.32,0.71267
1.325,0.70217
1.33,0.69166
1.335,0.68114
1.34,0.67065
1.345,0.66017
1.35,0.64972
1.355,0.63931
1.36,0.62894
1.365,0.61863
1.37,0.60837
1.375,0.59819
1.38,0.58807
1.385,0.57804
1.39,0.56809
1.395,0.55823
1.4,0.54847
1.405,0.5388
1.41,0.52924
1.415,0.51979
1.42,0.51045
1.425,0.50122
1.43,0.49211
1.435,0.48312
1.44,0.47426
1.445,0.46551
1.45,0.4569
1.455,0.44841
1.46,0.44005
1.465,0.43182
1.47,0.42373
1.475,0.41576
1.48,0.40793
1.485,0.40023
1.49,0.39267
1.495,0.38523
1.5,0.37793
1.505,0.37076
1.51,0.36373
1.515,0.35682
1.52,0.35004
1.525,0.3434
1.53,0.33688
1.535,0.33049
1.54,0.32423
1.545,0.31809
1.55,0.31207
1.555,0.30618
1.56,0.30041
1.565,0.29475
1.57,0.28921
1.575,0.28379
1.58,0.27849
1.585,0.27329
1.59,0.26821
1.595,0.26323
1.6,0.25836
1.605,0.2536
1.61,0.24894
1.615,0.24438
1.62,0.23992
1.625,0.23556
1.63,0.23129
1.635,0.22712
1.64,0.22304
1.645,0.21905
1.65,0.21515
1.655,0.21133
1.66,0.2076
1.665,0.20395
1.67,0.20039
1.675,0.1969
1.68,0.19349
1.685,0.19016
1.69,0.1869
1.695,0.18371
1.7,0.18059
1.705,0.17754
1.71,0.17456
1.715,0.17165
1.72,0.1688
1.725,0.16601
1.73,0.16329
1.735,0.16062
1.74,0.15801
1.745,0.15546
1.75,0.15297
1.755,0.15052
1.76,0.14814
1.765,0.1458
1.77,0.14351
1.775,0.14128
1.78,0.13909
1.785,0.13694
1.79,0.13484
1.795,0.13279
1.8,0.13078
1.805,0.12881
1.81,0.12689
1.815,0.125
1.82,0.12315
1.825,0.12134
1.83,0.11957
1.835,0.11783
1.84,0.11613
1.845,0.11446
1.85,0.11282
1.855,0.11122
1.86,0.10965
1.865,0.10811
1.87,0.1066
1.875,0.10512
1.88,0.10367
1.885,0.10225
1.89,0.10085
1.895,0.099481
1.9,0.098137
1.905,0.096819
1.91,0.095524
1.915,0.094254
1.92,0.093007
1.925,0.091783
1.93,0.090581
1.935,0.089401
1.94,0.088242
1.945,0.087104
1.95,0.085985
1.955,0.084887
1.96,0.083807
1.965,0.082747
1.97,0.081704
1.975,0.080679
1.98,0.079672
1.985,0.078682
1.99,0.077708
1.995,0.076751
2,0.075809
2.005,0.074883
2.01,0.073972
2.015,0.073076
2.02,0.072194
2.025,0.071326
2.03,0.070473
2.035,0.069632
2.04,0.068805
2.045,0.067991
2.05,0.067189
2.055,0.0664
2.06,0.065623
2.065,0.064857
2.07,0.064103
2.075,0.063361
2.08,0.06263
2.085,0.061909
2.09,0.061199
2.095,0.0605
2.1,0.059811
2.105,0.059131
2.11,0.058462
2.115,0.057802
2.12,0.057152
2.125,0.056511
2.13,0.055879
2.135,0.055255
2.14,0.054641
2.145,0.054035
2.15,0.053438
2.155,0.052848
2.16,0.052267
2.165,0.051694
2.17,0.051128
2.175,0.05057
2.18,0.05002
2.185,0.049477
2.19,0.048941
2.195,0.048413
2.2,0.047891
2.205,0.047376
2.21,0.046868
2.215,0.046367
2.22,0.045872
2.225,0.045384
2.23,0.044902
2.235,0.044426
2.24,0.043956
2.245,0.043492
2.25,0.043034
2.255,0.042582
2.26,0.042136
2.265,0.041695
2.27,0.04126
2.275,0.04083
2.28,0.040405
2.285,0.039986
2.29,0.039572
2.295,0.039164
2.3,0.03876
2.305,0.038361
2.31,0.037967
2.315,0.037578
2.32,0.037194
2.325,0.036814
2.33,0.036439
2.335,0.036068
2.34,0.035702
2.345,0.035341
2.35,0.034983
2.355,0.03463
2.36,0.034282
2.365,0.033937
2.37,0.033596
2.375,0.03326
2.38,0.032927
2.385,0.032599
2.39,0.032274
2.395,0.031953
2.4,0.031636
2.405,0.031322
2.41,0.031013
2.415,0.030706
2.42,0.030404
2.425,0.030105
2.43,0.029809
2.435,0.029517
2.44,0.029228
2.445,0.028943
2.45,0.028661
2.455,0.028382
2.46,0.028106
2.465,0.027833
2.47,0.027564
2.475,0.027297
2.48,0.027034
2.485,0.026773
2.49,0.026516
2.495,0.026261
2.5,0.02601
2.505,0.025761
2.51,0.025515
2.515,0.025272
2.52,0.025031
2.525,0.024793
2.53,0.024558
2.535,0.024326
2.54,0.024096
2.545,0.023868
2.55,0.023643
2.555,0.023421
2.56,0.023201
2.565,0.022984
2.57,0.022769
2.575,0.022556
2.58,0.022346
2.585,0.022137
2.59,0.021932
2.595,0.021728
2.6,0.021527
2.605,0.021328
2.61,0.021131
2.615,0.020936
2.62,0.020743
2.625,0.020553
2.63,0.020364
2.635,0.020178
2.64,0.019993
2.645,0.019811
2.65,0.01963
2.655,0.019452
2.66,0.019275
2.665,0.0191
2.67,0.018927
2.675,0.018756
2.68,0.018587
2.685,0.01842
2.69,0.018254
2.695,0.01809
2.7,0.017928
2.705,0.017767
2.71,0.017609
2.715,0.017452
2.72,0.017296
2.725,0.017142
2.73,0.01699
2.735,0.01684
2.74,0.016691
2.745,0.016543
2.75,0.016397
2.755,0.016253
2.76,0.01611
2.765,0.015969
2.77,0.015829
2.775,0.01569
2.78,0.015553
2.785,0.015418
2.79,0.015283
2.795,0.015151
2.8,0.015019
2.805,0.014889
2.81,0.01476
2.815,0.014633
2.82,0.014506
2.825,0.014382
2.83,0.014258
2.835,0.014136
2.84,0.014014
2.845,0.013895
2.85,0.013776
2.855,0.013658
2.86,0.013542
2.865,0.013427
2.87,0.013313
2.875,0.0132
2.88,0.013088
2.885,0.012978
2.89,0.012868
2.895,0.01276
2.9,0.012653
2.905,0.012547
2.91,0.012441
2.915,0.012337
2.92,0.012234
2.925,0.012132
2.93,0.012031
2.935,0.011931
2.94,0.011832
2.945,0.011734
2.95,0.011637
2.955,0.011541
2.96,0.011445
2.965,0.011351
2.97,0.011258
2.975,0.011165
2.98,0.011074
2.985,0.010983
2.99,0.010893
2.995,0.010804
3,0.010716
3.005,0.010629
3.01,0.010543
3.015,0.010457
3.02,0.010372
3.025,0.010288
3.03,0.010205
3.035,0.010123
3.04,0.010041
3.045,0.0099607
3.05,0.0098808
3.055,0.0098016
3.06,0.0097231
3.065,0.0096454
3.07,0.0095684
3.075,0.0094922
3.08,0.0094167
3.085,0.0093419
3.09,0.0092678
3.095,0.0091944
3.1,0.0091217
3.105,0.0090497
3.11,0.0089783
3.115,0.0089077
3.12,0.0088377
3.125,0.0087683
3.13,0.0086996
3.135,0.0086315
3.14,0.0085641
3.145,0.0084972
3.15,0.008431
3.155,0.0083655
3.16,0.0083005
3.165,0.0082361
3.17,0.0081723
3.175,0.0081091
3.18,0.0080465
3.185,0.0079845
3.19,0.007923
3.195,0.0078621
3.2,0.0078017
3.205,0.0077419
3.21,0.0076827
3.215,0.007624
3.22,0.0075658
3.225,0.0075081
3.23,0.007451
3.235,0.0073944
3.24,0.0073383
3.245,0.0072827
3.25,0.0072276
3.255,0.007173
3.26,0.0071189
3.265,0.0070653
3.27,0.0070121
3.275,0.0069595
3.28,0.0069073
3.285,0.0068555
3.29,0.0068043
3.295,0.0067535
3.3,0.0067031
3.305,0.0066532
3.31,0.0066037
3.315,0.0065547
3.32,0.0065061
3.325,0.0064579
3.33,0.0064102
3.335,0.0063629
3.34,0.0063159
3.345,0.0062694
3.35,0.0062234
3.355,0.0061777
3.36,0.0061324
3.365,0.0060875
3.37,0.006043
3.375,0.0059989
3.38,0.0059552
3.385,0.0059118
3.39,0.0058688
3.395,0.0058262
3.4,0.005784
3.405,0.0057421
3.41,0.0057006
3.415,0.0056595
3.42,0.0056187
3.425,0.0055782
3.43,0.0055381
3.435,0.0054984
3.44,0.005459
3.445,0.0054199
3.45,0.0053811
3.455,0.0053427
3.46,0.0053046
3.465,0.0052669
3.47,0.0052294
3.475,0.0051923
3.48,0.0051555
3.485,0.005119
3.49,0.0050828
3.495,0.0050469
3.5,0.0050113
3.505,0.004976
3.51,0.0049411
3.515,0.0049064
3.52,0.004872
3.525,0.0048378
3.53,0.004804
3.535,0.0047704
3.54,0.0047372
3.545,0.0047042
3.55,0.0046715
3.555,0.004639
3.56,0.0046068
3.565,0.0045749
3.57,0.0045433
3.575,0.0045119
3.58,0.0044807
3.585,0.0044499
3.59,0.0044192
3.595,0.0043889
3.6,0.0043588
3.605,0.0043289
3.61,0.0042992
3.615,0.0042699
3.62,0.0042407
3.625,0.0042118
3.63,0.0041831
3.635,0.0041547
3.64,0.0041265
3.645,0.0040985
3.65,0.0040707
3.655,0.0040432
3.66,0.0040159
3.665,0.0039888
3.67,0.0039619
3.675,0.0039353
3.68,0.0039088
3.685,0.0038826
3.69,0.0038566
3.695,0.0038308
3.7,0.0038051
3.705,0.0037797
3.71,0.0037545
3.715,0.0037295
3.72,0.0037047
3.725,0.0036801
3.73,0.0036557
3.735,0.0036315
3.74,0.0036075
3.745,0.0035837
3.75,0.00356
3.755,0.0035366
3.76,0.0035133
3.765,0.0034902
3.77,0.0034673
3.775,0.0034445
3.78,0.003422
3.785,0.0033996
3.79,0.0033774
3.795,0.0033554
3.8,0.0033335
3.805,0.0033118
3.81,0.0032903
3.815,0.003269
3.82,0.0032478
3.825,0.0032268
3.83,0.0032059
3.835,0.0031852
3.84,0.0031647
3.845,0.0031443
3.85,0.0031241
3.855,0.003104
3.86,0.0030841
3.865,0.0030643
3.87,0.0030447
3.875,0.0030252
3.88,0.0030059
3.885,0.0029868
3.89,0.0029677
3.895,0.0029489
3.9,0.0029301
3.905,0.0029115
3.91,0.0028931
3.915,0.0028748
3.92,0.0028566
3.925,0.0028386
3.93,0.0028207
3.935,0.0028029
3.94,0.0027853
3.945,0.0027678
3.95,0.0027504
3.955,0.0027332
3.96,0.0027161
3.965,0.0026991
3.97,0.0026823
3.975,0.0026655
3.98,0.0026489
3.985,0.0026325
3.99,0.0026161
3.995,0.0025999
4,0.0025837
4.005,0.0025678
4.01,0.0025519
4.015,0.0025361
4.02,0.0025205
4.025,0.002505
4.03,0.0024895
4.035,0.0024742
4.04,0.0024591
4.045,0.002444
4.05,0.002429
4.055,0.0024142
4.06,0.0023994
4.065,0.0023848
4.07,0.0023702
4.075,0.0023558
4.08,0.0023415
4.085,0.0023273
4.09,0.0023132
4.095,0.0022992
4.1,0.0022852
4.105,0.0022714
4.11,0.0022577
4.115,0.0022441
4.12,0.0022306
4.125,0.0022172
4.13,0.0022039
4.135,0.0021906
4.14,0.0021775
4.145,0.0021645
4.15,0.0021515
4.155,0.0021387
4.16,0.0021259
4.165,0.0021133
4.17,0.0021007
4.175,0.0020882
4.18,0.0020758
4.185,0.0020635
4.19,0.0020513
4.195,0.0020391
4.2,0.0020271
4.205,0.0020151
4.21,0.0020032
4.215,0.0019914
4.22,0.0019797
4.225,0.0019681
4.23,0.0019565
4.235,0.0019451
4.24,0.0019337
4.245,0.0019224
4.25,0.0019111
4.255,0.0019
4.26,0.0018889
4.265,0.0018779
4.27,0.001867
4.275,0.0018562
4.28,0.0018454
4.285,0.0018347
4.29,0.0018241
4.295,0.0018135
4.3,0.0018031
4.305,0.0017927
4.31,0.0017823
4.315,0.0017721
4.32,0.0017619
4.325,0.0017518
4.33,0.0017417
4.335,0.0017317
4.34,0.0017218
4.345,0.001712
4.35,0.0017022
4.355,0.0016925
4.36,0.0016829
4.365,0.0016733
4.37,0.0016638
4.375,0.0016543
4.38,0.001645
4.385,0.0016356
4.39,0.0016264
4.395,0.0016172
4.4,0.0016081
4.405,0.001599
4.41,0.00159
4.415,0.001581
4.42,0.0015721
4.425,0.0015633
4.43,0.0015545
4.435,0.0015458
4.44,0.0015372
4.445,0.0015286
4.45,0.0015201
4.455,0.0015116
4.46,0.0015032
4.465,0.0014948
4.47,0.0014865
4.475,0.0014782
4.48,0.00147
4.485,0.0014619
4.49,0.0014538
4.495,0.0014458
4.5,0.0014378
4.505,0.0014298
4.51,0.001422
4.515,0.0014141
4.52,0.0014064
4.525,0.0013986
4.53,0.001391
4.535,0.0013833
4.54,0.0013758
4.545,0.0013682
4.55,0.0013608
4.555,0.0013533
4.56,0.001346
4.565,0.0013386
4.57,0.0013313
4.575,0.0013241
4.58,0.0013169
4.585,0.0013098
4.59,0.0013027
4.595,0.0012956
4.6,0.0012886
4.605,0.0012817
4.61,0.0012748
4.615,0.0012679
4.62,0.0012611
4.625,0.0012543
4.63,0.0012476
4.635,0.0012409
4.64,0.0012342
4.645,0.0012276
4.65,0.001221
4.655,0.0012145
4.66,0.001208
4.665,0.0012016
4.67,0.0011952
4.675,0.0011888
4.68,0.0011825
4.685,0.0011763
4.69,0.00117
4.695,0.0011638
4.7,0.0011577
4.705,0.0011515
4.71,0.0011455
4.715,0.0011394
4.72,0.0011334
4.725,0.0011274
4.73,0.0011215
4.735,0.0011156
4.74,0.0011098
4.745,0.001104
4.75,0.0010982
4.755,0.0010924
4.76,0.0010867
4.765,0.001081
4.77,0.0010754
4.775,0.0010698
4.78,0.0010642
4.785,0.0010587
4.79,0.0010532
4.795,0.0010477
4.8,0.0010423
4.805,0.0010369
4.81,0.0010316
4.815,0.0010262
4.82,0.0010209
4.825,0.0010157
4.83,0.0010104
4.835,0.0010052
4.84,0.0010001
4.845,0.00099493
4.85,0.00098983
4.855,0.00098475
4.86,0.00097971
4.865,0.0009747
4.87,0.00096972
4.875,0.00096477
4.88,0.00095985
4.885,0.00095496
4.89,0.00095011
4.895,0.00094528
4.9,0.00094048
4.905,0.0009357
4.91,0.00093096
4.915,0.00092625
4.92,0.00092156
4.925,0.00091691
4.93,0.00091228
4.935,0.00090768
4.94,0.00090311
4.945,0.00089856
4.95,0.00089404
4.955,0.00088955
4.96,0.00088509
4.965,0.00088065
4.97,0.00087624
4.975,0.00087186
4.98,0.0008675
4.985,0.00086317
4.99,0.00085886
4.995,0.00085458
5,0.00085033
5.005,0.0008461
5.01,0.0008419
5.015,0.00083772
5.02,0.00083357
5.025,0.00082944
5.03,0.00082533
5.035,0.00082125
5.04,0.0008172
5.045,0.00081316
5.05,0.00080916
5.055,0.00080517
5.06,0.00080121
5.065,0.00079727
5.07,0.00079336
5.075,0.00078947
5.08,0.0007856
5.085,0.00078175
5.09,0.00077793
5.095,0.00077413
5.1,0.00077035
5.105,0.00076659
5.11,0.00076286
5.115,0.00075914
5.12,0.00075545
5.125,0.00075178
5.13,0.00074813
5.135,0.00074451
5.14,0.0007409
5.145,0.00073731
5.15,0.00073375
5.155,0.00073021
5.16,0.00072668
5.165,0.00072318
5.17,0.0007197
5.175,0.00071623
5.18,0.00071279
5.185,0.00070937
5.19,0.00070596
5.195,0.00070258
5.2,0.00069922
5.205,0.00069587
5.21,0.00069255
5.215,0.00068924
5.22,0.00068595
5.225,0.00068268
5.23,0.00067943
5.235,0.0006762
5.24,0.00067299
5.245,0.00066979
5.25,0.00066661
5.255,0.00066345
5.26,0.00066031
5.265,0.00065719
5.27,0.00065408
5.275,0.000651
5.28,0.00064793
5.285,0.00064487
5.29,0.00064184
5.295,0.00063882
5.3,0.00063582
5.305,0.00063283
5.31,0.00062986
5.315,0.00062691
5.32,0.00062398
5.325,0.00062106
5.33,0.00061815
5.335,0.00061527
5.34,0.0006124
5.345,0.00060955
5.35,0.00060671
5.355,0.00060389
5.36,0.00060108
5.365,0.00059829
5.37,0.00059551
5.375,0.00059275
5.38,0.00059001
5.385,0.00058728
5.39,0.00058457
5.395,0.00058187
5.4,0.00057918
5.405,0.00057651
5.41,0.00057386
5.415,0.00057122
5.42,0.00056859
5.425,0.00056598
5.43,0.00056339
5.435,0.0005608
5.44,0.00055824
5.445,0.00055568
5.45,0.00055314
5.455,0.00055062
5.46,0.0005481
5.465,0.00054561
5.47,0.00054312
5.475,0.00054065
5.48,0.00053819
5.485,0.00053575
5.49,0.00053332
5.495,0.0005309
5.5,0.00052849
5.505,0.0005261
5.51,0.00052372
5.515,0.00052136
5.52,0.000519
5.525,0.00051666
5.53,0.00051434
5.535,0.00051202
5.54,0.00050972
5.545,0.00050743
5.55,0.00050515
5.555,0.00050288
5.56,0.00050063
5.565,0.00049839
5.57,0.00049616
5.575,0.00049394
5.58,0.00049174
5.585,0.00048954
5.59,0.00048736
5.595,0.00048519
5.6,0.00048303
5.605,0.00048088
5.61,0.00047875
5.615,0.00047662
5.62,0.00047451
5.625,0.00047241
5.63,0.00047032
5.635,0.00046824
5.64,0.00046617
5.645,0.00046411
5.65,0.00046206
5.655,0.00046003
5.66,0.000458
5.665,0.00045599
5.67,0.00045398
5.675,0.00045199
5.68,0.00045001
5.685,0.00044803
5.69,0.00044607
5.695,0.00044412
5.7,0.00044218
5.705,0.00044025
5.71,0.00043833
5.715,0.00043641
5.72,0.00043451
5.725,0.00043262
5.73,0.00043074
5.735,0.00042887
5.74,0.00042701
5.745,0.00042515
5.75,0.00042331
5.755,0.00042148
5.76,0.00041965
5.765,0.00041784
5.77,0.00041604
5.775,0.00041424
5.78,0.00041245
5.785,0.00041068
5.79,0.00040891
5.795,0.00040715
5.8,0.0004054
5.805,0.00040366
5.81,0.00040193
5.815,0.00040021
5.82,0.00039849
5.825,0.00039679
5.83,0.00039509
5.835,0.0003934
5.84,0.00039172
5.845,0.00039005
5.85,0.00038839
5.855,0.00038674
5.86,0.00038509
5.865,0.00038346
5.87,0.00038183
5.875,0.00038021
5.88,0.0003786
5.885,0.00037699
5.89,0.0003754
5.895,0.00037381
5.9,0.00037223
5.905,0.00037066
5.91,0.0003691
5.915,0.00036754
5.92,0.00036599
5.925,0.00036445
5.93,0.00036292
5.935,0.0003614
5.94,0.00035988
5.945,0.00035837
5.95,0.00035687
5.955,0.00035538
5.96,0.00035389
5.965,0.00035241
5.97,0.00035094
5.975,0.00034947
5.98,0.00034802
5.985,0.00034657
5.99,0.00034513
5.995,0.00034369
6,0.00034226
6.005,0.00034084
6.01,0.00033943
6.015,0.00033802
6.02,0.00033662
6.025,0.00033523
6.03,0.00033384
6.035,0.00033246
6.04,0.00033109
6.045,0.00032973
6.05,0.00032837
6.055,0.00032702
6.06,0.00032567
6.065,0.00032433
6.07,0.000323
6.075,0.00032167
6.08,0.00032035
6.085,0.00031904
6.09,0.00031774
6.095,0.00031644
6.1,0.00031514
6.105,0.00031386
6.11,0.00031257
6.115,0.0003113
6.12,0.00031003
6.125,0.00030877
6.13,0.00030751
6.135,0.00030626
6.14,0.00030502
6.145,0.00030378
6.15,0.00030255
6.155,0.00030133
6.16,0.00030011
6.165,0.00029889
6.17,0.00029768
6.175,0.00029648
6.18,0.00029529
6.185,0.0002941
6.19,0.00029291
6.195,0.00029173
6.2,0.00029056
6.205,0.00028939
6.21,0.00028823
6.215,0.00028707
6.22,0.00028592
6.225,0.00028478
6.23,0.00028364
6.235,0.0002825
6.24,0.00028137
6.245,0.00028025
6.25,0.00027913
6.255,0.00027802
6.26,0.00027691
6.265,0.00027581
6.27,0.00027471
6.275,0.00027362
6.28,0.00027254
