0,0
0.005,0
0.01,0
0.015,0
0.02,0
0.025,0
0.03,0
0.035,0
0.04,0
0.045,0
0.05,0
0.055,0
0.06,0
0.065,0
0.07,0
0.075,0
0.08,0
0.085,0
0.09,0
0.095,0
0.1,0
0.105,0
0.11,0
0.115,0
0.12,0
0.125,0
0.13,0
0.135,0
0.14,0
0.145,0
0.15,0
0.155,0
0.16,0
0.165,0
0.17,0
0.175,0
0.18,0
0.185,0
0.19,0
0.195,0
0.2,0
0.205,0
0.21,0
0.215,0
0.22,0
0.225,0
0.23,0
0.235,0
0.24,0
0.245,0
0.25,0
0.255,0
0.26,0
0.265,0
0.27,0
0.275,0
0.28,0
0.285,0
0.29,0
0.295,0
0.3,0
0.305,0
0.31,0
0.315,0
0.32,0
0.325,0
0.33,0
0.335,0
0.34,0
0.345,0
0.35,0
0.355,0
0.36,0
0.365,1.3891e-310
0.37,4.5635e-294
0.375,1.2448e-278
0.38,3.4182e-264
0.385,1.1262e-250
0.39,5.2245e-238
0.395,3.9495e-226
0.4,5.5606e-215
0.405,1.6477e-204
0.41,1.1493e-194
0.415,2.0911e-185
0.42,1.0907e-176
0.425,1.7786e-168
0.43,9.8191e-161
0.435,1.9752e-153
0.44,1.5492e-146
0.445,5.0428e-140
0.45,7.2169e-134
0.455,4.7897e-128
0.46,1.5487e-122
0.465,2.5537e-117
0.47,2.2401e-112
0.475,1.0873e-107
0.48,3.0284e-103
0.485,5.0069e-099
0.49,5.0709e-095
0.495,3.2394e-091
0.5,1.3414e-087
0.505,3.6929e-084
0.51,6.9217e-081
0.515,9.0295e-078
0.52,8.3692e-075
0.525,5.6188e-072
0.53,2.7821e-069
0.535,1.0332e-066
0.54,2.9235e-064
0.545,6.3971e-062
0.55,1.0975e-059
0.555,1.4958e-057
0.56,1.6391e-055
0.565,1.4608e-053
0.57,1.0704e-051
0.575,6.5129e-050
0.58,3.3225e-048
0.585,1.4337e-046
0.59,5.2778e-045
0.595,1.6705e-043
0.6,4.5805e-042
0.605,1.0957e-040
0.61,2.3018e-039
0.615,4.2734e-038
0.62,7.0531e-037
0.625,1.0407e-035
0.63,1.3799e-034
0.635,1.6527e-033
0.64,1.7963e-032
0.645,1.7796e-031
0.65,1.6141e-030
0.655,1.3454e-029
0.66,1.0347e-028
0.665,7.3682e-028
0.67,4.8749e-027
0.675,3.0063e-026
0.68,1.7334e-025
0.685,9.3725e-025
0.69,4.7652e-024
0.695,2.2842e-023
0.7,1.0349e-022
0.705,4.442e-022
0.71,1.8105e-021
0.715,7.0225e-021
0.72,2.5974e-020
0.725,9.1787e-020
0.73,3.1048e-019
0.735,1.0071e-018
0.74,3.1378e-018
0.745,9.4057e-018
0.75,2.7167e-017
0.755,7.5718e-017
0.76,2.0394e-016
0.765,5.3148e-016
0.77,1.342e-015
0.775,3.2869e-015
0.78,7.8186e-015
0.785,1.8082e-014
0.79,4.0701e-014
0.795,8.9257e-014
0.8,1.9089e-013
0.805,3.9851e-013
0.81,8.128e-013
0.815,1.6211e-012
0.82,3.164e-012
0.825,6.0482e-012
0.83,1.1332e-011
0.835,2.0825e-011
0.84,3.7563e-011
0.845,6.6547e-011
0.85,1.1586e-010
0.855,1.9838e-010
0.86,3.3421e-010
0.865,5.5433e-010
0.87,9.0566e-010
0.875,1.4583e-009
0.88,2.3153e-009
0.885,3.6265e-009
0.89,5.606e-009
0.895,8.5569e-009
0.9,1.2902e-008
0.905,1.9224e-008
0.91,2.8317e-008
0.915,4.1251e-008
0.92,5.9452e-008
0.925,8.4799e-008
0.93,1.1974e-007
0.935,1.6745e-007
0.94,2.3198e-007
0.945,3.1846e-007
0.95,4.3333e-007
0.955,5.8462e-007
0.96,7.8224e-007
0.965,1.0383e-006
0.97,1.3675e-006
0.975,1.7876e-006
0.98,2.3198e-006
0.985,2.9891e-006
0.99,3.8253e-006
0.995,4.863e-006
1,6.1424e-006
1.005,7.7101e-006
1.01,9.6193e-006
1.015,1.1931e-005
1.02,1.4714e-005
1.025,1.8046e-005
1.03,2.2013e-005
1.035,2.6713e-005
1.04,3.2252e-005
1.045,3.875e-005
1.05,4.6334e-005
1.055,5.5146e-005
1.06,6.5339e-005
1.065,7.7078e-005
1.07,9.054e-005
1.075,0.00010592
1.08,0.00012341
1.085,0.00014322
1.09,0.0001656
1.095,0.00019076
1.1,0.00021896
1.105,0.00025046
1.11,0.00028553
1.115,0.00032443
1.12,0.00036746
1.125,0.0004149
1.13,0.00046705
1.135,0.00052421
1.14,0.0005867
1.145,0.0006548
1.15,0.00072884
1.155,0.00080912
1.16,0.00089595
1.165,0.00098963
1.17,0.0010905
1.175,0.0011987
1.18,0.0013148
1.185,0.0014388
1.19,0.0015711
1.195,0.001712
1.2,0.0018617
1.205,0.0020205
1.21,0.0021886
1.215,0.0023661
1.22,0.0025534
1.225,0.0027506
1.23,0.0029579
1.235,0.0031755
1.24,0.0034035
1.245,0.0036421
1.25,0.0038913
1.255,0.0041514
1.26,0.0044223
1.265,0.0047042
1.27,0.0049973
1.275,0.0053014
1.28,0.0056168
1.285,0.0059433
1.29,0.0062812
1.295,0.0066303
1.3,0.0069908
1.305,0.0073626
1.31,0.0077457
1.315,0.0081402
1.32,0.008546
1.325,0.0089632
1.33,0.0093917
1.335,0.0098315
1.34,0.010283
1.345,0.010745
1.35,0.011219
1.355,0.011704
1.36,0.012201
1.365,0.012709
1.37,0.013228
1.375,0.013758
1.38,0.014301
1.385,0.014854
1.39,0.015419
1.395,0.015996
1.4,0.016585
1.405,0.017185
1.41,0.017798
1.415,0.018422
1.42,0.019058
1.425,0.019707
1.43,0.020368
1.435,0.021042
1.44,0.021729
1.445,0.022428
1.45,0.023141
1.455,0.023867
1.46,0.024607
1.465,0.025361
1.47,0.026128
1.475,0.026911
1.48,0.027707
1.485,0.028519
1.49,0.029346
1.495,0.030188
1.5,0.031047
1.505,0.031921
1.51,0.032811
1.515,0.033719
1.52,0.034643
1.525,0.035584
1.53,0.036543
1.535,0.03752
1.54,0.038514
1.545,0.039527
1.55,0.040559
1.555,0.041609
1.56,0.042678
1.565,0.043766
1.57,0.044873
1.575,0.045999
1.58,0.047145
1.585,0.04831
1.59,0.049495
1.595,0.050698
1.6,0.051921
1.605,0.053163
1.61,0.054423
1.615,0.055702
1.62,0.056999
1.625,0.058313
1.63,0.059645
1.635,0.060993
1.64,0.062356
1.645,0.063735
1.65,0.065129
1.655,0.066535
1.66,0.067954
1.665,0.069384
1.67,0.070823
1.675,0.072272
1.68,0.073727
1.685,0.075188
1.69,0.076653
1.695,0.07812
1.7,0.079588
1.705,0.081053
1.71,0.082515
1.715,0.083972
1.72,0.08542
1.725,0.086858
1.73,0.088282
1.735,0.089692
1.74,0.091083
1.745,0.092454
1.75,0.093802
1.755,0.095124
1.76,0.096416
1.765,0.097678
1.77,0.098904
1.775,0.10009
1.78,0.10124
1.785,0.10235
1.79,0.10341
1.795,0.10442
1.8,0.10538
1.805,0.10629
1.81,0.10715
1.815,0.10794
1.82,0.10867
1.825,0.10934
1.83,0.10995
1.835,0.11049
1.84,0.11096
1.845,0.11136
1.85,0.11169
1.855,0.11195
1.86,0.11214
1.865,0.11225
1.87,0.11229
1.875,0.11226
1.88,0.11215
1.885,0.11197
1.89,0.11171
1.895,0.11138
1.9,0.11098
1.905,0.11051
1.91,0.10997
1.915,0.10936
1.92,0.10869
1.925,0.10795
1.93,0.10715
1.935,0.1063
1.94,0.10538
1.945,0.10441
1.95,0.10338
1.955,0.10231
1.96,0.10119
1.965,0.10003
1.97,0.09882
1.975,0.097576
1.98,0.096298
1.985,0.094988
1.99,0.093649
1.995,0.092284
2,0.090895
2.005,0.089487
2.01,0.088062
2.015,0.086623
2.02,0.085173
2.025,0.083713
2.03,0.082248
2.035,0.080779
2.04,0.079309
2.045,0.077841
2.05,0.076376
2.055,0.074916
2.06,0.073464
2.065,0.072021
2.07,0.07059
2.075,0.069172
2.08,0.067768
2.085,0.06638
2.09,0.065009
2.095,0.063656
2.1,0.062323
2.105,0.06101
2.11,0.059719
2.115,0.058449
2.12,0.057203
2.125,0.055979
2.13,0.054779
2.135,0.053603
2.14,0.052452
2.145,0.051326
2.15,0.050224
2.155,0.049147
2.16,0.048095
2.165,0.047069
2.17,0.046067
2.175,0.04509
2.18,0.044137
2.185,0.043209
2.19,0.042305
2.195,0.041425
2.2,0.040568
2.205,0.039735
2.21,0.038925
2.215,0.038137
2.22,0.037371
2.225,0.036626
2.23,0.035903
2.235,0.035201
2.24,0.034519
2.245,0.033856
2.25,0.033213
2.255,0.032589
2.26,0.031984
2.265,0.031396
2.27,0.030825
2.275,0.030272
2.28,0.029735
2.285,0.029214
2.29,0.028709
2.295,0.028218
2.3,0.027743
2.305,0.027281
2.31,0.026834
2.315,0.026399
2.32,0.025978
2.325,0.025569
2.33,0.025172
2.335,0.024787
2.34,0.024413
2.345,0.02405
2.35,0.023698
2.355,0.023356
2.36,0.023023
2.365,0.0227
2.37,0.022387
2.375,0.022082
2.38,0.021786
2.385,0.021498
2.39,0.021218
2.395,0.020945
2.4,0.02068
2.405,0.020422
2.41,0.020171
2.415,0.019927
2.42,0.019689
2.425,0.019457
2.43,0.019231
2.435,0.01901
2.44,0.018795
2.445,0.018586
2.45,0.018381
2.455,0.018181
2.46,0.017986
2.465,0.017796
2.47,0.017609
2.475,0.017427
2.48,0.017249
2.485,0.017075
2.49,0.016905
2.495,0.016738
2.5,0.016574
2.505,0.016414
2.51,0.016257
2.515,0.016103
2.52,0.015953
2.525,0.015804
2.53,0.015659
2.535,0.015516
2.54,0.015376
2.545,0.015239
2.55,0.015103
2.555,0.01497
2.56,0.014839
2.565,0.01471
2.57,0.014584
2.575,0.014459
2.58,0.014336
2.585,0.014215
2.59,0.014095
2.595,0.013978
2.6,0.013862
2.605,0.013747
2.61,0.013635
2.615,0.013523
2.62,0.013413
2.625,0.013305
2.63,0.013198
2.635,0.013092
2.64,0.012987
2.645,0.012884
2.65,0.012782
2.655,0.012681
2.66,0.012581
2.665,0.012482
2.67,0.012384
2.675,0.012288
2.68,0.012192
2.685,0.012097
2.69,0.012004
2.695,0.011911
2.7,0.011819
2.705,0.011729
2.71,0.011639
2.715,0.011549
2.72,0.011461
2.725,0.011374
2.73,0.011287
2.735,0.011201
2.74,0.011116
2.745,0.011032
2.75,0.010949
2.755,0.010866
2.76,0.010784
2.765,0.010703
2.77,0.010622
2.775,0.010542
2.78,0.010463
2.785,0.010385
2.79,0.010307
2.795,0.01023
2.8,0.010153
2.805,0.010077
2.81,0.010002
2.815,0.0099274
2.82,0.0098534
2.825,0.00978
2.83,0.0097073
2.835,0.0096351
2.84,0.0095635
2.845,0.0094926
2.85,0.0094222
2.855,0.0093523
2.86,0.0092831
2.865,0.0092144
2.87,0.0091463
2.875,0.0090787
2.88,0.0090117
2.885,0.0089452
2.89,0.0088792
2.895,0.0088138
2.9,0.0087489
2.905,0.0086845
2.91,0.0086207
2.915,0.0085573
2.92,0.0084945
2.925,0.0084322
2.93,0.0083703
2.935,0.008309
2.94,0.0082482
2.945,0.0081878
2.95,0.0081279
2.955,0.0080685
2.96,0.0080096
2.965,0.0079512
2.97,0.0078932
2.975,0.0078357
2.98,0.0077786
2.985,0.007722
2.99,0.0076659
2.995,0.0076102
3,0.0075549
3.005,0.0075001
3.01,0.0074457
3.015,0.0073918
3.02,0.0073383
3.025,0.0072852
3.03,0.0072325
3.035,0.0071803
3.04,0.0071285
3.045,0.0070771
3.05,0.0070261
3.055,0.0069755
3.06,0.0069253
3.065,0.0068755
3.07,0.0068261
3.075,0.0067771
3.08,0.0067285
3.085,0.0066802
3.09,0.0066324
3.095,0.0065849
3.1,0.0065379
3.105,0.0064911
3.11,0.0064448
3.115,0.0063988
3.12,0.0063532
3.125,0.006308
3.13,0.0062631
3.135,0.0062186
3.14,0.0061744
3.145,0.0061306
3.15,0.0060871
3.155,0.006044
3.16,0.0060012
3.165,0.0059588
3.17,0.0059167
3.175,0.0058749
3.18,0.0058334
3.185,0.0057923
3.19,0.0057515
3.195,0.0057111
3.2,0.0056709
3.205,0.0056311
3.21,0.0055916
3.215,0.0055524
3.22,0.0055135
3.225,0.0054749
3.23,0.0054366
3.235,0.0053986
3.24,0.0053609
3.245,0.0053236
3.25,0.0052865
3.255,0.0052497
3.26,0.0052132
3.265,0.0051769
3.27,0.005141
3.275,0.0051054
3.28,0.00507
3.285,0.0050349
3.29,0.0050001
3.295,0.0049655
3.3,0.0049312
3.305,0.0048972
3.31,0.0048635
3.315,0.00483
3.32,0.0047968
3.325,0.0047639
3.33,0.0047312
3.335,0.0046987
3.34,0.0046665
3.345,0.0046346
3.35,0.0046029
3.355,0.0045715
3.36,0.0045403
3.365,0.0045093
3.37,0.0044786
3.375,0.0044481
3.38,0.0044179
3.385,0.0043879
3.39,0.0043581
3.395,0.0043286
3.4,0.0042993
3.405,0.0042702
3.41,0.0042413
3.415,0.0042127
3.42,0.0041843
3.425,0.0041561
3.43,0.0041281
3.435,0.0041003
3.44,0.0040728
3.445,0.0040455
3.45,0.0040183
3.455,0.0039914
3.46,0.0039647
3.465,0.0039382
3.47,0.0039119
3.475,0.0038858
3.48,0.0038599
3.485,0.0038342
3.49,0.0038087
3.495,0.0037834
3.5,0.0037583
3.505,0.0037334
3.51,0.0037086
3.515,0.0036841
3.52,0.0036597
3.525,0.0036356
3.53,0.0036116
3.535,0.0035878
3.54,0.0035642
3.545,0.0035407
3.55,0.0035174
3.555,0.0034944
3.56,0.0034714
3.565,0.0034487
3.57,0.0034261
3.575,0.0034037
3.58,0.0033815
3.585,0.0033594
3.59,0.0033375
3.595,0.0033158
3.6,0.0032942
3.605,0.0032728
3.61,0.0032516
3.615,0.0032305
3.62,0.0032096
3.625,0.0031888
3.63,0.0031682
3.635,0.0031477
3.64,0.0031274
3.645,0.0031073
3.65,0.0030873
3.655,0.0030674
3.66,0.0030477
3.665,0.0030282
3.67,0.0030087
3.675,0.0029895
3.68,0.0029703
3.685,0.0029514
3.69,0.0029325
3.695,0.0029138
3.7,0.0028952
3.705,0.0028768
3.71,0.0028585
3.715,0.0028404
3.72,0.0028224
3.725,0.0028045
3.73,0.0027867
3.735,0.0027691
3.74,0.0027516
3.745,0.0027342
3.75,0.002717
3.755,0.0026999
3.76,0.0026829
3.765,0.002666
3.77,0.0026493
3.775,0.0026326
3.78,0.0026161
3.785,0.0025998
3.79,0.0025835
3.795,0.0025674
3.8,0.0025513
3.805,0.0025354
3.81,0.0025197
3.815,0.002504
3.82,0.0024884
3.825,0.002473
3.83,0.0024576
3.835,0.0024424
3.84,0.0024273
3.845,0.0024123
3.85,0.0023974
3.855,0.0023826
3.86,0.0023679
3.865,0.0023533
3.87,0.0023389
3.875,0.0023245
3.88,0.0023102
3.885,0.0022961
3.89,0.002282
3.895,0.002268
3.9,0.0022542
3.905,0.0022404
3.91,0.0022268
3.915,0.0022132
3.92,0.0021997
3.925,0.0021863
3.93,0.0021731
3.935,0.0021599
3.94,0.0021468
3.945,0.0021338
3.95,0.0021209
3.955,0.0021081
3.96,0.0020953
3.965,0.0020827
3.97,0.0020702
3.975,0.0020577
3.98,0.0020453
3.985,0.0020331
3.99,0.0020209
3.995,0.0020088
4,0.0019967
4.005,0.0019848
4.01,0.0019729
4.015,0.0019612
4.02,0.0019495
4.025,0.0019379
4.03,0.0019263
4.035,0.0019149
4.04,0.0019035
4.045,0.0018922
4.05,0.001881
4.055,0.0018699
4.06,0.0018588
4.065,0.0018479
4.07,0.001837
4.075,0.0018261
4.08,0.0018154
4.085,0.0018047
4.09,0.0017941
4.095,0.0017836
4.1,0.0017731
4.105,0.0017627
4.11,0.0017524
4.115,0.0017422
4.12,0.001732
4.125,0.0017219
4.13,0.0017119
4.135,0.0017019
4.14,0.001692
4.145,0.0016822
4.15,0.0016724
4.155,0.0016627
4.16,0.0016531
4.165,0.0016435
4.17,0.001634
4.175,0.0016246
4.18,0.0016152
4.185,0.0016059
4.19,0.0015967
4.195,0.0015875
4.2,0.0015784
4.205,0.0015693
4.21,0.0015603
4.215,0.0015514
4.22,0.0015425
4.225,0.0015337
4.23,0.001525
4.235,0.0015163
4.24,0.0015076
4.245,0.001499
4.25,0.0014905
4.255,0.0014821
4.26,0.0014737
4.265,0.0014653
4.27,0.001457
4.275,0.0014488
4.28,0.0014406
4.285,0.0014324
4.29,0.0014244
4.295,0.0014163
4.3,0.0014084
4.305,0.0014005
4.31,0.0013926
4.315,0.0013848
4.32,0.001377
4.325,0.0013693
4.33,0.0013617
4.335,0.001354
4.34,0.0013465
4.345,0.001339
4.35,0.0013315
4.355,0.0013241
4.36,0.0013167
4.365,0.0013094
4.37,0.0013022
4.375,0.001295
4.38,0.0012878
4.385,0.0012807
4.39,0.0012736
4.395,0.0012666
4.4,0.0012596
4.405,0.0012526
4.41,0.0012457
4.415,0.0012389
4.42,0.0012321
4.425,0.0012253
4.43,0.0012186
4.435,0.0012119
4.44,0.0012053
4.445,0.0011987
4.45,0.0011922
4.455,0.0011857
4.46,0.0011792
4.465,0.0011728
4.47,0.0011664
4.475,0.0011601
4.48,0.0011538
4.485,0.0011475
4.49,0.0011413
4.495,0.0011351
4.5,0.001129
4.505,0.0011229
4.51,0.0011168
4.515,0.0011108
4.52,0.0011048
4.525,0.0010989
4.53,0.001093
4.535,0.0010871
4.54,0.0010813
4.545,0.0010755
4.55,0.0010698
4.555,0.001064
4.56,0.0010584
4.565,0.0010527
4.57,0.0010471
4.575,0.0010415
4.58,0.001036
4.585,0.0010305
4.59,0.001025
4.595,0.0010196
4.6,0.0010142
4.605,0.0010088
4.61,0.0010035
4.615,0.00099815
4.62,0.00099288
4.625,0.00098765
4.63,0.00098244
4.635,0.00097727
4.64,0.00097213
4.645,0.00096703
4.65,0.00096195
4.655,0.00095691
4.66,0.0009519
4.665,0.00094692
4.67,0.00094197
4.675,0.00093705
4.68,0.00093216
4.685,0.0009273
4.69,0.00092247
4.695,0.00091768
4.7,0.00091291
4.705,0.00090817
4.71,0.00090346
4.715,0.00089877
4.72,0.00089412
4.725,0.0008895
4.73,0.0008849
4.735,0.00088033
4.74,0.0008758
4.745,0.00087128
4.75,0.0008668
4.755,0.00086234
4.76,0.00085791
4.765,0.00085351
4.77,0.00084913
4.775,0.00084478
4.78,0.00084046
4.785,0.00083616
4.79,0.00083189
4.795,0.00082765
4.8,0.00082343
4.805,0.00081924
4.81,0.00081507
4.815,0.00081093
4.82,0.00080681
4.825,0.00080272
4.83,0.00079865
4.835,0.0007946
4.84,0.00079058
4.845,0.00078659
4.85,0.00078262
4.855,0.00077867
4.86,0.00077474
4.865,0.00077084
4.87,0.00076697
4.875,0.00076311
4.88,0.00075928
4.885,0.00075547
4.89,0.00075169
4.895,0.00074792
4.9,0.00074418
4.905,0.00074046
4.91,0.00073677
4.915,0.00073309
4.92,0.00072944
4.925,0.00072581
4.93,0.0007222
4.935,0.00071861
4.94,0.00071504
4.945,0.0007115
4.95,0.00070797
4.955,0.00070447
4.96,0.00070098
4.965,0.00069752
4.97,0.00069408
4.975,0.00069066
4.98,0.00068725
4.985,0.00068387
4.99,0.00068051
4.995,0.00067716
5,0.00067384
5.005,0.00067054
5.01,0.00066725
5.015,0.00066398
5.02,0.00066074
5.025,0.00065751
5.03,0.0006543
5.035,0.00065111
5.04,0.00064794
5.045,0.00064478
5.05,0.00064165
5.055,0.00063853
5.06,0.00063543
5.065,0.00063235
5.07,0.00062928
5.075,0.00062624
5.08,0.00062321
5.085,0.0006202
5.09,0.0006172
5.095,0.00061423
5.1,0.00061127
5.105,0.00060832
5.11,0.0006054
5.115,0.00060249
5.12,0.0005996
5.125,0.00059672
5.13,0.00059386
5.135,0.00059102
5.14,0.00058819
5.145,0.00058538
5.15,0.00058259
5.155,0.00057981
5.16,0.00057704
5.165,0.0005743
5.17,0.00057156
5.175,0.00056885
5.18,0.00056615
5.185,0.00056346
5.19,0.00056079
5.195,0.00055813
5.2,0.00055549
5.205,0.00055287
5.21,0.00055026
5.215,0.00054766
5.22,0.00054508
5.225,0.00054251
5.23,0.00053996
5.235,0.00053742
5.24,0.00053489
5.245,0.00053238
5.25,0.00052989
5.255,0.0005274
5.26,0.00052494
5.265,0.00052248
5.27,0.00052004
5.275,0.00051761
5.28,0.0005152
5.285,0.0005128
5.29,0.00051041
5.295,0.00050804
5.3,0.00050568
5.305,0.00050333
5.31,0.00050099
5.315,0.00049867
5.32,0.00049636
5.325,0.00049406
5.33,0.00049178
5.335,0.00048951
5.34,0.00048725
5.345,0.000485
5.35,0.00048277
5.355,0.00048055
5.36,0.00047834
5.365,0.00047614
5.37,0.00047396
5.375,0.00047178
5.38,0.00046962
5.385,0.00046747
5.39,0.00046533
5.395,0.00046321
5.4,0.00046109
5.405,0.00045899
5.41,0.0004569
5.415,0.00045482
5.42,0.00045275
5.425,0.00045069
5.43,0.00044864
5.435,0.00044661
5.44,0.00044458
5.445,0.00044257
5.45,0.00044057
5.455,0.00043857
5.46,0.00043659
5.465,0.00043462
5.47,0.00043266
5.475,0.00043071
5.48,0.00042877
5.485,0.00042684
5.49,0.00042493
5.495,0.00042302
5.5,0.00042112
5.505,0.00041923
5.51,0.00041735
5.515,0.00041549
5.52,0.00041363
5.525,0.00041178
5.53,0.00040994
5.535,0.00040811
5.54,0.0004063
5.545,0.00040449
5.55,0.00040269
5.555,0.0004009
5.56,0.00039912
5.565,0.00039735
5.57,0.00039559
5.575,0.00039383
5.58,0.00039209
5.585,0.00039036
5.59,0.00038863
5.595,0.00038692
5.6,0.00038521
5.605,0.00038351
5.61,0.00038183
5.615,0.00038015
5.62,0.00037848
5.625,0.00037681
5.63,0.00037516
5.635,0.00037352
5.64,0.00037188
5.645,0.00037025
5.65,0.00036863
5.655,0.00036702
5.66,0.00036542
5.665,0.00036383
5.67,0.00036224
5.675,0.00036066
5.68,0.00035909
5.685,0.00035753
5.69,0.00035598
5.695,0.00035444
5.7,0.0003529
5.705,0.00035137
5.71,0.00034985
5.715,0.00034834
5.72,0.00034683
5.725,0.00034533
5.73,0.00034384
5.735,0.00034236
5.74,0.00034089
5.745,0.00033942
5.75,0.00033796
5.755,0.00033651
5.76,0.00033506
5.765,0.00033363
5.77,0.0003322
5.775,0.00033078
5.78,0.00032936
5.785,0.00032795
5.79,0.00032655
5.795,0.00032516
5.8,0.00032377
5.805,0.00032239
5.81,0.00032102
5.815,0.00031965
5.82,0.0003183
5.825,0.00031694
5.83,0.0003156
5.835,0.00031426
5.84,0.00031293
5.845,0.00031161
5.85,0.00031029
5.855,0.00030898
5.86,0.00030767
5.865,0.00030637
5.87,0.00030508
5.875,0.0003038
5.88,0.00030252
5.885,0.00030125
5.89,0.00029998
5.895,0.00029872
5.9,0.00029747
5.905,0.00029622
5.91,0.00029498
5.915,0.00029375
5.92,0.00029252
5.925,0.0002913
5.93,0.00029008
5.935,0.00028887
5.94,0.00028767
5.945,0.00028647
5.95,0.00028528
5.955,0.00028409
5.96,0.00028291
5.965,0.00028174
5.97,0.00028057
5.975,0.00027941
5.98,0.00027825
5.985,0.0002771
5.99,0.00027595
5.995,0.00027481
6,0.00027368
6.005,0.00027255
6.01,0.00027143
6.015,0.00027031
6.02,0.0002692
6.025,0.00026809
6.03,0.00026699
6.035,0.0002659
6.04,0.00026481
6.045,0.00026372
6.05,0.00026264
6.055,0.00026157
6.06,0.0002605
6.065,0.00025943
6.07,0.00025837
6.075,0.00025732
6.08,0.00025627
6.085,0.00025523
6.09,0.00025419
6.095,0.00025316
6.1,0.00025213
6.105,0.00025111
6.11,0.00025009
6.115,0.00024908
6.12,0.00024807
6.125,0.00024706
6.13,0.00024606
6.135,0.00024507
6.14,0.00024408
6.145,0.0002431
6.15,0.00024212
6.155,0.00024114
6.16,0.00024017
6.165,0.00023921
6.17,0.00023825
6.175,0.00023729
6.18,0.00023634
6.185,0.00023539
6.19,0.00023445
6.195,0.00023351
6.2,0.00023258
6.205,0.00023165
6.21,0.00023072
6.215,0.0002298
6.22,0.00022889
6.225,0.00022798
6.23,0.00022707
6.235,0.00022617
6.24,0.00022527
6.245,0.00022437
6.25,0.00022348
6.255,0.0002226
6.26,0.00022172
6.265,0.00022084
6.27,0.00021996
6.275,0.0002191
6.28,0.00021823
