0,0
0.005,0
0.01,0
0.015,0
0.02,0
0.025,0
0.03,0
0.035,0
0.04,0
0.045,0
0.05,0
0.055,0
0.06,0
0.065,0
0.07,0
0.075,0
0.08,0
0.085,0
0.09,0
0.095,0
0.1,0
0.105,0
0.11,0
0.115,0
0.12,0
0.125,0
0.13,0
0.135,0
0.14,0
0.145,0
0.15,0
0.155,0
0.16,0
0.165,0
0.17,0
0.175,0
0.18,0
0.185,0
0.19,0
0.195,0
0.2,0
0.205,5.658e-316
0.21,1.0649e-286
0.215,1.025e-260
0.22,1.3698e-237
0.225,5.9369e-217
0.23,1.7207e-198
0.235,6.1943e-182
0.24,4.7136e-167
0.245,1.1987e-153
0.25,1.5135e-141
0.255,1.3372e-130
0.26,1.1139e-120
0.265,1.1346e-111
0.27,1.7735e-103
0.275,5.1914e-096
0.28,3.3894e-089
0.285,5.7571e-083
0.29,2.914e-077
0.295,4.9563e-072
0.3,3.1509e-067
0.305,8.2296e-063
0.31,9.6052e-059
0.315,5.3999e-055
0.32,1.5635e-051
0.325,2.4755e-048
0.33,2.2616e-045
0.335,1.2511e-042
0.34,4.3767e-040
0.345,1.0067e-037
0.35,1.5772e-035
0.355,1.7375e-033
0.36,1.3852e-031
0.365,8.2034e-030
0.37,3.6952e-028
0.375,1.2936e-026
0.38,3.5888e-025
0.385,8.0326e-024
0.39,1.4742e-022
0.395,2.2517e-021
0.4,2.9012e-020
0.405,3.1929e-019
0.41,3.0356e-018
0.415,2.5194e-017
0.42,1.8428e-016
0.425,1.1985e-015
0.43,6.9868e-015
0.435,3.6781e-014
0.44,1.7607e-013
0.445,7.7122e-013
0.45,3.1094e-012
0.455,1.1601e-011
0.46,4.0257e-011
0.465,1.3053e-010
0.47,3.9716e-010
0.475,1.1385e-009
0.48,3.0863e-009
0.485,7.9385e-009
0.49,1.9437e-008
0.495,4.5437e-008
0.5,1.0169e-007
0.505,2.1844e-007
0.51,4.5148e-007
0.515,8.9982e-007
0.52,1.733e-006
0.525,3.2314e-006
0.53,5.8445e-006
0.535,1.0271e-005
0.54,1.7565e-005
0.545,2.9278e-005
0.55,4.7629e-005
0.555,7.5723e-005
0.56,0.0001178
0.565,0.00017951
0.57,0.00026828
0.575,0.00039359
0.58,0.00056739
0.585,0.00080445
0.59,0.0011227
0.595,0.0015435
0.6,0.0020922
0.605,0.0027977
0.61,0.0036933
0.615,0.0048165
0.62,0.0062086
0.625,0.007915
0.63,0.0099847
0.635,0.01247
0.64,0.015425
0.645,0.018908
0.65,0.022977
0.655,0.027692
0.66,0.033111
0.665,0.039293
0.67,0.046294
0.675,0.054169
0.68,0.062969
0.685,0.072741
0.69,0.083526
0.695,0.095361
0.7,0.10828
0.705,0.1223
0.71,0.13744
0.715,0.15372
0.72,0.17113
0.725,0.18968
0.73,0.20934
0.735,0.23011
0.74,0.25196
0.745,0.27485
0.75,0.29875
0.755,0.32362
0.76,0.34939
0.765,0.37603
0.77,0.40346
0.775,0.43163
0.78,0.46047
0.785,0.4899
0.79,0.51986
0.795,0.55028
0.8,0.58107
0.805,0.61216
0.81,0.64347
0.815,0.67493
0.82,0.70645
0.825,0.73798
0.83,0.76942
0.835,0.80071
0.84,0.83178
0.845,0.86256
0.85,0.89299
0.855,0.92299
0.86,0.95252
0.865,0.98151
0.87,1.0099
0.875,1.0377
0.88,1.0647
0.885,1.0911
0.89,1.1166
0.895,1.1414
0.9,1.1653
0.905,1.1883
0.91,1.2104
0.915,1.2316
0.92,1.2519
0.925,1.2712
0.93,1.2895
0.935,1.3068
0.94,1.3231
0.945,1.3383
0.95,1.3526
0.955,1.3659
0.96,1.3781
0.965,1.3893
0.97,1.3995
0.975,1.4088
0.98,1.417
0.985,1.4242
0.99,1.4305
0.995,1.4358
1,1.4402
1.005,1.4436
1.01,1.4461
1.015,1.4478
1.02,1.4486
1.025,1.4485
1.03,1.4476
1.035,1.4459
1.04,1.4434
1.045,1.4402
1.05,1.4362
1.055,1.4316
1.06,1.4262
1.065,1.4202
1.07,1.4135
1.075,1.4063
1.08,1.3984
1.085,1.39
1.09,1.3811
1.095,1.3716
1.1,1.3617
1.105,1.3513
1.11,1.3404
1.115,1.3292
1.12,1.3175
1.125,1.3055
1.13,1.2932
1.135,1.2805
1.14,1.2676
1.145,1.2543
1.15,1.2408
1.155,1.2271
1.16,1.2132
1.165,1.1991
1.17,1.1848
1.175,1.1703
1.18,1.1557
1.185,1.141
1.19,1.1262
1.195,1.1113
1.2,1.0963
1.205,1.0813
1.21,1.0662
1.215,1.0512
1.22,1.0361
1.225,1.021
1.23,1.0059
1.235,0.99083
1.24,0.97581
1.245,0.96085
1.25,0.94594
1.255,0.9311
1.26,0.91634
1.265,0.90166
1.27,0.88708
1.275,0.87261
1.28,0.85824
1.285,0.84399
1.29,0.82987
1.295,0.81587
1.3,0.80201
1.305,0.7883
1.31,0.77472
1.315,0.7613
1.32,0.74803
1.325,0.73492
1.33,0.72197
1.335,0.70919
1.34,0.69657
1.345,0.68412
1.35,0.67184
1.355,0.65973
1.36,0.6478
1.365,0.63604
1.37,0.62446
1.375,0.61306
1.38,0.60184
1.385,0.59079
1.39,0.57992
1.395,0.56923
1.4,0.55872
1.405,0.54838
1.41,0.53822
1.415,0.52824
1.42,0.51843
1.425,0.50879
1.43,0.49933
1.435,0.49004
1.44,0.48092
1.445,0.47197
1.45,0.46318
1.455,0.45456
1.46,0.44611
1.465,0.43781
1.47,0.42967
1.475,0.4217
1.48,0.41387
1.485,0.40621
1.49,0.39869
1.495,0.39132
1.5,0.3841
1.505,0.37703
1.51,0.37009
1.515,0.3633
1.52,0.35665
1.525,0.35013
1.53,0.34374
1.535,0.33749
1.54,0.33136
1.545,0.32537
1.55,0.31949
1.555,0.31374
1.56,0.30811
1.565,0.30259
1.57,0.2972
1.575,0.29191
1.58,0.28674
1.585,0.28167
1.59,0.27671
1.595,0.27185
1.6,0.2671
1.605,0.26245
1.61,0.25789
1.615,0.25343
1.62,0.24907
1.625,0.2448
1.63,0.24061
1.635,0.23652
1.64,0.23251
1.645,0.22859
1.65,0.22474
1.655,0.22098
1.66,0.2173
1.665,0.2137
1.67,0.21016
1.675,0.20671
1.68,0.20332
1.685,0.20001
1.69,0.19676
1.695,0.19359
1.7,0.19047
1.705,0.18742
1.71,0.18444
1.715,0.18151
1.72,0.17865
1.725,0.17584
1.73,0.17309
1.735,0.1704
1.74,0.16776
1.745,0.16517
1.75,0.16264
1.755,0.16016
1.76,0.15772
1.765,0.15534
1.77,0.153
1.775,0.15071
1.78,0.14846
1.785,0.14626
1.79,0.1441
1.795,0.14198
1.8,0.1399
1.805,0.13786
1.81,0.13586
1.815,0.1339
1.82,0.13198
1.825,0.13009
1.83,0.12824
1.835,0.12643
1.84,0.12465
1.845,0.1229
1.85,0.12118
1.855,0.1195
1.86,0.11784
1.865,0.11622
1.87,0.11462
1.875,0.11306
1.88,0.11152
1.885,0.11001
1.89,0.10853
1.895,0.10707
1.9,0.10564
1.905,0.10423
1.91,0.10285
1.915,0.1015
1.92,0.10016
1.925,0.098851
1.93,0.097562
1.935,0.096296
1.94,0.095051
1.945,0.093827
1.95,0.092623
1.955,0.09144
1.96,0.090276
1.965,0.089132
1.97,0.088006
1.975,0.086899
1.98,0.085809
1.985,0.084738
1.99,0.083683
1.995,0.082646
2,0.081625
2.005,0.08062
2.01,0.079631
2.015,0.078658
2.02,0.0777
2.025,0.076757
2.03,0.075828
2.035,0.074914
2.04,0.074014
2.045,0.073127
2.05,0.072254
2.055,0.071394
2.06,0.070547
2.065,0.069713
2.07,0.068891
2.075,0.068082
2.08,0.067284
2.085,0.066498
2.09,0.065724
2.095,0.064961
2.1,0.064209
2.105,0.063467
2.11,0.062737
2.115,0.062017
2.12,0.061307
2.125,0.060608
2.13,0.059918
2.135,0.059238
2.14,0.058567
2.145,0.057906
2.15,0.057254
2.155,0.056611
2.16,0.055977
2.165,0.055352
2.17,0.054735
2.175,0.054127
2.18,0.053527
2.185,0.052935
2.19,0.052351
2.195,0.051775
2.2,0.051207
2.205,0.050647
2.21,0.050093
2.215,0.049548
2.22,0.049009
2.225,0.048477
2.23,0.047953
2.235,0.047435
2.24,0.046924
2.245,0.04642
2.25,0.045922
2.255,0.045431
2.26,0.044946
2.265,0.044468
2.27,0.043995
2.275,0.043529
2.28,0.043068
2.285,0.042613
2.29,0.042164
2.295,0.041721
2.3,0.041284
2.305,0.040851
2.31,0.040425
2.315,0.040003
2.32,0.039587
2.325,0.039176
2.33,0.03877
2.335,0.03837
2.34,0.037974
2.345,0.037583
2.35,0.037197
2.355,0.036815
2.36,0.036438
2.365,0.036066
2.37,0.035699
2.375,0.035335
2.38,0.034977
2.385,0.034622
2.39,0.034272
2.395,0.033926
2.4,0.033584
2.405,0.033246
2.41,0.032913
2.415,0.032583
2.42,0.032257
2.425,0.031935
2.43,0.031617
2.435,0.031303
2.44,0.030992
2.445,0.030685
2.45,0.030382
2.455,0.030082
2.46,0.029786
2.465,0.029493
2.47,0.029204
2.475,0.028918
2.48,0.028635
2.485,0.028356
2.49,0.028079
2.495,0.027806
2.5,0.027537
2.505,0.02727
2.51,0.027006
2.515,0.026746
2.52,0.026488
2.525,0.026233
2.53,0.025981
2.535,0.025732
2.54,0.025486
2.545,0.025243
2.55,0.025002
2.555,0.024764
2.56,0.024529
2.565,0.024297
2.57,0.024067
2.575,0.023839
2.58,0.023615
2.585,0.023392
2.59,0.023172
2.595,0.022955
2.6,0.02274
2.605,0.022528
2.61,0.022317
2.615,0.022109
2.62,0.021904
2.625,0.021701
2.63,0.021499
2.635,0.021301
2.64,0.021104
2.645,0.020909
2.65,0.020717
2.655,0.020527
2.66,0.020338
2.665,0.020152
2.67,0.019968
2.675,0.019786
2.68,0.019606
2.685,0.019427
2.69,0.019251
2.695,0.019077
2.7,0.018904
2.705,0.018733
2.71,0.018564
2.715,0.018397
2.72,0.018232
2.725,0.018069
2.73,0.017907
2.735,0.017747
2.74,0.017588
2.745,0.017432
2.75,0.017277
2.755,0.017123
2.76,0.016971
2.765,0.016821
2.77,0.016673
2.775,0.016526
2.78,0.01638
2.785,0.016236
2.79,0.016094
2.795,0.015953
2.8,0.015813
2.805,0.015675
2.81,0.015538
2.815,0.015403
2.82,0.015269
2.825,0.015137
2.83,0.015006
2.835,0.014876
2.84,0.014747
2.845,0.01462
2.85,0.014495
2.855,0.01437
2.86,0.014247
2.865,0.014125
2.87,0.014004
2.875,0.013885
2.88,0.013766
2.885,0.013649
2.89,0.013533
2.895,0.013419
2.9,0.013305
2.905,0.013193
2.91,0.013081
2.915,0.012971
2.92,0.012862
2.925,0.012754
2.93,0.012647
2.935,0.012541
2.94,0.012436
2.945,0.012333
2.95,0.01223
2.955,0.012128
2.96,0.012027
2.965,0.011928
2.97,0.011829
2.975,0.011731
2.98,0.011634
2.985,0.011539
2.99,0.011444
2.995,0.01135
3,0.011257
3.005,0.011164
3.01,0.011073
3.015,0.010983
3.02,0.010893
3.025,0.010805
3.03,0.010717
3.035,0.01063
3.04,0.010544
3.045,0.010459
3.05,0.010374
3.055,0.010291
3.06,0.010208
3.065,0.010126
3.07,0.010045
3.075,0.0099642
3.08,0.0098845
3.085,0.0098056
3.09,0.0097274
3.095,0.00965
3.1,0.0095733
3.105,0.0094973
3.11,0.0094221
3.115,0.0093475
3.12,0.0092737
3.125,0.0092005
3.13,0.0091281
3.135,0.0090563
3.14,0.0089852
3.145,0.0089147
3.15,0.0088449
3.155,0.0087758
3.16,0.0087073
3.165,0.0086395
3.17,0.0085723
3.175,0.0085057
3.18,0.0084397
3.185,0.0083743
3.19,0.0083095
3.195,0.0082454
3.2,0.0081818
3.205,0.0081188
3.21,0.0080564
3.215,0.0079945
3.22,0.0079332
3.225,0.0078725
3.23,0.0078124
3.235,0.0077527
3.24,0.0076937
3.245,0.0076351
3.25,0.0075771
3.255,0.0075196
3.26,0.0074627
3.265,0.0074062
3.27,0.0073503
3.275,0.0072949
3.28,0.0072399
3.285,0.0071855
3.29,0.0071315
3.295,0.0070781
3.3,0.0070251
3.305,0.0069725
3.31,0.0069205
3.315,0.0068689
3.32,0.0068178
3.325,0.0067671
3.33,0.0067169
3.335,0.0066671
3.34,0.0066178
3.345,0.0065689
3.35,0.0065204
3.355,0.0064723
3.36,0.0064247
3.365,0.0063775
3.37,0.0063307
3.375,0.0062843
3.38,0.0062384
3.385,0.0061928
3.39,0.0061476
3.395,0.0061028
3.4,0.0060584
3.405,0.0060144
3.41,0.0059708
3.415,0.0059275
3.42,0.0058847
3.425,0.0058422
3.43,0.0058
3.435,0.0057583
3.44,0.0057168
3.445,0.0056758
3.45,0.0056351
3.455,0.0055947
3.46,0.0055547
3.465,0.005515
3.47,0.0054757
3.475,0.0054367
3.48,0.005398
3.485,0.0053597
3.49,0.0053217
3.495,0.005284
3.5,0.0052466
3.505,0.0052095
3.51,0.0051728
3.515,0.0051363
3.52,0.0051002
3.525,0.0050644
3.53,0.0050289
3.535,0.0049936
3.54,0.0049587
3.545,0.0049241
3.55,0.0048897
3.555,0.0048556
3.56,0.0048219
3.565,0.0047883
3.57,0.0047551
3.575,0.0047222
3.58,0.0046895
3.585,0.0046571
3.59,0.004625
3.595,0.0045931
3.6,0.0045615
3.605,0.0045301
3.61,0.004499
3.615,0.0044682
3.62,0.0044376
3.625,0.0044073
3.63,0.0043772
3.635,0.0043473
3.64,0.0043177
3.645,0.0042884
3.65,0.0042592
3.655,0.0042304
3.66,0.0042017
3.665,0.0041733
3.67,0.0041451
3.675,0.0041171
3.68,0.0040894
3.685,0.0040619
3.69,0.0040346
3.695,0.0040075
3.7,0.0039807
3.705,0.003954
3.71,0.0039276
3.715,0.0039014
3.72,0.0038754
3.725,0.0038496
3.73,0.003824
3.735,0.0037986
3.74,0.0037734
3.745,0.0037484
3.75,0.0037236
3.755,0.003699
3.76,0.0036746
3.765,0.0036504
3.77,0.0036264
3.775,0.0036026
3.78,0.0035789
3.785,0.0035555
3.79,0.0035322
3.795,0.0035091
3.8,0.0034862
3.805,0.0034635
3.81,0.0034409
3.815,0.0034185
3.82,0.0033963
3.825,0.0033743
3.83,0.0033524
3.835,0.0033307
3.84,0.0033092
3.845,0.0032879
3.85,0.0032667
3.855,0.0032456
3.86,0.0032248
3.865,0.0032041
3.87,0.0031835
3.875,0.0031631
3.88,0.0031429
3.885,0.0031228
3.89,0.0031029
3.895,0.0030831
3.9,0.0030635
3.905,0.003044
3.91,0.0030247
3.915,0.0030055
3.92,0.0029865
3.925,0.0029676
3.93,0.0029488
3.935,0.0029302
3.94,0.0029117
3.945,0.0028934
3.95,0.0028752
3.955,0.0028572
3.96,0.0028393
3.965,0.0028215
3.97,0.0028038
3.975,0.0027863
3.98,0.0027689
3.985,0.0027517
3.99,0.0027345
3.995,0.0027175
4,0.0027007
4.005,0.0026839
4.01,0.0026673
4.015,0.0026508
4.02,0.0026344
4.025,0.0026182
4.03,0.002602
4.035,0.002586
4.04,0.0025701
4.045,0.0025543
4.05,0.0025387
4.055,0.0025231
4.06,0.0025077
4.065,0.0024923
4.07,0.0024771
4.075,0.002462
4.08,0.002447
4.085,0.0024321
4.09,0.0024174
4.095,0.0024027
4.1,0.0023881
4.105,0.0023737
4.11,0.0023593
4.115,0.0023451
4.12,0.0023309
4.125,0.0023169
4.13,0.002303
4.135,0.0022891
4.14,0.0022754
4.145,0.0022617
4.15,0.0022482
4.155,0.0022347
4.16,0.0022214
4.165,0.0022081
4.17,0.002195
4.175,0.0021819
4.18,0.0021689
4.185,0.002156
4.19,0.0021433
4.195,0.0021306
4.2,0.0021179
4.205,0.0021054
4.21,0.002093
4.215,0.0020807
4.22,0.0020684
4.225,0.0020562
4.23,0.0020441
4.235,0.0020321
4.24,0.0020202
4.245,0.0020084
4.25,0.0019966
4.255,0.001985
4.26,0.0019734
4.265,0.0019619
4.27,0.0019505
4.275,0.0019391
4.28,0.0019279
4.285,0.0019167
4.29,0.0019056
4.295,0.0018945
4.3,0.0018836
4.305,0.0018727
4.31,0.0018619
4.315,0.0018512
4.32,0.0018405
4.325,0.0018299
4.33,0.0018194
4.335,0.001809
4.34,0.0017986
4.345,0.0017883
4.35,0.0017781
4.355,0.0017679
4.36,0.0017578
4.365,0.0017478
4.37,0.0017379
4.375,0.001728
4.38,0.0017182
4.385,0.0017084
4.39,0.0016988
4.395,0.0016891
4.4,0.0016796
4.405,0.0016701
4.41,0.0016607
4.415,0.0016513
4.42,0.001642
4.425,0.0016328
4.43,0.0016236
4.435,0.0016145
4.44,0.0016055
4.445,0.0015965
4.45,0.0015876
4.455,0.0015787
4.46,0.0015699
4.465,0.0015612
4.47,0.0015525
4.475,0.0015438
4.48,0.0015353
4.485,0.0015267
4.49,0.0015183
4.495,0.0015099
4.5,0.0015015
4.505,0.0014932
4.51,0.001485
4.515,0.0014768
4.52,0.0014687
4.525,0.0014606
4.53,0.0014526
4.535,0.0014446
4.54,0.0014367
4.545,0.0014288
4.55,0.001421
4.555,0.0014133
4.56,0.0014055
4.565,0.0013979
4.57,0.0013903
4.575,0.0013827
4.58,0.0013752
4.585,0.0013677
4.59,0.0013603
4.595,0.0013529
4.6,0.0013456
4.605,0.0013384
4.61,0.0013311
4.615,0.001324
4.62,0.0013168
4.625,0.0013097
4.63,0.0013027
4.635,0.0012957
4.64,0.0012887
4.645,0.0012818
4.65,0.001275
4.655,0.0012682
4.66,0.0012614
4.665,0.0012547
4.67,0.001248
4.675,0.0012413
4.68,0.0012347
4.685,0.0012282
4.69,0.0012216
4.695,0.0012152
4.7,0.0012087
4.705,0.0012023
4.71,0.001196
4.715,0.0011897
4.72,0.0011834
4.725,0.0011772
4.73,0.001171
4.735,0.0011648
4.74,0.0011587
4.745,0.0011526
4.75,0.0011466
4.755,0.0011406
4.76,0.0011346
4.765,0.0011287
4.77,0.0011228
4.775,0.0011169
4.78,0.0011111
4.785,0.0011053
4.79,0.0010996
4.795,0.0010939
4.8,0.0010882
4.805,0.0010826
4.81,0.0010769
4.815,0.0010714
4.82,0.0010658
4.825,0.0010603
4.83,0.0010549
4.835,0.0010494
4.84,0.001044
4.845,0.0010387
4.85,0.0010333
4.855,0.001028
4.86,0.0010228
4.865,0.0010175
4.87,0.0010123
4.875,0.0010072
4.88,0.001002
4.885,0.00099692
4.89,0.00099184
4.895,0.0009868
4.9,0.00098178
4.905,0.0009768
4.91,0.00097184
4.915,0.00096692
4.92,0.00096202
4.925,0.00095716
4.93,0.00095232
4.935,0.00094752
4.94,0.00094274
4.945,0.00093799
4.95,0.00093327
4.955,0.00092858
4.96,0.00092392
4.965,0.00091928
4.97,0.00091468
4.975,0.0009101
4.98,0.00090554
4.985,0.00090102
4.99,0.00089652
4.995,0.00089205
5,0.00088761
5.005,0.00088319
5.01,0.0008788
5.015,0.00087443
5.02,0.0008701
5.025,0.00086578
5.03,0.00086149
5.035,0.00085723
5.04,0.000853
5.045,0.00084878
5.05,0.0008446
5.055,0.00084043
5.06,0.0008363
5.065,0.00083218
5.07,0.00082809
5.075,0.00082403
5.08,0.00081999
5.085,0.00081597
5.09,0.00081198
5.095,0.00080801
5.1,0.00080406
5.105,0.00080014
5.11,0.00079624
5.115,0.00079236
5.12,0.0007885
5.125,0.00078467
5.13,0.00078086
5.135,0.00077707
5.14,0.0007733
5.145,0.00076956
5.15,0.00076584
5.155,0.00076213
5.16,0.00075845
5.165,0.0007548
5.17,0.00075116
5.175,0.00074754
5.18,0.00074395
5.185,0.00074037
5.19,0.00073682
5.195,0.00073328
5.2,0.00072977
5.205,0.00072628
5.21,0.0007228
5.215,0.00071935
5.22,0.00071591
5.225,0.0007125
5.23,0.00070911
5.235,0.00070573
5.24,0.00070237
5.245,0.00069904
5.25,0.00069572
5.255,0.00069242
5.26,0.00068914
5.265,0.00068588
5.27,0.00068264
5.275,0.00067941
5.28,0.0006762
5.285,0.00067302
5.29,0.00066985
5.295,0.00066669
5.3,0.00066356
5.305,0.00066044
5.31,0.00065734
5.315,0.00065426
5.32,0.0006512
5.325,0.00064815
5.33,0.00064512
5.335,0.0006421
5.34,0.00063911
5.345,0.00063613
5.35,0.00063316
5.355,0.00063022
5.36,0.00062729
5.365,0.00062437
5.37,0.00062148
5.375,0.00061859
5.38,0.00061573
5.385,0.00061288
5.39,0.00061004
5.395,0.00060723
5.4,0.00060442
5.405,0.00060164
5.41,0.00059886
5.415,0.00059611
5.42,0.00059337
5.425,0.00059064
5.43,0.00058793
5.435,0.00058523
5.44,0.00058255
5.445,0.00057989
5.45,0.00057723
5.455,0.0005746
5.46,0.00057197
5.465,0.00056936
5.47,0.00056677
5.475,0.00056419
5.48,0.00056162
5.485,0.00055907
5.49,0.00055653
5.495,0.00055401
5.5,0.0005515
5.505,0.000549
5.51,0.00054652
5.515,0.00054405
5.52,0.00054159
5.525,0.00053915
5.53,0.00053672
5.535,0.0005343
5.54,0.00053189
5.545,0.0005295
5.55,0.00052713
5.555,0.00052476
5.56,0.00052241
5.565,0.00052007
5.57,0.00051774
5.575,0.00051542
5.58,0.00051312
5.585,0.00051083
5.59,0.00050855
5.595,0.00050629
5.6,0.00050403
5.605,0.00050179
5.61,0.00049956
5.615,0.00049734
5.62,0.00049514
5.625,0.00049294
5.63,0.00049076
5.635,0.00048859
5.64,0.00048643
5.645,0.00048428
5.65,0.00048214
5.655,0.00048002
5.66,0.00047791
5.665,0.0004758
5.67,0.00047371
5.675,0.00047163
5.68,0.00046956
5.685,0.0004675
5.69,0.00046545
5.695,0.00046341
5.7,0.00046139
5.705,0.00045937
5.71,0.00045736
5.715,0.00045537
5.72,0.00045338
5.725,0.00045141
5.73,0.00044945
5.735,0.00044749
5.74,0.00044555
5.745,0.00044361
5.75,0.00044169
5.755,0.00043978
5.76,0.00043787
5.765,0.00043598
5.77,0.0004341
5.775,0.00043222
5.78,0.00043036
5.785,0.0004285
5.79,0.00042666
5.795,0.00042482
5.8,0.00042299
5.805,0.00042118
5.81,0.00041937
5.815,0.00041757
5.82,0.00041578
5.825,0.000414
5.83,0.00041223
5.835,0.00041047
5.84,0.00040872
5.845,0.00040697
5.85,0.00040524
5.855,0.00040351
5.86,0.0004018
5.865,0.00040009
5.87,0.00039839
5.875,0.0003967
5.88,0.00039502
5.885,0.00039334
5.89,0.00039168
5.895,0.00039002
5.9,0.00038837
5.905,0.00038673
5.91,0.0003851
5.915,0.00038348
5.92,0.00038186
5.925,0.00038025
5.93,0.00037865
5.935,0.00037706
5.94,0.00037548
5.945,0.00037391
5.95,0.00037234
5.955,0.00037078
5.96,0.00036923
5.965,0.00036768
5.97,0.00036615
5.975,0.00036462
5.98,0.0003631
5.985,0.00036159
5.99,0.00036008
5.995,0.00035858
6,0.00035709
6.005,0.00035561
6.01,0.00035413
6.015,0.00035267
6.02,0.00035121
6.025,0.00034975
6.03,0.00034831
6.035,0.00034687
6.04,0.00034543
6.045,0.00034401
6.05,0.00034259
6.055,0.00034118
6.06,0.00033978
6.065,0.00033838
6.07,0.00033699
6.075,0.0003356
6.08,0.00033423
6.085,0.00033286
6.09,0.00033149
6.095,0.00033014
6.1,0.00032879
6.105,0.00032745
6.11,0.00032611
6.115,0.00032478
6.12,0.00032346
6.125,0.00032214
6.13,0.00032083
6.135,0.00031952
6.14,0.00031823
6.145,0.00031693
6.15,0.00031565
6.155,0.00031437
6.16,0.0003131
6.165,0.00031183
6.17,0.00031057
6.175,0.00030931
6.18,0.00030807
6.185,0.00030682
6.19,0.00030559
6.195,0.00030436
6.2,0.00030313
6.205,0.00030191
6.21,0.0003007
6.215,0.00029949
6.22,0.00029829
6.225,0.0002971
6.23,0.00029591
6.235,0.00029473
6.24,0.00029355
6.245,0.00029237
6.25,0.00029121
6.255,0.00029005
6.26,0.00028889
6.265,0.00028774
6.27,0.0002866
6.275,0.00028546
6.28,0.00028432
