-25,0.20329,-0.51165,-0.44804,0.0048969,0.0048969,-0.051903
-24.902,0.19971,-0.47302,-0.062806,-0.061088,-0.061088,-0.05558
-24.805,0.17154,-0.47169,-0.23056,-0.077057,-0.077057,-0.090301
-24.707,0.16924,-0.47142,-0.063867,0.4009,0.4009,-0.18409
-24.609,0.13586,-0.50372,-0.48632,0.44812,0.44812,-0.30975
-24.512,0.0851,-0.52235,-0.65773,0.4091,0.4091,-0.50799
-24.414,0.011431,-0.5066,-0.67236,0.10557,0.10557,-0.33491
-24.316,-0.04343,-0.46647,-0.63348,-0.10251,-0.10251,-0.051621
-24.219,-0.11484,-0.4103,-0.59588,0.0094817,0.0094817,-0.039301
-24.121,-0.13697,-0.3258,0.0016046,-0.067809,-0.067809,-0.044921
-24.023,-0.14162,-0.27853,-0.086999,0.10004,0.10004,-0.37718
-23.926,-0.14952,-0.22411,-0.098248,0.11687,0.11687,-0.30038
-23.828,-0.14733,-0.14808,0.28219,0.0095274,0.0095274,-0.13692
-23.73,-0.1037,-0.09366,0.3922,-0.08006,-0.08006,0.12594
-23.633,-0.079656,-0.071667,0.26568,-0.22762,-0.22762,0.22726
-23.535,-0.049478,-0.07313,0.13489,0.054891,0.054891,0.14506
-23.438,-0.064627,-0.08877,-0.2151,0.015042,0.015042,-0.082398
-23.34,-0.06735,-0.075314,-0.016505,0.029746,0.029746,-0.10868
-23.242,-0.091309,-0.06843,-0.29897,0.12375,0.12375,-0.14409
-23.145,-0.093392,-0.031821,0.13854,0.15785,0.15785,-0.33164
-23.047,-0.094538,-0.0063985,-0.063235,-0.0045459,-0.0045459,-0.2848
-22.949,-0.076673,0.037682,0.31669,-0.088733,-0.088733,-0.10593
-22.852,-0.072119,0.049615,-0.15786,-0.20015,-0.20015,-0.12574
-22.754,-0.059824,0.098148,0.43599,0.066913,0.066913,-0.067683
-22.656,-0.03807,0.09622,-0.17476,0.23426,0.23426,-0.14168
-22.559,-0.069271,0.1238,-0.26294,-0.10434,-0.10434,0.08667
-22.461,-0.080799,0.1898,0.049911,-0.078259,-0.078259,0.096092
-22.363,-0.037638,0.27122,0.86197,0.015917,0.015917,0.046508
-22.266,0.048509,0.28197,0.6526,-0.18788,-0.18788,0.080891
-22.168,0.08085,0.2488,0.10429,-0.020209,-0.020209,0.0052662
-22.07,0.082121,0.23674,-0.014326,-0.035938,-0.035938,-0.10415
-21.973,0.093705,0.24847,0.2332,-0.11351,-0.11351,-0.047476
-21.875,0.096995,0.23701,-0.26073,-0.28207,-0.28207,-0.14458
-21.777,0.07842,0.28122,0.17424,-0.12157,-0.12157,-0.14969
-21.68,0.13448,0.33525,0.71202,-0.090148,-0.090148,0.050908
-21.582,0.17996,0.32872,0.2506,-0.0022173,-0.0022173,0.10004
-21.484,0.20866,0.33692,0.41152,-0.22536,-0.22536,0.33459
-21.387,0.25114,0.32244,0.33567,-0.11838,-0.11838,0.34229
-21.289,0.26147,0.29171,-0.037998,0.099968,0.099968,0.286
-21.191,0.27827,0.29278,0.44125,-0.043193,-0.043193,0.26101
-21.094,0.30565,0.24369,-0.16126,-0.23211,-0.23211,-0.026876
-20.996,0.26223,0.23611,-0.31843,-0.016197,-0.016197,-0.049459
-20.898,0.28884,0.30019,0.70194,-0.22191,-0.22191,0.38259
-20.801,0.34531,0.29158,0.36011,-0.019763,-0.019763,0.46865
-20.703,0.37712,0.27033,0.3747,0.081079,0.081079,0.44676
-20.605,0.41485,0.23212,0.35203,-0.066778,-0.066778,0.21236
-20.508,0.43738,0.17362,0.046098,-0.25328,-0.25328,0.047842
-20.41,0.42555,0.13292,-0.14373,-0.32659,-0.32659,0.11146
-20.313,0.43315,0.12095,0.23475,-0.19361,-0.19361,0.14411
-20.215,0.44004,0.080152,-0.12747,-0.076534,-0.076534,0.20055
-20.117,0.43293,0.053237,0.052675,-0.01274,-0.01274,0.083172
-20.02,0.42807,0.013549,-0.26749,0.093711,0.093711,-0.061919
-19.922,0.39883,0.0027757,-0.15457,-0.15012,-0.15012,-0.16788
-19.824,0.39887,0.010939,0.037741,-0.21175,-0.21175,-0.23818
-19.727,0.40766,0.031087,0.28526,0.00094651,0.00094651,-0.067455
-19.629,0.46279,0.044586,0.69715,-0.0044773,-0.0044773,0.28958
-19.531,0.50849,-0.016378,0.16346,0.24353,0.24353,0.21028
-19.434,0.50321,-0.084974,-0.18525,-0.051381,-0.051381,-0.0073662
-19.336,0.48407,-0.1229,-0.17715,0.11281,0.11281,0.050713
-19.238,0.47045,-0.1496,-0.098978,-0.14793,-0.14793,0.031438
-19.141,0.46661,-0.17616,0.022676,0.039038,0.039038,-0.038609
-19.043,0.4677,-0.21833,-0.070872,-0.042949,-0.042949,-0.076297
-18.945,0.44316,-0.27198,-0.42456,0.091603,0.091603,-0.17133
-18.848,0.39643,-0.29504,-0.45589,0.13811,0.13811,-0.15126
-18.75,0.36409,-0.28579,-0.17651,0.089037,0.089037,-0.16353
-18.652,0.36545,-0.27113,0.17119,0.13801,0.13801,-0.0027157
-18.555,0.3708,-0.30345,-0.22611,0.1576,0.1576,-0.096162
-18.457,0.3278,-0.32444,-0.40866,0.12338,0.12338,-0.23392
-18.359,0.31713,-0.30796,0.029068,0.12483,0.12483,-0.080443
-18.262,0.29139,-0.32252,-0.52502,0.11442,0.11442,0.062102
-18.164,0.25711,-0.29406,-0.093225,0.03697,0.03697,0.14351
-18.066,0.24658,-0.27645,-0.19129,0.081203,0.081203,0.10949
-17.969,0.24941,-0.24257,0.34429,0.36124,0.36124,0.045417
-17.871,0.27549,-0.25126,-0.030312,-0.013633,-0.013633,0.078747
-17.773,0.26633,-0.24944,0.097079,0.0070431,0.0070431,0.034734
-17.676,0.28398,-0.25125,0.0076048,0.099631,0.099631,0.1756
-17.578,0.27114,-0.25094,0.014547,0.025059,0.025059,0.1138
-17.48,0.303,-0.24072,0.41393,-0.099735,-0.099735,0.14921
-17.383,0.32161,-0.27634,0.052836,-0.05898,-0.05898,-0.14136
-17.285,0.33322,-0.29708,0.1461,-0.19938,-0.19938,-0.060671
-17.188,0.34002,-0.3258,0.031972,-0.086873,-0.086873,0.04259
-17.09,0.34433,-0.35807,0.0085704,-0.28749,-0.28749,0.037352
-16.992,0.34117,-0.39676,-0.0065485,-0.0092006,-0.0092006,-0.16656
-16.895,0.33736,-0.44226,-0.20668,-0.085455,-0.085455,-0.2246
-16.797,0.30265,-0.47232,-0.30096,0.035375,0.035375,-0.22896
-16.699,0.29437,-0.47844,-0.046194,-0.081352,-0.081352,0.074197
-16.602,0.26821,-0.50229,-0.34052,-0.15402,-0.15402,0.12172
-16.504,0.27092,-0.49388,0.39272,-0.019686,-0.019686,0.22927
-16.406,0.30291,-0.55643,0.072155,-0.040101,-0.040101,-0.13317
-16.309,0.27612,-0.64437,-0.60213,0.39424,0.39424,-0.11037
-16.211,0.20209,-0.69165,-0.72148,0.34801,0.34801,-0.27924
-16.113,0.15596,-0.6971,-0.36742,0.23772,0.23772,-0.31097
-16.016,0.091542,-0.71203,-0.89397,0.12737,0.12737,-0.3518
-15.918,0.042442,-0.64362,0.10135,0.12152,0.12152,-0.06946
-15.82,0.075923,-0.6225,0.21343,0.19288,0.19288,-0.047046
-15.723,0.058389,-0.65454,-0.42463,0.25026,0.25026,-0.06986
-15.625,0.029542,-0.64566,-0.076674,0.28326,0.28326,-0.16302
-15.527,0.034059,-0.64667,0.016309,0.2773,0.2773,-0.0020477
-15.43,0.0088982,-0.68306,-0.49625,0.11297,0.11297,-0.075249
-15.332,-0.02686,-0.68117,-0.095334,0.4404,0.4404,-0.084213
-15.234,-0.031273,-0.70218,-0.23616,0.15344,0.15344,-0.027153
-15.137,-0.078705,-0.7375,-0.53017,-0.10263,-0.10263,-0.14636
-15.039,-0.11728,-0.75489,-0.44617,-0.069391,-0.069391,-0.042522
-14.941,-0.20104,-0.78811,-1.1457,0.14803,0.14803,-0.22453
-14.844,-0.27787,-0.7345,-0.28853,0.39305,0.39305,-0.0028353
-14.746,-0.30536,-0.72029,-0.58717,0.048467,0.048467,-0.064784
-14.648,-0.37938,-0.68836,-0.61182,0.12322,0.12322,0.074678
-14.551,-0.4115,-0.63002,-0.27341,0.1101,0.1101,0.22865
-14.453,-0.45479,-0.5894,-0.46277,0.041798,0.041798,0.33858
-14.355,-0.47959,-0.53596,-0.1602,-0.11487,-0.11487,0.22421
-14.258,-0.50984,-0.49388,-0.35097,-0.23384,-0.23384,0.040169
-14.16,-0.50807,-0.41482,0.40662,-0.049072,-0.049072,0.039976
-14.063,-0.47077,-0.39001,0.17552,-0.27638,-0.27638,-0.13716
-13.965,-0.46198,-0.36831,0.19008,-0.35688,-0.35688,-0.14763
-13.867,-0.42402,-0.34676,0.46229,-0.35277,-0.35277,-0.21235
-13.77,-0.4005,-0.367,-0.019304,-0.22937,-0.22937,-0.18946
-13.672,-0.40509,-0.36916,0.078326,-0.33143,-0.33143,-0.22844
-13.574,-0.39291,-0.38061,-0.054626,-0.19105,-0.19105,-0.1526
-13.477,-0.4351,-0.40008,-0.61716,-0.18168,-0.18168,-0.28666
-13.379,-0.46164,-0.34744,0.11837,-0.22121,-0.22121,-0.12942
-13.281,-0.4525,-0.32744,-0.11712,-0.12417,-0.12417,-0.056294
-13.184,-0.46852,-0.29852,-0.0053969,-0.12842,-0.12842,0.1282
-13.086,-0.45156,-0.27968,0.16703,-0.17376,-0.17376,-0.054687
-12.988,-0.45645,-0.2848,-0.17863,0.09098,0.09098,-0.12774
-12.891,-0.46309,-0.26521,0.022755,0.13692,0.13692,0.11142
-12.793,-0.47475,-0.26709,-0.28,-0.1448,-0.1448,-0.2202
-12.695,-0.48656,-0.22844,0.17712,0.12205,0.12205,-0.1832
-12.598,-0.46634,-0.21759,-0.037709,-0.048657,-0.048657,-0.10425
-12.5,-0.49474,-0.20603,-0.25053,0.089635,0.089635,-0.12662
-12.402,-0.48547,-0.16165,0.24403,0.078729,0.078729,0.0073164
-12.305,-0.49276,-0.15543,-0.33267,0.0044827,0.0044827,-0.027368
-12.207,-0.49778,-0.096272,0.34815,-0.082826,-0.082826,0.35162
-12.109,-0.4652,-0.093654,0.054898,0.20982,0.20982,0.08064
-12.012,-0.4789,-0.088075,-0.067184,0.060949,0.060949,0.11535
-11.914,-0.45515,-0.065777,0.40767,0.23222,0.23222,0.024099
-11.816,-0.44155,-0.10057,-0.21812,0.47225,0.47225,-0.28334
-11.719,-0.47793,-0.098645,-0.34737,0.1948,0.1948,-0.14838
-11.621,-0.49011,-0.053026,0.099574,0.18752,0.18752,0.13106
-11.523,-0.4705,-0.037175,0.18035,-0.037831,-0.037831,-0.014374
-11.426,-0.48051,-0.056562,-0.41774,-0.10205,-0.10205,-0.18936
-11.328,-0.52472,-0.030137,-0.3039,-0.22663,-0.22663,-0.2667
-11.23,-0.53933,0.026744,-0.11729,-0.20358,-0.20358,-0.094684
-11.133,-0.54326,0.097053,0.20723,-0.25992,-0.25992,-0.090546
-11.035,-0.49521,0.1593,0.56442,0.14106,0.14106,0.072705
-10.938,-0.46402,0.1709,0.12639,0.018511,0.018511,0.13995
-10.84,-0.45457,0.18778,0.026067,-0.0053362,-0.0053362,0.2168
-10.742,-0.4626,0.21899,-0.044504,0.083868,0.083868,0.13799
-10.645,-0.43447,0.28409,0.57908,0.088282,0.088282,0.34641
-10.547,-0.38018,0.29869,0.43428,-0.10516,-0.10516,0.21495
-10.449,-0.35186,0.29464,0.16977,-0.12661,-0.12661,0.059077
-10.352,-0.32182,0.32427,0.65453,0.077676,0.077676,0.30312
-10.254,-0.23625,0.29722,0.65298,-0.063518,-0.063518,0.3603
-10.156,-0.2573,0.18685,-0.89596,0.023684,0.023684,-0.09897
-10.059,-0.32726,0.19698,-0.3489,-0.020041,-0.020041,-0.29741
-9.9609,-0.34203,0.25878,0.05502,-0.017127,-0.017127,0.071188
-9.8633,-0.294,0.3129,0.78326,0.07584,0.07584,0.32151
-9.7656,-0.26619,0.26683,-0.37147,0.16704,0.16704,0.19702
-9.668,-0.30303,0.28454,-0.014623,-0.0057974,-0.0057974,0.30594
-9.5703,-0.28237,0.31061,0.17308,0.011878,0.011878,0.30635
-9.4727,-0.2712,0.31992,0.19549,-0.010092,-0.010092,0.27814
-9.375,-0.24998,0.31676,0.11244,-0.052223,-0.052223,0.13574
-9.2773,-0.24772,0.31076,0.00873,-0.075859,-0.075859,0.010204
-9.1797,-0.24857,0.32267,-0.0025643,-0.16525,-0.16525,-0.065887
-9.082,-0.22598,0.35891,0.46599,-0.27552,-0.27552,0.1579
-8.9844,-0.20122,0.3502,-0.10659,-0.3711,-0.3711,0.20977
-8.8867,-0.20199,0.38049,0.40617,-0.22616,-0.22616,0.25174
-8.7891,-0.14439,0.38268,0.37471,0.13255,0.13255,0.43872
-8.6914,-0.14789,0.3477,-0.20172,-0.28494,-0.28494,0.34918
-8.5938,-0.15371,0.35583,0.028084,-0.30253,-0.30253,0.50312
-8.4961,-0.14953,0.35797,0.092673,-0.37162,-0.37162,0.38831
-8.3984,-0.14437,0.35182,-0.068253,-0.18103,-0.18103,0.12178
-8.3008,-0.14232,0.37953,0.31809,-0.18997,-0.18997,0.31382
-8.2031,-0.093896,0.37996,0.36117,0.013088,0.013088,0.15215
-8.1055,-0.092708,0.35956,-0.10508,-0.075729,-0.075729,0.32491
-8.0078,-0.075749,0.37097,0.37093,-0.299,-0.299,0.40017
-7.9102,-0.060586,0.33445,-0.15184,0.086721,0.086721,0.13483
-7.8125,-0.086813,0.32856,-0.20788,0.0039089,0.0039089,0.062886
-7.7148,-0.080822,0.3607,0.28651,-0.032809,-0.032809,0.1261
-7.6172,-0.05849,0.36655,0.11468,-0.13345,-0.13345,-0.037814
-7.5195,-0.029063,0.39633,0.63052,-0.13601,-0.13601,0.25219
-7.4219,0.031231,0.36739,0.29949,-0.29289,-0.29289,0.044632
-7.3242,0.038687,0.33253,0.18617,-0.018092,-0.018092,-0.3075
-7.2266,0.073281,0.30773,0.15808,-0.0043471,-0.0043471,-0.082986
-7.1289,0.03899,0.2667,-0.5404,-0.062278,-0.062278,-0.34487
-7.0313,0.030946,0.31428,0.29649,-0.024603,-0.024603,-0.096031
-6.9336,0.043431,0.32773,-0.099259,0.072976,0.072976,0.023271
-6.8359,0.049218,0.37156,0.35986,0.1795,0.1795,0.053952
-6.7383,0.10001,0.40083,0.54757,-0.014378,-0.014378,0.083274
-6.6406,0.14461,0.39556,0.34933,0.16354,0.16354,-0.031876
-6.543,0.17395,0.39846,0.34134,0.036017,0.036017,0.21795
-6.4453,0.2176,0.39965,0.46355,0.19332,0.19332,0.38249
-6.3477,0.25223,0.38005,0.32315,0.03808,0.03808,0.35235
-6.25,0.29807,0.36108,0.56831,0.033093,0.033093,0.22922
-6.1523,0.34304,0.31041,0.33975,0.12468,0.12468,-0.063143
-6.0547,0.36986,0.25913,0.15047,-0.099946,-0.099946,0.12601
-5.957,0.35902,0.20461,-0.2958,0.1021,0.1021,0.21125
-5.8594,0.34318,0.19314,0.023153,-0.098392,-0.098392,0.31893
-5.7617,0.34828,0.17834,0.034737,0.29221,0.29221,0.26363
-5.6641,0.35774,0.16742,0.16222,0.15159,0.15159,0.20557
-5.5664,0.36949,0.15962,0.1067,0.27036,0.27036,0.42127
-5.4688,0.40438,0.16355,0.66018,0.00091494,0.00091494,0.45772
-5.3711,0.46616,0.1058,0.37562,-0.0086749,-0.0086749,0.16758
-5.2734,0.47211,0.029491,-0.099216,0.048554,0.048554,-0.0018215
-5.1758,0.47164,-0.0045671,0.11574,0.092778,0.092778,0.21786
-5.0781,0.49129,-0.047183,0.26768,0.0072383,0.0072383,0.043459
-4.9805,0.51443,-0.1155,0.10638,-0.17473,-0.17473,0.019877
-4.8828,0.49771,-0.19919,-0.40329,-0.077036,-0.077036,0.011445
-4.7852,0.46546,-0.24371,-0.14939,0.18357,0.18357,0.013813
-4.6875,0.44892,-0.29883,-0.38772,-0.038249,-0.038249,-0.0167
-4.5898,0.39162,-0.33794,-0.56371,-0.069804,-0.069804,-0.073038
-4.4922,0.35894,-0.33524,-0.227,-0.25206,-0.25206,-0.016504
-4.3945,0.33784,-0.32197,-0.013575,-0.12654,-0.12654,0.02887
-4.2969,0.3811,-0.3074,0.68823,-0.157,-0.157,0.16194
-4.1992,0.41272,-0.37842,-0.042769,-0.40839,-0.40839,-0.02781
-4.1016,0.42259,-0.43002,0.32725,-0.080311,-0.080311,-0.022236
-4.0039,0.42512,-0.53758,-0.49924,-0.086547,-0.086547,-0.2998
-3.9063,0.36254,-0.59677,-0.43307,-0.10958,-0.10958,-0.23701
-3.8086,0.34403,-0.63371,-0.18522,-0.23822,-0.23822,-0.22536
-3.7109,0.31114,-0.69179,-0.36975,-0.13629,-0.13629,-0.25074
-3.6133,0.27556,-0.75054,-0.49911,-0.033892,-0.033892,-0.28481
-3.5156,0.20355,-0.80426,-0.84421,-0.25893,-0.25893,-0.08926
-3.418,0.13308,-0.83036,-0.6423,-0.1571,-0.1571,-0.20669
-3.3203,0.057471,-0.85997,-0.9271,-0.090279,-0.090279,-0.20774
-3.2227,-0.032558,-0.85798,-0.84227,-0.25048,-0.25048,-0.25041
-3.125,-0.10718,-0.82899,-0.70281,-0.36092,-0.36092,-0.15147
-3.0273,-0.15962,-0.78031,-0.29413,-0.11085,-0.11085,0.13078
-2.9297,-0.17647,-0.77055,-0.27119,-0.1665,-0.1665,-0.018002
-2.832,-0.24145,-0.79294,-0.96039,0.028882,0.028882,-0.12677
-2.7344,-0.31726,-0.75351,-0.47326,0.026895,0.026895,-0.2204
-2.6367,-0.35947,-0.7209,-0.57687,-0.088402,-0.088402,-0.38885
-2.5391,-0.42599,-0.66532,-0.62027,-0.0090591,-0.0090591,-0.37369
-2.4414,-0.45993,-0.55493,-0.035022,-0.14322,-0.14322,0.017132
-2.3438,-0.42672,-0.45578,0.66587,-0.15302,-0.15302,0.072725
-2.2461,-0.37137,-0.44382,0.23585,-0.23412,-0.23412,-0.21953
-2.1484,-0.37657,-0.44181,-0.12163,-0.08046,-0.08046,-0.27428
-2.0508,-0.37454,-0.40766,0.10087,0.049214,0.049214,-0.24065
-1.9531,-0.35835,-0.37318,0.33409,0.1266,0.1266,-0.2918
-1.8555,-0.31043,-0.36079,0.45265,0.22577,0.22577,-0.090076
-1.7578,-0.29898,-0.40251,-0.17143,0.36637,0.36637,-0.3315
-1.6602,-0.32428,-0.41846,-0.34345,0.16814,0.16814,-0.08472
-1.5625,-0.36874,-0.41611,-0.47508,0.045879,0.045879,-0.22315
-1.4648,-0.39662,-0.37402,-0.11609,0.04129,0.04129,-0.045242
-1.3672,-0.40603,-0.33975,-0.064042,-0.14763,-0.14763,-0.10282
-1.2695,-0.40036,-0.30797,0.11055,-0.098016,-0.098016,0.053732
-1.1719,-0.4084,-0.30528,-0.26308,-0.037365,-0.037365,-0.073348
-1.0742,-0.42352,-0.27375,0.025921,0.048017,0.048017,-0.16721
-0.97656,-0.41906,-0.24378,0.007312,-0.13578,-0.13578,-0.13228
-0.87891,-0.40756,-0.21296,0.27347,0.088704,0.088704,-0.29689
-0.78125,-0.38911,-0.20501,-0.016699,0.27496,0.27496,-0.40193
-0.68359,-0.39186,-0.17025,0.15636,0.094351,0.094351,-0.16201
-0.58594,-0.35691,-0.13366,0.40489,0.095845,0.095845,0.11145
-0.48828,-0.32728,-0.13321,0.24207,0.10696,0.10696,0.27451
-0.39063,-0.3097,-0.15607,0.050284,0.23221,0.23221,0.054223
-0.29297,-0.31944,-0.18216,-0.18412,0.25612,0.25612,-0.062549
-0.19531,-0.3411,-0.19484,-0.2974,0.23503,0.23503,-0.25793
-0.097656,-0.3743,-0.17672,-0.28495,0.14708,0.14708,-0.044935
0,-0.38462,-0.13757,0.045144,0.071309,0.071309,0.11748
0.097656,-0.37677,-0.11923,0.080306,0.22033,0.22033,-0.02172
0.19531,-0.37172,-0.1125,0.015923,0.30406,0.30406,0.031963
0.29297,-0.37719,-0.11963,-0.17287,0.33001,0.33001,-0.17503
0.39063,-0.40589,-0.10674,-0.27511,-0.029703,-0.029703,-0.21678
0.48828,-0.39198,-0.052278,0.56586,0.022514,0.022514,-0.065331
0.58594,-0.35562,-0.074172,-0.13319,0.19757,0.19757,0.1352
0.68359,-0.39648,-0.091089,-0.364,0.40652,0.40652,0.17381
0.78125,-0.42724,-0.089217,-0.55847,0.22912,0.22912,0.11618
0.87891,-0.49517,-0.037078,-0.35893,0.19267,0.19267,0.23138
0.97656,-0.46366,0.047394,0.58385,0.11816,0.11816,0.44815
1.0742,-0.45305,0.044299,-0.1807,-0.011198,-0.011198,0.030731
1.1719,-0.43004,0.088625,0.5798,0.10811,0.10811,0.11087
1.2695,-0.41571,0.066702,-0.39573,0.12785,0.12785,-0.044017
1.3672,-0.43838,0.1217,0.25696,0.35461,0.35461,0.42588
1.4648,-0.38848,0.14985,0.47079,0.40988,0.40988,0.27314
1.5625,-0.35719,0.13703,0.28267,0.19723,0.19723,0.023104
1.6602,-0.32418,0.12668,0.38023,-0.070834,-0.070834,-0.019576
1.7578,-0.29175,0.086911,0.14309,-0.13202,-0.13202,0.087264
1.8555,-0.3225,0.025631,-0.68613,-0.17577,-0.17577,0.018597
1.9531,-0.36875,0.042911,-0.077902,-0.10377,-0.10377,0.069209
2.0508,-0.3679,0.045004,-0.16291,0.043644,0.043644,0.080759
2.1484,-0.40001,0.044602,-0.30043,0.07266,0.07266,-0.033601
2.2461,-0.40882,0.075235,0.072328,-0.0571,-0.0571,-0.069712
2.3438,-0.39901,0.091795,0.066439,0.07604,0.07604,0.068926
2.4414,-0.40324,0.097028,-0.10166,-0.0067012,-0.0067012,0.013212
2.5391,-0.40029,0.11968,0.13612,0.066886,0.066886,0.2775
2.6367,-0.41227,0.10948,-0.49273,-0.16683,-0.16683,0.39944
2.7344,-0.46158,0.14704,-0.21886,0.065714,0.065714,0.31599
2.832,-0.44339,0.21207,0.41545,0.041736,0.041736,0.35533
2.9297,-0.4102,0.22791,0.22367,-0.0088996,-0.0088996,0.29292
3.0273,-0.39416,0.23959,0.18715,-0.43356,-0.43356,0.15144
3.125,-0.35364,0.26739,0.66266,-0.30223,-0.30223,0.3624
3.2227,-0.29451,0.22836,0.32446,0.2599,0.2599,0.1712
3.3203,-0.30523,0.15942,-0.43749,0.019628,0.019628,-0.070757
3.418,-0.34288,0.15743,-0.15561,-0.054069,-0.054069,-0.22344
3.5156,-0.33302,0.17675,0.16461,-0.13486,-0.13486,0.12861
3.6133,-0.34586,0.15558,-0.38019,0.028666,0.028666,-0.093801
3.7109,-0.3692,0.18616,-0.030418,-0.046378,-0.046378,0.33167
3.8086,-0.3748,0.20557,-0.12234,0.02129,0.02129,0.30336
3.9063,-0.36381,0.24106,0.40644,-0.10536,-0.10536,0.26885
4.0039,-0.33517,0.23463,0.014932,0.10033,0.10033,0.24361
4.1016,-0.32921,0.24381,0.32257,0.3726,0.3726,0.12819
4.1992,-0.29555,0.23337,0.12755,-0.018123,-0.018123,0.080898
4.2969,-0.28915,0.22859,0.23411,0.23311,0.23311,0.24891
4.3945,-0.26653,0.19966,-0.054566,-0.028615,-0.028615,0.27282
4.4922,-0.29264,0.17346,-0.16381,0.13301,0.13301,0.087973
4.5898,-0.28515,0.16532,0.085975,0.18095,0.18095,-0.16939
4.6875,-0.29262,0.14398,-0.092471,0.11443,0.11443,-0.22368
4.7852,-0.29826,0.12738,-0.1783,-0.011708,-0.011708,-0.45054
4.8828,-0.32399,0.13731,-0.10746,0.056606,0.056606,-0.31849
4.9805,-0.3066,0.15735,0.24756,0.20822,0.20822,-0.293
5.0781,-0.30313,0.13745,-0.10985,0.010579,0.010579,-0.50378
5.1758,-0.32322,0.13403,-0.37451,-0.020187,-0.020187,-0.17386
5.2734,-0.35557,0.16872,-0.02435,0.077941,0.077941,0.054576
5.3711,-0.33756,0.18142,-0.0091579,-0.031179,-0.031179,-0.0026783
5.4688,-0.38179,0.18115,-0.52201,0.19542,0.19542,-0.1034
5.5664,-0.38303,0.25097,0.32317,0.19987,0.19987,0.17869
5.6641,-0.36777,0.27555,0.059952,0.15528,0.15528,0.22115
5.7617,-0.3409,0.30237,0.37277,0.069675,0.069675,0.24856
5.8594,-0.33004,0.30058,-0.025827,0.084136,0.084136,0.34229
5.957,-0.29771,0.32096,0.64214,0.11742,0.11742,0.40506
6.0547,-0.2634,0.26154,-0.09946,-0.28119,-0.28119,0.0203
6.1523,-0.29462,0.2201,-0.40858,-0.18256,-0.18256,0.073671
6.25,-0.33823,0.21826,-0.41519,0.059664,0.059664,0.15124
6.3477,-0.35861,0.24303,-0.066171,0.0052801,0.0052801,0.1697
6.4453,-0.37546,0.25608,-0.23626,0.051322,0.051322,0.12936
6.543,-0.37662,0.28755,0.19332,0.14736,0.14736,0.18792
6.6406,-0.37496,0.27584,-0.26602,0.095966,0.095966,0.057199
6.7383,-0.4155,0.28101,-0.497,0.38421,0.38421,0.03721
6.8359,-0.46316,0.34084,-0.30301,-0.089243,-0.089243,0.12861
6.9336,-0.4367,0.44121,0.78028,-0.17146,-0.17146,0.23517
7.0313,-0.37081,0.45555,0.36099,0.071404,0.071404,0.078255
7.1289,-0.3457,0.46632,0.34436,0.10482,0.10482,0.30247
7.2266,-0.3044,0.46456,0.36877,-0.02115,-0.02115,0.40754
7.3242,-0.29468,0.42258,-0.23677,0.091825,0.091825,0.26574
7.4219,-0.33716,0.42003,-0.36037,-0.020512,-0.020512,0.14515
7.5195,-0.32371,0.47078,0.50666,-0.0057472,-0.0057472,0.26658
7.6172,-0.2999,0.45544,-0.10895,-0.18972,-0.18972,0.096472
7.7148,-0.29917,0.47094,0.29659,-0.012314,-0.012314,0.018602
7.8125,-0.27339,0.46285,0.023515,-0.18586,-0.18586,0.035772
7.9102,-0.28199,0.45372,-0.056085,-0.044529,-0.044529,-0.06792
8.0078,-0.29457,0.45273,-0.28671,0.0080997,0.0080997,-0.0013501
8.1055,-0.31351,0.48055,0.061776,-0.21878,-0.21878,-0.064151
8.2031,-0.30016,0.49694,0.0042967,-0.095319,-0.095319,0.079245
8.3008,-0.31452,0.49855,-0.18292,-0.013476,-0.013476,-0.2339
8.3984,-0.33557,0.5272,-0.27576,-0.089857,-0.089857,-0.28808
8.4961,-0.34003,0.60568,0.35352,-0.21853,-0.21853,-0.0013462
8.5938,-0.29267,0.65002,0.29756,0.017221,0.017221,0.21494
8.6914,-0.28882,0.67968,0.067274,0.01277,0.01277,0.25043
8.7891,-0.24312,0.74236,0.77669,-0.081022,-0.081022,0.18563
8.8867,-0.17198,0.75275,0.5846,-0.20304,-0.20304,0.13014
8.9844,-0.1301,0.74692,0.32194,-0.13258,-0.13258,0.27434
9.082,-0.090198,0.7534,0.56617,-0.094559,-0.094559,0.19835
9.1797,-0.034493,0.73741,0.43406,-0.070527,-0.070527,0.15391
9.2773,-0.00025018,0.71531,0.42052,0.14785,0.14785,0.15729
9.375,0.042903,0.67679,0.22413,0.19012,0.19012,0.34307
9.4727,0.022412,0.62155,-0.45079,0.17958,0.17958,0.20602
9.5703,0.0032689,0.63616,0.090672,-0.091102,-0.091102,0.3051
9.668,0.0076082,0.63579,-0.11753,0.19742,0.19742,0.30759
9.7656,0.0048329,0.66155,0.29554,0.23205,0.23205,0.26134
9.8633,0.069303,0.67147,0.75968,0.076444,0.076444,0.2419
9.9609,0.097714,0.60094,-0.21796,0.11551,0.11551,0.15368
10.059,0.07087,0.57663,-0.11165,0.15585,0.15585,0.16482
10.156,0.064477,0.56409,-0.19726,0.15023,0.15023,-0.028007
10.254,0.046859,0.5868,0.11402,0.04801,0.04801,0.058901
10.352,0.09564,0.60988,0.60303,0.071459,0.071459,0.08234
10.449,0.12439,0.57426,0.09455,0.12786,0.12786,-0.19945
10.547,0.14901,0.56526,0.35977,0.062166,0.062166,0.14071
10.645,0.1565,0.51879,-0.24129,0.13986,0.13986,0.16232
10.742,0.13852,0.50598,0.0038534,0.060639,0.060639,0.20039
10.84,0.13336,0.48294,-0.26926,-0.10814,-0.10814,0.057189
10.938,0.10652,0.49316,-0.031676,-0.14417,-0.14417,0.11341
11.035,0.1294,0.50218,0.24872,0.14437,0.14437,0.092293
11.133,0.11987,0.47132,-0.39139,0.13487,0.13487,-0.022312
11.23,0.085854,0.49888,-0.16362,-0.031259,-0.031259,0.29734
11.328,0.10189,0.5504,0.49825,0.040749,0.040749,0.38352
11.426,0.16109,0.5496,0.51564,-0.18645,-0.18645,0.24676
11.523,0.18804,0.50976,0.14213,-0.087884,-0.087884,0.19232
11.621,0.20213,0.47064,0.048902,-0.075952,-0.075952,0.12229
11.719,0.18315,0.43137,-0.30761,-0.18602,-0.18602,0.036921
11.816,0.17565,0.4312,0.11503,-0.07436,-0.07436,0.1562
11.914,0.169,0.40079,-0.29606,0.040778,0.040778,0.084828
12.012,0.15067,0.39528,0.027023,0.099213,0.099213,-0.01047
12.109,0.14761,0.3718,-0.24622,-0.0042411,-0.0042411,-0.069027
12.207,0.11606,0.36148,-0.26663,-0.069843,-0.069843,-0.10597
12.305,0.083478,0.36428,-0.52879,-0.048959,-0.048959,0.016855
12.402,0.035126,0.41714,-0.17385,0.14662,0.14662,0.17077
12.5,0.067387,0.49105,0.65718,0.12247,0.12247,0.41809
12.598,0.12108,0.47639,0.30715,-0.13418,-0.13418,0.13433
12.695,0.11525,0.43328,-0.40013,0.1437,0.1437,-0.055031
12.793,0.076322,0.45351,-0.17825,0.42971,0.42971,0.040534
12.891,0.082784,0.49218,0.11764,-0.22753,-0.22753,-0.0088663
12.988,0.081549,0.52278,0.00051802,-0.038772,-0.038772,-0.15107
13.086,0.11638,0.59088,0.69503,-0.059585,-0.059585,0.025804
13.184,0.17872,0.60826,0.40647,-0.086687,-0.086687,0.18974
13.281,0.20447,0.62177,0.32467,-0.16746,-0.16746,0.21039
13.379,0.26524,0.6547,0.85227,-0.031077,-0.031077,0.2933
13.477,0.34242,0.63759,0.66044,-0.072618,-0.072618,0.17253
13.574,0.40439,0.60446,0.65315,-0.19242,-0.19242,0.1805
13.672,0.45602,0.54318,0.31405,-0.06254,-0.06254,0.11038
13.77,0.47581,0.48797,0.2284,-0.12421,-0.12421,0.18412
13.867,0.50274,0.42772,0.17876,-0.24549,-0.24549,0.062564
13.965,0.48944,0.35356,-0.3947,-0.17106,-0.17106,-0.10001
14.063,0.46395,0.34198,0.06353,0.0030489,0.0030489,0.037764
14.16,0.49556,0.31415,0.30965,0.082406,0.082406,-0.11707
14.258,0.47721,0.2377,-0.65432,0.03093,0.03093,-0.36527
14.355,0.42165,0.25116,-0.24462,0.028432,0.028432,-0.098434
14.453,0.42487,0.29208,0.18934,0.015215,0.015215,0.030419
14.551,0.46477,0.32351,0.70325,-0.19832,-0.19832,0.12977
14.648,0.53497,0.29542,0.47287,-0.017089,-0.017089,0.44782
14.746,0.55199,0.22303,0.090146,0.24881,0.24881,0.23302
14.844,0.56841,0.14739,0.066185,-0.16218,-0.16218,-0.052263
14.941,0.5344,0.052758,-0.67369,0.0358,0.0358,-0.32445
15.039,0.48185,0.029171,-0.27182,0.23955,0.23955,-0.37686
15.137,0.46191,0.0095431,-0.33047,-0.11865,-0.11865,-0.46233
15.234,0.41676,0.015985,-0.34751,0.053206,0.053206,-0.20624
15.332,0.43474,0.05566,0.59472,0.11074,0.11074,-0.055146
15.43,0.45267,-0.0011471,-0.50663,0.11707,0.11707,-0.092688
15.527,0.38913,0.0097582,-0.23934,-0.051126,-0.051126,0.10861
15.625,0.42749,0.049214,0.61468,-0.173,-0.173,0.30067
15.723,0.44565,-0.0049787,-0.17723,-0.09413,-0.09413,0.15551
15.82,0.43047,-0.037987,-0.10532,0.058639,0.058639,0.037018
15.918,0.41223,-0.067188,-0.22524,-0.10778,-0.10778,-0.1715
16.016,0.40799,-0.071889,0.14064,-0.062705,-0.062705,-0.044616
16.113,0.41586,-0.1113,-0.095849,-0.1511,-0.1511,-0.046154
16.211,0.38276,-0.16469,-0.56052,-0.10268,-0.10268,-0.11447
16.309,0.3217,-0.1751,-0.56181,0.22445,0.22445,0.0058439
16.406,0.28588,-0.15307,-0.21264,-2.4844e-005,-2.4844e-005,0.033007
16.504,0.27089,-0.13702,-0.091839,0.2056,0.2056,-0.23254
16.602,0.26492,-0.11444,-0.079905,0.022325,0.022325,0.067387
16.699,0.26324,-0.084506,0.1744,0.14889,0.14889,0.435
16.797,0.29193,-0.092782,0.14889,0.025967,0.025967,0.34909
16.895,0.26842,-0.12461,-0.37621,-0.10365,-0.10365,0.13727
16.992,0.28012,-0.096988,0.57745,-0.16255,-0.16255,0.35689
17.09,0.31,-0.15977,-0.21573,-0.095421,-0.095421,0.13822
17.188,0.26982,-0.20461,-0.30939,-0.1216,-0.1216,0.022946
17.285,0.25117,-0.22815,-0.27098,-0.35223,-0.35223,0.060295
17.383,0.20945,-0.25082,-0.4174,-0.099035,-0.099035,-0.012381
17.48,0.19132,-0.24886,-0.02316,-0.22165,-0.22165,-0.089511
17.578,0.17588,-0.27752,-0.38115,-0.26527,-0.26527,-0.20633
17.676,0.12805,-0.28277,-0.44162,-0.067267,-0.067267,-0.19603
17.773,0.10936,-0.25528,0.013432,-0.30111,-0.30111,0.031006
17.871,0.10208,-0.26944,-0.26741,-0.069897,-0.069897,-0.13195
17.969,0.068145,-0.27404,-0.29234,-0.035802,-0.035802,-0.25481
18.066,0.049638,-0.26085,-0.18485,0.11735,0.11735,-0.014298
18.164,0.018597,-0.2597,-0.42503,0.28603,0.28603,0.13376
18.262,-0.022945,-0.24349,-0.40035,0.047868,0.047868,0.1181
18.359,-0.053163,-0.21069,-0.1516,0.18973,0.18973,0.042862
18.457,-0.052615,-0.18873,0.022492,0.14062,0.14062,-0.14749
18.555,-0.075723,-0.19131,-0.43445,0.081078,0.081078,-0.41585
18.652,-0.088672,-0.14005,0.32743,0.023646,0.023646,-0.46258
18.75,-0.0557,-0.14524,-0.078599,0.13688,0.13688,-0.50921
18.848,-0.11861,-0.15231,-0.81886,0.033847,0.033847,-0.51441
18.945,-0.14045,-0.051739,0.37722,-0.1877,-0.1877,-0.03819
19.043,-0.10424,-0.021195,0.11406,-0.011742,-0.011742,-0.17593
19.141,-0.1089,-0.0023029,-0.051044,0.014328,0.014328,-0.073448
19.238,-0.11694,0.020904,-0.21858,-0.0049667,-0.0049667,-0.26332
19.336,-0.13503,0.083641,0.094921,0.016877,0.016877,-0.25553
19.434,-0.08964,0.15566,0.56605,0.17381,0.17381,0.067277
19.531,-0.068779,0.1735,-0.031938,0.069686,0.069686,0.27605
19.629,-0.039523,0.22252,0.7175,-0.23639,-0.23639,0.21063
19.727,0.016342,0.19829,0.083433,0.25716,0.25716,0.16013
19.824,-0.019105,0.17546,-0.48766,0.18144,0.18144,0.067155
19.922,-0.030681,0.23424,0.29413,0.10041,0.10041,-0.023805
20.02,0.020517,0.27702,0.59624,-0.076242,-0.076242,0.058553
20.117,0.057461,0.26859,0.11618,-0.17846,-0.17846,-0.02864
20.215,0.06127,0.27968,0.07833,-0.11354,-0.11354,-0.0067738
20.313,0.076158,0.31649,0.22608,-0.18349,-0.18349,0.25623
20.41,0.12275,0.35797,0.79297,-0.28328,-0.28328,0.076039
20.508,0.20571,0.34988,0.69989,-0.23196,-0.23196,-0.091934
20.605,0.25651,0.31166,0.45469,-0.4918,-0.4918,-0.031216
20.703,0.28674,0.25374,0.0026503,-0.27391,-0.27391,-0.21746
20.801,0.264,0.22448,-0.21973,-0.35474,-0.35474,-0.10794
20.898,0.26559,0.23727,0.12883,-0.20526,-0.20526,-0.016689
20.996,0.2754,0.24709,0.18328,-0.091787,-0.091787,0.11935
21.094,0.31199,0.25128,0.42423,0.16999,0.16999,0.10557
21.191,0.33533,0.22446,0.12937,-0.12098,-0.12098,0.038126
21.289,0.35691,0.20682,0.26185,-0.03658,-0.03658,-0.094854
21.387,0.37015,0.17998,0.062888,0.22076,0.22076,-0.1141
21.484,0.38981,0.16768,0.32941,0.10073,0.10073,-0.16645
21.582,0.41584,0.1337,0.16003,-0.0018159,-0.0018159,-0.12192
21.68,0.42319,0.091349,-0.025111,0.00025555,0.00025555,-0.051049
21.777,0.41066,0.056619,-0.15812,0.085668,0.085668,0.12114
21.875,0.40016,0.026066,-0.14086,0.13089,0.13089,0.18498
21.973,0.36781,-0.016545,-0.45478,0.10299,0.10299,-0.043375
22.07,0.33652,-0.024885,-0.15881,0.18605,0.18605,-0.057283
22.168,0.3202,-0.04568,-0.25662,0.031017,0.031017,-0.17045
22.266,0.27878,-0.072131,-0.62712,-0.21909,-0.21909,-0.29331
22.363,0.20624,-0.050408,-0.67004,-0.023686,-0.023686,-0.23008
22.461,0.18339,0.031888,0.19606,-0.10022,-0.10022,-0.070013
22.559,0.20719,0.070668,0.095459,-0.16689,-0.16689,0.023509
22.656,0.19914,0.098286,-0.11306,-0.15674,-0.15674,-0.020918
22.754,0.21651,0.16538,0.5171,0.10732,0.10732,0.36139
22.852,0.27161,0.17472,0.38,0.1343,0.1343,0.28373
22.949,0.27849,0.15069,-0.12636,-0.038988,-0.038988,0.21472
23.047,0.26022,0.15577,-0.25205,0.22001,0.22001,0.12122
23.145,0.25347,0.2145,0.34251,0.20204,0.20204,0.2902
23.242,0.31887,0.24834,0.62849,0.093068,0.093068,0.21734
23.34,0.34114,0.24034,0.083368,0.089989,0.089989,0.29568
23.438,0.38646,0.27021,0.74133,0.38213,0.38213,0.35952
23.535,0.44155,0.25338,0.41522,-0.037284,-0.037284,0.27828
23.633,0.49738,0.23924,0.65858,-0.0056549,-0.0056549,0.37694
23.73,0.53666,0.19014,0.23102,-0.058171,-0.058171,0.2305
23.828,0.58803,0.16623,0.79343,-0.0042177,-0.0042177,0.25917
23.926,0.63994,0.086672,0.20054,-0.022,-0.022,0.28394
24.023,0.6699,0.016481,0.50853,0.16588,0.16588,0.29376
24.121,0.69738,-0.10676,-0.10753,0.17279,0.17279,-0.09563
24.219,0.67796,-0.21102,-0.11643,0.0017114,0.0017114,-0.44229
24.316,0.6608,-0.30566,-0.35006,-0.13945,-0.13945,-0.42499
24.414,0.61515,-0.39111,-0.5767,-0.044992,-0.044992,-0.23284
24.512,0.53771,-0.45945,-0.8906,-0.14708,-0.14708,-0.39876
24.609,0.48848,-0.46773,-0.1453,0.064593,0.064593,-0.16148
24.707,0.44001,-0.53083,-1.0205,0.26455,0.26455,-0.12874
24.805,0.35016,-0.53485,-0.51823,-0.010457,-0.010457,-0.11622
24.902,0.29479,-0.55251,-0.95789,-0.018478,-0.018478,-0.22936
