0,0
0.005,0
0.01,0
0.015,0
0.02,0
0.025,0
0.03,0
0.035,0
0.04,0
0.045,0
0.05,0
0.055,0
0.06,0
0.065,0
0.07,0
0.075,0
0.08,0
0.085,0
0.09,0
0.095,0
0.1,0
0.105,0
0.11,0
0.115,0
0.12,0
0.125,0
0.13,0
0.135,0
0.14,0
0.145,0
0.15,0
0.155,0
0.16,0
0.165,0
0.17,1.1121e-318
0.175,1.6008e-283
0.18,4.6941e-253
0.185,1.5136e-226
0.19,2.1402e-203
0.195,4.1685e-183
0.2,2.8965e-165
0.205,1.5903e-149
0.21,1.3446e-135
0.215,3.0722e-123
0.22,3.0536e-112
0.225,1.9783e-102
0.23,1.1793e-93
0.235,8.6902e-86
0.24,1.0198e-78
0.245,2.3709e-72
0.25,1.3186e-66
0.255,2.0663e-61
0.26,1.0515e-56
0.265,1.967e-52
0.27,1.5072e-48
0.275,5.2015e-45
0.28,8.7868e-42
0.285,7.8187e-39
0.29,3.9097e-36
0.295,1.1634e-33
0.3,2.1671e-31
0.305,2.6436e-29
0.31,2.1981e-27
0.315,1.2911e-25
0.32,5.5307e-24
0.325,1.7779e-22
0.33,4.4002e-21
0.335,8.5787e-20
0.34,1.345e-18
0.345,1.7278e-17
0.35,1.8491e-16
0.355,1.674e-15
0.36,1.2996e-14
0.365,8.7607e-14
0.37,5.1858e-13
0.375,2.7233e-12
0.38,1.2806e-11
0.385,5.4387e-11
0.39,2.1021e-10
0.395,7.4465e-10
0.4,2.4335e-09
0.405,7.3793e-09
0.41,2.0878e-08
0.415,5.5382e-08
0.42,1.3838e-07
0.425,3.2703e-07
0.43,7.3383e-07
0.435,1.569e-06
0.44,3.2072e-06
0.445,6.2861e-06
0.45,1.1847e-05
0.455,2.1523e-05
0.46,3.7784e-05
0.465,6.4239e-05
0.47,0.00010598
0.475,0.00017001
0.48,0.0002656
0.485,0.0004048
0.49,0.00060277
0.495,0.00087817
0.5,0.0012534
0.505,0.0017548
0.51,0.0024126
0.515,0.0032606
0.52,0.0043362
0.525,0.0056798
0.53,0.0073339
0.535,0.0093425
0.54,0.01175
0.545,0.014602
0.55,0.01794
0.555,0.021805
0.56,0.026234
0.565,0.031261
0.57,0.036912
0.575,0.04321
0.58,0.050171
0.585,0.057803
0.59,0.066108
0.595,0.07508
0.6,0.084707
0.605,0.094971
0.61,0.10584
0.615,0.1173
0.62,0.12929
0.625,0.14178
0.63,0.15472
0.635,0.16806
0.64,0.18175
0.645,0.19573
0.65,0.20994
0.655,0.22433
0.66,0.23885
0.665,0.25342
0.67,0.26799
0.675,0.28252
0.68,0.29694
0.685,0.31121
0.69,0.32527
0.695,0.33909
0.7,0.35261
0.705,0.36581
0.71,0.37864
0.715,0.39107
0.72,0.40307
0.725,0.41462
0.73,0.42569
0.735,0.43627
0.74,0.44634
0.745,0.45588
0.75,0.4649
0.755,0.47337
0.76,0.4813
0.765,0.48868
0.77,0.49551
0.775,0.5018
0.78,0.50756
0.785,0.51277
0.79,0.51747
0.795,0.52164
0.8,0.52531
0.805,0.52849
0.81,0.53118
0.815,0.5334
0.82,0.53517
0.825,0.53649
0.83,0.5374
0.835,0.53789
0.84,0.53798
0.845,0.5377
0.85,0.53706
0.855,0.53607
0.86,0.53475
0.865,0.53311
0.87,0.53118
0.875,0.52897
0.88,0.52648
0.885,0.52374
0.89,0.52077
0.895,0.51757
0.9,0.51416
0.905,0.51056
0.91,0.50677
0.915,0.50281
0.92,0.4987
0.925,0.49444
0.93,0.49004
0.935,0.48553
0.94,0.4809
0.945,0.47617
0.95,0.47134
0.955,0.46644
0.96,0.46146
0.965,0.45641
0.97,0.45131
0.975,0.44615
0.98,0.44096
0.985,0.43573
0.99,0.43047
0.995,0.42519
1,0.4199
1.005,0.41459
1.01,0.40928
1.015,0.40397
1.02,0.39866
1.025,0.39336
1.03,0.38808
1.035,0.38281
1.04,0.37756
1.045,0.37234
1.05,0.36714
1.055,0.36197
1.06,0.35684
1.065,0.35174
1.07,0.34668
1.075,0.34166
1.08,0.33668
1.085,0.33174
1.09,0.32685
1.095,0.32201
1.1,0.31721
1.105,0.31246
1.11,0.30777
1.115,0.30312
1.12,0.29853
1.125,0.29398
1.13,0.2895
1.135,0.28506
1.14,0.28068
1.145,0.27636
1.15,0.27209
1.155,0.26788
1.16,0.26372
1.165,0.25962
1.17,0.25557
1.175,0.25158
1.18,0.24765
1.185,0.24377
1.19,0.23994
1.195,0.23617
1.2,0.23246
1.205,0.2288
1.21,0.22519
1.215,0.22164
1.22,0.21814
1.225,0.2147
1.23,0.21131
1.235,0.20797
1.24,0.20468
1.245,0.20144
1.25,0.19825
1.255,0.19512
1.26,0.19203
1.265,0.18899
1.27,0.186
1.275,0.18306
1.28,0.18017
1.285,0.17732
1.29,0.17452
1.295,0.17177
1.3,0.16906
1.305,0.16639
1.31,0.16377
1.315,0.16119
1.32,0.15866
1.325,0.15616
1.33,0.15371
1.335,0.1513
1.34,0.14892
1.345,0.14659
1.35,0.1443
1.355,0.14204
1.36,0.13983
1.365,0.13765
1.37,0.1355
1.375,0.1334
1.38,0.13132
1.385,0.12929
1.39,0.12728
1.395,0.12532
1.4,0.12338
1.405,0.12148
1.41,0.11961
1.415,0.11777
1.42,0.11596
1.425,0.11418
1.43,0.11243
1.435,0.11071
1.44,0.10902
1.445,0.10736
1.45,0.10573
1.455,0.10413
1.46,0.10255
1.465,0.101
1.47,0.099471
1.475,0.097971
1.48,0.096497
1.485,0.095048
1.49,0.093622
1.495,0.092221
1.5,0.090844
1.505,0.089489
1.51,0.088157
1.515,0.086848
1.52,0.08556
1.525,0.084294
1.53,0.083049
1.535,0.081825
1.54,0.080621
1.545,0.079438
1.55,0.078274
1.555,0.077129
1.56,0.076003
1.565,0.074897
1.57,0.073808
1.575,0.072737
1.58,0.071684
1.585,0.070649
1.59,0.06963
1.595,0.068629
1.6,0.067643
1.605,0.066674
1.61,0.065721
1.615,0.064784
1.62,0.063861
1.625,0.062954
1.63,0.062062
1.635,0.061184
1.64,0.06032
1.645,0.05947
1.65,0.058635
1.655,0.057812
1.66,0.057003
1.665,0.056207
1.67,0.055424
1.675,0.054653
1.68,0.053895
1.685,0.053149
1.69,0.052415
1.695,0.051692
1.7,0.050981
1.705,0.050281
1.71,0.049593
1.715,0.048915
1.72,0.048248
1.725,0.047592
1.73,0.046946
1.735,0.04631
1.74,0.045684
1.745,0.045068
1.75,0.044462
1.755,0.043865
1.76,0.043277
1.765,0.042699
1.77,0.042129
1.775,0.041568
1.78,0.041017
1.785,0.040473
1.79,0.039938
1.795,0.039411
1.8,0.038893
1.805,0.038382
1.81,0.037879
1.815,0.037384
1.82,0.036896
1.825,0.036416
1.83,0.035943
1.835,0.035477
1.84,0.035018
1.845,0.034566
1.85,0.034121
1.855,0.033683
1.86,0.033251
1.865,0.032826
1.87,0.032407
1.875,0.031995
1.88,0.031588
1.885,0.031188
1.89,0.030793
1.895,0.030405
1.9,0.030022
1.905,0.029645
1.91,0.029273
1.915,0.028907
1.92,0.028546
1.925,0.028191
1.93,0.02784
1.935,0.027495
1.94,0.027155
1.945,0.02682
1.95,0.026489
1.955,0.026164
1.96,0.025843
1.965,0.025526
1.97,0.025215
1.975,0.024907
1.98,0.024605
1.985,0.024306
1.99,0.024012
1.995,0.023722
2,0.023436
2.005,0.023154
2.01,0.022876
2.015,0.022602
2.02,0.022332
2.025,0.022066
2.03,0.021803
2.035,0.021544
2.04,0.021289
2.045,0.021037
2.05,0.020789
2.055,0.020545
2.06,0.020303
2.065,0.020065
2.07,0.019831
2.075,0.019599
2.08,0.019371
2.085,0.019146
2.09,0.018924
2.095,0.018705
2.1,0.018489
2.105,0.018276
2.11,0.018066
2.115,0.017858
2.12,0.017654
2.125,0.017452
2.13,0.017253
2.135,0.017057
2.14,0.016863
2.145,0.016672
2.15,0.016484
2.155,0.016298
2.16,0.016114
2.165,0.015933
2.17,0.015755
2.175,0.015578
2.18,0.015404
2.185,0.015233
2.19,0.015063
2.195,0.014896
2.2,0.014731
2.205,0.014568
2.21,0.014408
2.215,0.014249
2.22,0.014093
2.225,0.013938
2.23,0.013786
2.235,0.013635
2.24,0.013487
2.245,0.01334
2.25,0.013196
2.255,0.013053
2.26,0.012912
2.265,0.012772
2.27,0.012635
2.275,0.012499
2.28,0.012365
2.285,0.012233
2.29,0.012103
2.295,0.011974
2.3,0.011846
2.305,0.011721
2.31,0.011597
2.315,0.011474
2.32,0.011353
2.325,0.011233
2.33,0.011115
2.335,0.010999
2.34,0.010884
2.345,0.01077
2.35,0.010658
2.355,0.010547
2.36,0.010438
2.365,0.010329
2.37,0.010223
2.375,0.010117
2.38,0.010013
2.385,0.0099101
2.39,0.0098084
2.395,0.009708
2.4,0.0096088
2.405,0.0095108
2.41,0.009414
2.415,0.0093183
2.42,0.0092239
2.425,0.0091305
2.43,0.0090383
2.435,0.0089472
2.44,0.0088571
2.445,0.0087682
2.45,0.0086803
2.455,0.0085935
2.46,0.0085077
2.465,0.0084229
2.47,0.0083391
2.475,0.0082563
2.48,0.0081745
2.485,0.0080937
2.49,0.0080138
2.495,0.0079348
2.5,0.0078568
2.505,0.0077797
2.51,0.0077034
2.515,0.0076281
2.52,0.0075537
2.525,0.0074801
2.53,0.0074073
2.535,0.0073355
2.54,0.0072644
2.545,0.0071942
2.55,0.0071247
2.555,0.0070561
2.56,0.0069882
2.565,0.0069212
2.57,0.0068549
2.575,0.0067893
2.58,0.0067245
2.585,0.0066604
2.59,0.0065971
2.595,0.0065345
2.6,0.0064726
2.605,0.0064114
2.61,0.0063508
2.615,0.006291
2.62,0.0062318
2.625,0.0061733
2.63,0.0061155
2.635,0.0060582
2.64,0.0060017
2.645,0.0059457
2.65,0.0058904
2.655,0.0058357
2.66,0.0057816
2.665,0.0057281
2.67,0.0056752
2.675,0.0056229
2.68,0.0055711
2.685,0.0055199
2.69,0.0054693
2.695,0.0054192
2.7,0.0053697
2.705,0.0053207
2.71,0.0052722
2.715,0.0052243
2.72,0.0051769
2.725,0.00513
2.73,0.0050836
2.735,0.0050377
2.74,0.0049923
2.745,0.0049474
2.75,0.004903
2.755,0.004859
2.76,0.0048156
2.765,0.0047726
2.77,0.00473
2.775,0.0046879
2.78,0.0046462
2.785,0.004605
2.79,0.0045642
2.795,0.0045239
2.8,0.004484
2.805,0.0044445
2.81,0.0044054
2.815,0.0043667
2.82,0.0043284
2.825,0.0042905
2.83,0.0042531
2.835,0.004216
2.84,0.0041793
2.845,0.004143
2.85,0.004107
2.855,0.0040714
2.86,0.0040362
2.865,0.0040014
2.87,0.0039669
2.875,0.0039328
2.88,0.003899
2.885,0.0038656
2.89,0.0038325
2.895,0.0037998
2.9,0.0037673
2.905,0.0037352
2.91,0.0037035
2.915,0.0036721
2.92,0.0036409
2.925,0.0036101
2.93,0.0035796
2.935,0.0035495
2.94,0.0035196
2.945,0.00349
2.95,0.0034607
2.955,0.0034317
2.96,0.003403
2.965,0.0033746
2.97,0.0033465
2.975,0.0033186
2.98,0.0032911
2.985,0.0032638
2.99,0.0032367
2.995,0.00321
3,0.0031835
3.005,0.0031572
3.01,0.0031312
3.015,0.0031055
3.02,0.0030801
3.025,0.0030548
3.03,0.0030299
3.035,0.0030051
3.04,0.0029806
3.045,0.0029564
3.05,0.0029324
3.055,0.0029086
3.06,0.002885
3.065,0.0028617
3.07,0.0028386
3.075,0.0028157
3.08,0.0027931
3.085,0.0027706
3.09,0.0027484
3.095,0.0027264
3.1,0.0027046
3.105,0.002683
3.11,0.0026616
3.115,0.0026405
3.12,0.0026195
3.125,0.0025987
3.13,0.0025781
3.135,0.0025577
3.14,0.0025375
3.145,0.0025175
3.15,0.0024977
3.155,0.0024781
3.16,0.0024586
3.165,0.0024394
3.17,0.0024203
3.175,0.0024014
3.18,0.0023826
3.185,0.0023641
3.19,0.0023457
3.195,0.0023275
3.2,0.0023095
3.205,0.0022916
3.21,0.0022739
3.215,0.0022563
3.22,0.002239
3.225,0.0022217
3.23,0.0022047
3.235,0.0021878
3.24,0.002171
3.245,0.0021544
3.25,0.002138
3.255,0.0021217
3.26,0.0021055
3.265,0.0020895
3.27,0.0020736
3.275,0.0020579
3.28,0.0020424
3.285,0.0020269
3.29,0.0020116
3.295,0.0019965
3.3,0.0019815
3.305,0.0019666
3.31,0.0019518
3.315,0.0019372
3.32,0.0019227
3.325,0.0019084
3.33,0.0018942
3.335,0.0018801
3.34,0.0018661
3.345,0.0018522
3.35,0.0018385
3.355,0.0018249
3.36,0.0018114
3.365,0.0017981
3.37,0.0017848
3.375,0.0017717
3.38,0.0017587
3.385,0.0017458
3.39,0.001733
3.395,0.0017203
3.4,0.0017077
3.405,0.0016953
3.41,0.0016829
3.415,0.0016707
3.42,0.0016585
3.425,0.0016465
3.43,0.0016346
3.435,0.0016228
3.44,0.0016111
3.445,0.0015994
3.45,0.0015879
3.455,0.0015765
3.46,0.0015652
3.465,0.001554
3.47,0.0015428
3.475,0.0015318
3.48,0.0015209
3.485,0.00151
3.49,0.0014993
3.495,0.0014886
3.5,0.0014781
3.505,0.0014676
3.51,0.0014572
3.515,0.0014469
3.52,0.0014367
3.525,0.0014266
3.53,0.0014165
3.535,0.0014066
3.54,0.0013967
3.545,0.0013869
3.55,0.0013772
3.555,0.0013675
3.56,0.001358
3.565,0.0013485
3.57,0.0013391
3.575,0.0013298
3.58,0.0013206
3.585,0.0013114
3.59,0.0013024
3.595,0.0012934
3.6,0.0012844
3.605,0.0012756
3.61,0.0012668
3.615,0.0012581
3.62,0.0012494
3.625,0.0012409
3.63,0.0012324
3.635,0.0012239
3.64,0.0012156
3.645,0.0012073
3.65,0.0011991
3.655,0.0011909
3.66,0.0011828
3.665,0.0011748
3.67,0.0011668
3.675,0.0011589
3.68,0.0011511
3.685,0.0011433
3.69,0.0011356
3.695,0.001128
3.7,0.0011204
3.705,0.0011129
3.71,0.0011054
3.715,0.001098
3.72,0.0010907
3.725,0.0010834
3.73,0.0010762
3.735,0.001069
3.74,0.0010619
3.745,0.0010549
3.75,0.0010479
3.755,0.0010409
3.76,0.001034
3.765,0.0010272
3.77,0.0010204
3.775,0.0010137
3.78,0.001007
3.785,0.0010004
3.79,0.00099386
3.795,0.00098734
3.8,0.00098088
3.805,0.00097447
3.81,0.00096811
3.815,0.00096179
3.82,0.00095553
3.825,0.00094932
3.83,0.00094315
3.835,0.00093703
3.84,0.00093096
3.845,0.00092494
3.85,0.00091896
3.855,0.00091303
3.86,0.00090714
3.865,0.0009013
3.87,0.00089551
3.875,0.00088976
3.88,0.00088405
3.885,0.00087839
3.89,0.00087277
3.895,0.0008672
3.9,0.00086167
3.905,0.00085617
3.91,0.00085073
3.915,0.00084532
3.92,0.00083995
3.925,0.00083463
3.93,0.00082934
3.935,0.0008241
3.94,0.00081889
3.945,0.00081373
3.95,0.0008086
3.955,0.00080351
3.96,0.00079846
3.965,0.00079345
3.97,0.00078848
3.975,0.00078354
3.98,0.00077864
3.985,0.00077378
3.99,0.00076895
3.995,0.00076416
4,0.00075941
4.005,0.00075469
4.01,0.00075
4.015,0.00074535
4.02,0.00074074
4.025,0.00073616
4.03,0.00073161
4.035,0.0007271
4.04,0.00072262
4.045,0.00071817
4.05,0.00071376
4.055,0.00070937
4.06,0.00070502
4.065,0.00070071
4.07,0.00069642
4.075,0.00069217
4.08,0.00068794
4.085,0.00068375
4.09,0.00067959
4.095,0.00067546
4.1,0.00067136
4.105,0.00066728
4.11,0.00066324
4.115,0.00065923
4.12,0.00065525
4.125,0.00065129
4.13,0.00064737
4.135,0.00064347
4.14,0.0006396
4.145,0.00063576
4.15,0.00063194
4.155,0.00062815
4.16,0.00062439
4.165,0.00062066
4.17,0.00061696
4.175,0.00061328
4.18,0.00060962
4.185,0.000606
4.19,0.00060239
4.195,0.00059882
4.2,0.00059527
4.205,0.00059174
4.21,0.00058824
4.215,0.00058477
4.22,0.00058132
4.225,0.00057789
4.23,0.00057449
4.235,0.00057111
4.24,0.00056776
4.245,0.00056443
4.25,0.00056112
4.255,0.00055783
4.26,0.00055457
4.265,0.00055134
4.27,0.00054812
4.275,0.00054493
4.28,0.00054176
4.285,0.00053861
4.29,0.00053548
4.295,0.00053237
4.3,0.00052929
4.305,0.00052623
4.31,0.00052319
4.315,0.00052017
4.32,0.00051717
4.325,0.00051419
4.33,0.00051123
4.335,0.0005083
4.34,0.00050538
4.345,0.00050248
4.35,0.0004996
4.355,0.00049675
4.36,0.00049391
4.365,0.00049109
4.37,0.00048829
4.375,0.00048551
4.38,0.00048275
4.385,0.00048001
4.39,0.00047728
4.395,0.00047458
4.4,0.00047189
4.405,0.00046922
4.41,0.00046657
4.415,0.00046394
4.42,0.00046133
4.425,0.00045873
4.43,0.00045615
4.435,0.00045359
4.44,0.00045104
4.445,0.00044851
4.45,0.000446
4.455,0.00044351
4.46,0.00044103
4.465,0.00043857
4.47,0.00043613
4.475,0.0004337
4.48,0.00043129
4.485,0.00042889
4.49,0.00042651
4.495,0.00042415
4.5,0.0004218
4.505,0.00041947
4.51,0.00041715
4.515,0.00041485
4.52,0.00041256
4.525,0.00041029
4.53,0.00040803
4.535,0.00040579
4.54,0.00040356
4.545,0.00040135
4.55,0.00039915
4.555,0.00039697
4.56,0.0003948
4.565,0.00039265
4.57,0.0003905
4.575,0.00038838
4.58,0.00038626
4.585,0.00038417
4.59,0.00038208
4.595,0.00038001
4.6,0.00037795
4.605,0.0003759
4.61,0.00037387
4.615,0.00037185
4.62,0.00036985
4.625,0.00036786
4.63,0.00036588
4.635,0.00036391
4.64,0.00036195
4.645,0.00036001
4.65,0.00035808
4.655,0.00035617
4.66,0.00035426
4.665,0.00035237
4.67,0.00035049
4.675,0.00034862
4.68,0.00034676
4.685,0.00034492
4.69,0.00034309
4.695,0.00034127
4.7,0.00033946
4.705,0.00033766
4.71,0.00033587
4.715,0.0003341
4.72,0.00033233
4.725,0.00033058
4.73,0.00032884
4.735,0.00032711
4.74,0.00032539
4.745,0.00032368
4.75,0.00032198
4.755,0.00032029
4.76,0.00031861
4.765,0.00031695
4.77,0.00031529
4.775,0.00031365
4.78,0.00031201
4.785,0.00031039
4.79,0.00030877
4.795,0.00030716
4.8,0.00030557
4.805,0.00030398
4.81,0.00030241
4.815,0.00030084
4.82,0.00029929
4.825,0.00029774
4.83,0.00029621
4.835,0.00029468
4.84,0.00029316
4.845,0.00029165
4.85,0.00029015
4.855,0.00028866
4.86,0.00028718
4.865,0.00028571
4.87,0.00028425
4.875,0.0002828
4.88,0.00028135
4.885,0.00027992
4.89,0.00027849
4.895,0.00027707
4.9,0.00027566
4.905,0.00027426
4.91,0.00027287
4.915,0.00027148
4.92,0.00027011
4.925,0.00026874
4.93,0.00026738
4.935,0.00026603
4.94,0.00026469
4.945,0.00026336
4.95,0.00026203
4.955,0.00026071
4.96,0.0002594
4.965,0.0002581
4.97,0.0002568
4.975,0.00025552
4.98,0.00025424
4.985,0.00025297
4.99,0.0002517
4.995,0.00025045
5,0.0002492
5.005,0.00024796
5.01,0.00024672
5.015,0.0002455
5.02,0.00024428
5.025,0.00024306
5.03,0.00024186
5.035,0.00024066
5.04,0.00023947
5.045,0.00023829
5.05,0.00023711
5.055,0.00023594
5.06,0.00023478
5.065,0.00023362
5.07,0.00023248
5.075,0.00023133
5.08,0.0002302
5.085,0.00022907
5.09,0.00022795
5.095,0.00022683
5.1,0.00022572
5.105,0.00022462
5.11,0.00022352
5.115,0.00022243
5.12,0.00022135
5.125,0.00022027
5.13,0.0002192
5.135,0.00021814
5.14,0.00021708
5.145,0.00021603
5.15,0.00021498
5.155,0.00021394
5.16,0.00021291
5.165,0.00021188
5.17,0.00021086
5.175,0.00020984
5.18,0.00020883
5.185,0.00020783
5.19,0.00020683
5.195,0.00020584
5.2,0.00020485
5.205,0.00020387
5.21,0.00020289
5.215,0.00020192
5.22,0.00020096
5.225,0.0002
5.23,0.00019905
5.235,0.0001981
5.24,0.00019716
5.245,0.00019622
5.25,0.00019529
5.255,0.00019436
5.26,0.00019344
5.265,0.00019252
5.27,0.00019161
5.275,0.00019071
5.28,0.00018981
5.285,0.00018891
5.29,0.00018802
5.295,0.00018713
5.3,0.00018625
5.305,0.00018538
5.31,0.00018451
5.315,0.00018364
5.32,0.00018278
5.325,0.00018192
5.33,0.00018107
5.335,0.00018023
5.34,0.00017939
5.345,0.00017855
5.35,0.00017772
5.355,0.00017689
5.36,0.00017607
5.365,0.00017525
5.37,0.00017443
5.375,0.00017362
5.38,0.00017282
5.385,0.00017202
5.39,0.00017122
5.395,0.00017043
5.4,0.00016964
5.405,0.00016886
5.41,0.00016808
5.415,0.00016731
5.42,0.00016654
5.425,0.00016577
5.43,0.00016501
5.435,0.00016425
5.44,0.0001635
5.445,0.00016275
5.45,0.00016201
5.455,0.00016127
5.46,0.00016053
5.465,0.0001598
5.47,0.00015907
5.475,0.00015834
5.48,0.00015762
5.485,0.00015691
5.49,0.00015619
5.495,0.00015549
5.5,0.00015478
5.505,0.00015408
5.51,0.00015338
5.515,0.00015269
5.52,0.000152
5.525,0.00015131
5.53,0.00015063
5.535,0.00014995
5.54,0.00014928
5.545,0.0001486
5.55,0.00014794
5.555,0.00014727
5.56,0.00014661
5.565,0.00014595
5.57,0.0001453
5.575,0.00014465
5.58,0.000144
5.585,0.00014336
5.59,0.00014272
5.595,0.00014209
5.6,0.00014145
5.605,0.00014082
5.61,0.0001402
5.615,0.00013957
5.62,0.00013895
5.625,0.00013834
5.63,0.00013773
5.635,0.00013712
5.64,0.00013651
5.645,0.00013591
5.65,0.00013531
5.655,0.00013471
5.66,0.00013412
5.665,0.00013352
5.67,0.00013294
5.675,0.00013235
5.68,0.00013177
5.685,0.00013119
5.69,0.00013062
5.695,0.00013005
5.7,0.00012948
5.705,0.00012891
5.71,0.00012835
5.715,0.00012779
5.72,0.00012723
5.725,0.00012668
5.73,0.00012612
5.735,0.00012558
5.74,0.00012503
5.745,0.00012449
5.75,0.00012395
5.755,0.00012341
5.76,0.00012288
5.765,0.00012234
5.77,0.00012182
5.775,0.00012129
5.78,0.00012077
5.785,0.00012024
5.79,0.00011973
5.795,0.00011921
5.8,0.0001187
5.805,0.00011819
5.81,0.00011768
5.815,0.00011718
5.82,0.00011667
5.825,0.00011617
5.83,0.00011568
5.835,0.00011518
5.84,0.00011469
5.845,0.0001142
5.85,0.00011371
5.855,0.00011323
5.86,0.00011275
5.865,0.00011227
5.87,0.00011179
5.875,0.00011132
5.88,0.00011084
5.885,0.00011037
5.89,0.00010991
5.895,0.00010944
5.9,0.00010898
5.905,0.00010852
5.91,0.00010806
5.915,0.0001076
5.92,0.00010715
5.925,0.0001067
5.93,0.00010625
5.935,0.0001058
5.94,0.00010536
5.945,0.00010492
5.95,0.00010448
5.955,0.00010404
5.96,0.0001036
5.965,0.00010317
5.97,0.00010274
5.975,0.00010231
5.98,0.00010188
5.985,0.00010146
5.99,0.00010104
5.995,0.00010062
6,0.0001002
6.005,9.9782e-05
6.01,9.9368e-05
6.015,9.8955e-05
6.02,9.8545e-05
6.025,9.8137e-05
6.03,9.7731e-05
6.035,9.7327e-05
6.04,9.6925e-05
6.045,9.6525e-05
6.05,9.6127e-05
6.055,9.5731e-05
6.06,9.5337e-05
6.065,9.4945e-05
6.07,9.4554e-05
6.075,9.4166e-05
6.08,9.378e-05
6.085,9.3395e-05
6.09,9.3012e-05
6.095,9.2632e-05
6.1,9.2253e-05
6.105,9.1876e-05
6.11,9.1501e-05
6.115,9.1127e-05
6.12,9.0756e-05
6.125,9.0386e-05
6.13,9.0018e-05
6.135,8.9652e-05
6.14,8.9288e-05
6.145,8.8925e-05
6.15,8.8564e-05
6.155,8.8205e-05
6.16,8.7848e-05
6.165,8.7493e-05
6.17,8.7139e-05
6.175,8.6787e-05
6.18,8.6436e-05
6.185,8.6088e-05
6.19,8.5741e-05
6.195,8.5395e-05
6.2,8.5052e-05
6.205,8.471e-05
6.21,8.4369e-05
6.215,8.4031e-05
6.22,8.3693e-05
6.225,8.3358e-05
6.23,8.3024e-05
6.235,8.2692e-05
6.24,8.2361e-05
6.245,8.2032e-05
6.25,8.1705e-05
6.255,8.1379e-05
6.26,8.1054e-05
6.265,8.0732e-05
6.27,8.041e-05
6.275,8.0091e-05
6.28,7.9772e-05
