0,0
0.005,0
0.01,0
0.015,0
0.02,0
0.025,0
0.03,0
0.035,0
0.04,0
0.045,0
0.05,0
0.055,0
0.06,0
0.065,0
0.07,0
0.075,0
0.08,0
0.085,0
0.09,0
0.095,0
0.1,0
0.105,0
0.11,0
0.115,0
0.12,0
0.125,0
0.13,0
0.135,0
0.14,0
0.145,0
0.15,0
0.155,0
0.16,0
0.165,0
0.17,0
0.175,0
0.18,0
0.185,0
0.19,0
0.195,0
0.2,0
0.205,0
0.21,0
0.215,0
0.22,0
0.225,0
0.23,0
0.235,0
0.24,0
0.245,0
0.25,0
0.255,0
0.26,0
0.265,0
0.27,0
0.275,0
0.28,0
0.285,0
0.29,0
0.295,0
0.3,0
0.305,0
0.31,0
0.315,0
0.32,0
0.325,0
0.33,0
0.335,0
0.34,0
0.345,0
0.35,0
0.355,0
0.36,0
0.365,0
0.37,0
0.375,0
0.38,0
0.385,0
0.39,0
0.395,0
0.4,0
0.405,0
0.41,0
0.415,0
0.42,0
0.425,0
0.43,0
0.435,0
0.44,0
0.445,0
0.45,0
0.455,0
0.46,0
0.465,0
0.47,0
0.475,0
0.48,1.312e-319
0.485,1.1928e-306
0.49,2.4174e-294
0.495,1.1947e-282
0.5,1.565e-271
0.505,5.8738e-261
0.51,6.7904e-251
0.515,2.5872e-241
0.52,3.4605e-232
0.525,1.7236e-223
0.53,3.3779e-215
0.535,2.7429e-207
0.54,9.6843e-200
0.545,1.5555e-192
0.55,1.1859e-185
0.555,4.4652e-179
0.56,8.6188e-173
0.565,8.8325e-167
0.57,4.9663e-161
0.575,1.5803e-155
0.58,2.9296e-150
0.585,3.2518e-145
0.59,2.2177e-140
0.595,9.5201e-136
0.6,2.6321e-131
0.605,4.7888e-127
0.61,5.8513e-123
0.615,4.8947e-119
0.62,2.8543e-115
0.625,1.1804e-111
0.63,3.5182e-108
0.635,7.674e-105
0.64,1.2429e-101
0.645,1.5152e-098
0.65,1.4086e-095
0.655,1.011e-092
0.66,5.6668e-090
0.665,2.5084e-087
0.67,8.8604e-085
0.675,2.5224e-082
0.68,5.8422e-080
0.685,1.1108e-077
0.69,1.7484e-075
0.695,2.2969e-073
0.7,2.5377e-071
0.705,2.3754e-069
0.71,1.8967e-067
0.715,1.3006e-065
0.72,7.7065e-064
0.725,3.9698e-062
0.73,1.7879e-060
0.735,7.0784e-059
0.74,2.4763e-057
0.745,7.6927e-056
0.75,2.1322e-054
0.755,5.2963e-053
0.76,1.1841e-051
0.765,2.3926e-050
0.77,4.3862e-049
0.775,7.3229e-048
0.78,1.1174e-046
0.785,1.5635e-045
0.79,2.013e-044
0.795,2.3919e-043
0.8,2.6309e-042
0.805,2.6864e-041
0.81,2.5535e-040
0.815,2.2653e-039
0.82,1.8804e-038
0.825,1.4639e-037
0.83,1.0714e-036
0.835,7.3873e-036
0.84,4.8091e-035
0.845,2.9618e-034
0.85,1.729e-033
0.855,9.5854e-033
0.86,5.0555e-032
0.865,2.5411e-031
0.87,1.2192e-030
0.875,5.5926e-030
0.88,2.4565e-029
0.885,1.0347e-028
0.89,4.185e-028
0.895,1.6277e-027
0.9,6.0953e-027
0.905,2.2005e-026
0.91,7.6673e-026
0.915,2.5816e-025
0.92,8.4085e-025
0.925,2.6523e-024
0.93,8.11e-024
0.935,2.4064e-023
0.94,6.9353e-023
0.945,1.9432e-022
0.95,5.2979e-022
0.955,1.4067e-021
0.96,3.6405e-021
0.965,9.1902e-021
0.97,2.2648e-020
0.975,5.4527e-020
0.98,1.2834e-019
0.985,2.9551e-019
0.99,6.6609e-019
0.995,1.4707e-018
1,3.183e-018
1.005,6.7562e-018
1.01,1.4073e-017
1.015,2.8781e-017
1.02,5.7825e-017
1.025,1.1419e-016
1.03,2.2176e-016
1.035,4.237e-016
1.04,7.9685e-016
1.045,1.4758e-015
1.05,2.6929e-015
1.055,4.8429e-015
1.06,8.5878e-015
1.065,1.5022e-014
1.07,2.5928e-014
1.075,4.4179e-014
1.08,7.4337e-014
1.085,1.2356e-013
1.09,2.0295e-013
1.095,3.2952e-013
1.1,5.2904e-013
1.105,8.4012e-013
1.11,1.32e-012
1.115,2.0526e-012
1.12,3.1597e-012
1.125,4.8165e-012
1.13,7.2722e-012
1.135,1.0878e-011
1.14,1.6126e-011
1.145,2.3694e-011
1.15,3.4517e-011
1.155,4.9865e-011
1.16,7.1452e-011
1.165,1.0157e-010
1.17,1.4328e-010
1.175,2.006e-010
1.18,2.7878e-010
1.185,3.8467e-010
1.19,5.2709e-010
1.195,7.1733e-010
1.2,9.6978e-010
1.205,1.3026e-009
1.21,1.7387e-009
1.215,2.3065e-009
1.22,3.0414e-009
1.225,3.987e-009
1.23,5.1968e-009
1.235,6.7361e-009
1.24,8.6839e-009
1.245,1.1136e-008
1.25,1.4206e-008
1.255,1.8031e-008
1.26,2.2774e-008
1.265,2.8626e-008
1.27,3.5813e-008
1.275,4.4598e-008
1.28,5.529e-008
1.285,6.8246e-008
1.29,8.3877e-008
1.295,1.0266e-007
1.3,1.2514e-007
1.305,1.5192e-007
1.31,1.8373e-007
1.315,2.2135e-007
1.32,2.6569e-007
1.325,3.1774e-007
1.33,3.7865e-007
1.335,4.4967e-007
1.34,5.322e-007
1.345,6.2778e-007
1.35,7.3814e-007
1.355,8.6514e-007
1.36,1.0108e-006
1.365,1.1775e-006
1.37,1.3676e-006
1.375,1.5838e-006
1.38,1.8289e-006
1.385,2.1062e-006
1.39,2.4188e-006
1.395,2.7705e-006
1.4,3.1652e-006
1.405,3.6068e-006
1.41,4.0998e-006
1.415,4.6489e-006
1.42,5.2589e-006
1.425,5.9351e-006
1.43,6.683e-006
1.435,7.5083e-006
1.44,8.417e-006
1.445,9.4155e-006
1.45,1.051e-005
1.455,1.1708e-005
1.46,1.3017e-005
1.465,1.4443e-005
1.47,1.5994e-005
1.475,1.7679e-005
1.48,1.9505e-005
1.485,2.148e-005
1.49,2.3614e-005
1.495,2.5914e-005
1.5,2.839e-005
1.505,3.105e-005
1.51,3.3904e-005
1.515,3.6961e-005
1.52,4.0229e-005
1.525,4.372e-005
1.53,4.7442e-005
1.535,5.1404e-005
1.54,5.5616e-005
1.545,6.0088e-005
1.55,6.4828e-005
1.555,6.9847e-005
1.56,7.5153e-005
1.565,8.0756e-005
1.57,8.6665e-005
1.575,9.2888e-005
1.58,9.9435e-005
1.585,0.00010631
1.59,0.00011353
1.595,0.0001211
1.6,0.00012902
1.605,0.00013731
1.61,0.00014596
1.615,0.000155
1.62,0.00016441
1.625,0.00017422
1.63,0.00018442
1.635,0.00019503
1.64,0.00020604
1.645,0.00021746
1.65,0.00022929
1.655,0.00024155
1.66,0.00025422
1.665,0.00026732
1.67,0.00028085
1.675,0.0002948
1.68,0.00030919
1.685,0.000324
1.69,0.00033925
1.695,0.00035492
1.7,0.00037103
1.705,0.00038757
1.71,0.00040453
1.715,0.00042192
1.72,0.00043973
1.725,0.00045797
1.73,0.00047662
1.735,0.00049568
1.74,0.00051515
1.745,0.00053503
1.75,0.0005553
1.755,0.00057597
1.76,0.00059703
1.765,0.00061846
1.77,0.00064028
1.775,0.00066245
1.78,0.00068499
1.785,0.00070788
1.79,0.00073111
1.795,0.00075468
1.8,0.00077857
1.805,0.00080278
1.81,0.0008273
1.815,0.00085212
1.82,0.00087722
1.825,0.0009026
1.83,0.00092825
1.835,0.00095416
1.84,0.00098032
1.845,0.0010067
1.85,0.0010333
1.855,0.0010602
1.86,0.0010872
1.865,0.0011144
1.87,0.0011418
1.875,0.0011694
1.88,0.0011971
1.885,0.001225
1.89,0.001253
1.895,0.0012811
1.9,0.0013094
1.905,0.0013377
1.91,0.0013661
1.915,0.0013946
1.92,0.0014232
1.925,0.0014518
1.93,0.0014804
1.935,0.0015091
1.94,0.0015378
1.945,0.0015665
1.95,0.0015952
1.955,0.0016239
1.96,0.0016526
1.965,0.0016812
1.97,0.0017098
1.975,0.0017383
1.98,0.0017668
1.985,0.0017951
1.99,0.0018234
1.995,0.0018516
2,0.0018797
2.005,0.0019077
2.01,0.0019355
2.015,0.0019632
2.02,0.0019908
2.025,0.0020182
2.03,0.0020454
2.035,0.0020725
2.04,0.0020994
2.045,0.0021261
2.05,0.0021526
2.055,0.0021789
2.06,0.002205
2.065,0.0022309
2.07,0.0022566
2.075,0.002282
2.08,0.0023072
2.085,0.0023322
2.09,0.0023569
2.095,0.0023813
2.1,0.0024055
2.105,0.0024295
2.11,0.0024532
2.115,0.0024766
2.12,0.0024997
2.125,0.0025225
2.13,0.0025451
2.135,0.0025673
2.14,0.0025893
2.145,0.002611
2.15,0.0026323
2.155,0.0026534
2.16,0.0026741
2.165,0.0026946
2.17,0.0027147
2.175,0.0027345
2.18,0.002754
2.185,0.0027732
2.19,0.002792
2.195,0.0028105
2.2,0.0028287
2.205,0.0028466
2.21,0.0028641
2.215,0.0028813
2.22,0.0028982
2.225,0.0029147
2.23,0.002931
2.235,0.0029468
2.24,0.0029624
2.245,0.0029776
2.25,0.0029925
2.255,0.003007
2.26,0.0030212
2.265,0.0030351
2.27,0.0030486
2.275,0.0030618
2.28,0.0030747
2.285,0.0030873
2.29,0.0030995
2.295,0.0031114
2.3,0.0031229
2.305,0.0031341
2.31,0.0031451
2.315,0.0031556
2.32,0.0031659
2.325,0.0031758
2.33,0.0031854
2.335,0.0031947
2.34,0.0032037
2.345,0.0032124
2.35,0.0032207
2.355,0.0032288
2.36,0.0032365
2.365,0.0032439
2.37,0.0032511
2.375,0.0032579
2.38,0.0032644
2.385,0.0032706
2.39,0.0032765
2.395,0.0032822
2.4,0.0032875
2.405,0.0032926
2.41,0.0032973
2.415,0.0033018
2.42,0.003306
2.425,0.00331
2.43,0.0033136
2.435,0.003317
2.44,0.0033201
2.445,0.003323
2.45,0.0033256
2.455,0.0033279
2.46,0.00333
2.465,0.0033318
2.47,0.0033334
2.475,0.0033347
2.48,0.0033357
2.485,0.0033366
2.49,0.0033372
2.495,0.0033375
2.5,0.0033376
2.505,0.0033375
2.51,0.0033372
2.515,0.0033366
2.52,0.0033358
2.525,0.0033348
2.53,0.0033336
2.535,0.0033321
2.54,0.0033305
2.545,0.0033286
2.55,0.0033266
2.555,0.0033243
2.56,0.0033219
2.565,0.0033192
2.57,0.0033164
2.575,0.0033133
2.58,0.0033101
2.585,0.0033067
2.59,0.0033031
2.595,0.0032994
2.6,0.0032954
2.605,0.0032913
2.61,0.003287
2.615,0.0032826
2.62,0.003278
2.625,0.0032732
2.63,0.0032683
2.635,0.0032632
2.64,0.003258
2.645,0.0032526
2.65,0.0032471
2.655,0.0032414
2.66,0.0032356
2.665,0.0032297
2.67,0.0032236
2.675,0.0032174
2.68,0.003211
2.685,0.0032045
2.69,0.0031979
2.695,0.0031912
2.7,0.0031844
2.705,0.0031774
2.71,0.0031703
2.715,0.0031631
2.72,0.0031558
2.725,0.0031484
2.73,0.0031409
2.735,0.0031333
2.74,0.0031255
2.745,0.0031177
2.75,0.0031098
2.755,0.0031018
2.76,0.0030937
2.765,0.0030855
2.77,0.0030772
2.775,0.0030688
2.78,0.0030604
2.785,0.0030518
2.79,0.0030432
2.795,0.0030345
2.8,0.0030258
2.805,0.0030169
2.81,0.003008
2.815,0.002999
2.82,0.00299
2.825,0.0029809
2.83,0.0029717
2.835,0.0029625
2.84,0.0029532
2.845,0.0029438
2.85,0.0029344
2.855,0.0029249
2.86,0.0029154
2.865,0.0029058
2.87,0.0028962
2.875,0.0028866
2.88,0.0028768
2.885,0.0028671
2.89,0.0028573
2.895,0.0028474
2.9,0.0028376
2.905,0.0028276
2.91,0.0028177
2.915,0.0028077
2.92,0.0027977
2.925,0.0027876
2.93,0.0027775
2.935,0.0027674
2.94,0.0027572
2.945,0.0027471
2.95,0.0027369
2.955,0.0027266
2.96,0.0027164
2.965,0.0027061
2.97,0.0026958
2.975,0.0026855
2.98,0.0026752
2.985,0.0026649
2.99,0.0026545
2.995,0.0026441
3,0.0026337
3.005,0.0026233
3.01,0.0026129
3.015,0.0026025
3.02,0.0025921
3.025,0.0025817
3.03,0.0025712
3.035,0.0025608
3.04,0.0025503
3.045,0.0025399
3.05,0.0025294
3.055,0.0025189
3.06,0.0025085
3.065,0.002498
3.07,0.0024876
3.075,0.0024771
3.08,0.0024666
3.085,0.0024562
3.09,0.0024457
3.095,0.0024353
3.1,0.0024249
3.105,0.0024144
3.11,0.002404
3.115,0.0023936
3.12,0.0023832
3.125,0.0023728
3.13,0.0023624
3.135,0.002352
3.14,0.0023417
3.145,0.0023313
3.15,0.002321
3.155,0.0023106
3.16,0.0023003
3.165,0.00229
3.17,0.0022798
3.175,0.0022695
3.18,0.0022593
3.185,0.002249
3.19,0.0022388
3.195,0.0022286
3.2,0.0022185
3.205,0.0022083
3.21,0.0021982
3.215,0.002188
3.22,0.002178
3.225,0.0021679
3.23,0.0021578
3.235,0.0021478
3.24,0.0021378
3.245,0.0021278
3.25,0.0021179
3.255,0.0021079
3.26,0.002098
3.265,0.0020881
3.27,0.0020783
3.275,0.0020684
3.28,0.0020586
3.285,0.0020488
3.29,0.0020391
3.295,0.0020294
3.3,0.0020197
3.305,0.00201
3.31,0.0020003
3.315,0.0019907
3.32,0.0019811
3.325,0.0019716
3.33,0.001962
3.335,0.0019525
3.34,0.0019431
3.345,0.0019336
3.35,0.0019242
3.355,0.0019148
3.36,0.0019055
3.365,0.0018962
3.37,0.0018869
3.375,0.0018776
3.38,0.0018684
3.385,0.0018592
3.39,0.00185
3.395,0.0018409
3.4,0.0018318
3.405,0.0018227
3.41,0.0018137
3.415,0.0018047
3.42,0.0017957
3.425,0.0017868
3.43,0.0017778
3.435,0.001769
3.44,0.0017601
3.445,0.0017513
3.45,0.0017426
3.455,0.0017338
3.46,0.0017251
3.465,0.0017164
3.47,0.0017078
3.475,0.0016992
3.48,0.0016906
3.485,0.0016821
3.49,0.0016736
3.495,0.0016651
3.5,0.0016567
3.505,0.0016483
3.51,0.0016399
3.515,0.0016316
3.52,0.0016233
3.525,0.001615
3.53,0.0016068
3.535,0.0015986
3.54,0.0015905
3.545,0.0015823
3.55,0.0015743
3.555,0.0015662
3.56,0.0015582
3.565,0.0015502
3.57,0.0015423
3.575,0.0015343
3.58,0.0015265
3.585,0.0015186
3.59,0.0015108
3.595,0.001503
3.6,0.0014953
3.605,0.0014876
3.61,0.0014799
3.615,0.0014723
3.62,0.0014647
3.625,0.0014571
3.63,0.0014496
3.635,0.0014421
3.64,0.0014346
3.645,0.0014272
3.65,0.0014198
3.655,0.0014124
3.66,0.0014051
3.665,0.0013978
3.67,0.0013906
3.675,0.0013834
3.68,0.0013762
3.685,0.001369
3.69,0.0013619
3.695,0.0013548
3.7,0.0013478
3.705,0.0013408
3.71,0.0013338
3.715,0.0013268
3.72,0.0013199
3.725,0.001313
3.73,0.0013062
3.735,0.0012994
3.74,0.0012926
3.745,0.0012858
3.75,0.0012791
3.755,0.0012724
3.76,0.0012658
3.765,0.0012592
3.77,0.0012526
3.775,0.0012461
3.78,0.0012395
3.785,0.0012331
3.79,0.0012266
3.795,0.0012202
3.8,0.0012138
3.805,0.0012075
3.81,0.0012011
3.815,0.0011948
3.82,0.0011886
3.825,0.0011824
3.83,0.0011762
3.835,0.00117
3.84,0.0011639
3.845,0.0011578
3.85,0.0011517
3.855,0.0011457
3.86,0.0011397
3.865,0.0011337
3.87,0.0011278
3.875,0.0011219
3.88,0.001116
3.885,0.0011102
3.89,0.0011043
3.895,0.0010986
3.9,0.0010928
3.905,0.0010871
3.91,0.0010814
3.915,0.0010757
3.92,0.0010701
3.925,0.0010645
3.93,0.0010589
3.935,0.0010534
3.94,0.0010478
3.945,0.0010424
3.95,0.0010369
3.955,0.0010315
3.96,0.0010261
3.965,0.0010207
3.97,0.0010154
3.975,0.0010101
3.98,0.0010048
3.985,0.00099952
3.99,0.00099429
3.995,0.00098909
4,0.00098392
4.005,0.00097878
4.01,0.00097367
4.015,0.00096858
4.02,0.00096353
4.025,0.0009585
4.03,0.00095349
4.035,0.00094852
4.04,0.00094357
4.045,0.00093865
4.05,0.00093376
4.055,0.00092889
4.06,0.00092405
4.065,0.00091923
4.07,0.00091445
4.075,0.00090969
4.08,0.00090495
4.085,0.00090024
4.09,0.00089556
4.095,0.00089091
4.1,0.00088628
4.105,0.00088167
4.11,0.00087709
4.115,0.00087254
4.12,0.00086801
4.125,0.00086351
4.13,0.00085903
4.135,0.00085458
4.14,0.00085015
4.145,0.00084574
4.15,0.00084136
4.155,0.00083701
4.16,0.00083268
4.165,0.00082837
4.17,0.00082409
4.175,0.00081984
4.18,0.0008156
4.185,0.00081139
4.19,0.00080721
4.195,0.00080304
4.2,0.0007989
4.205,0.00079479
4.21,0.0007907
4.215,0.00078663
4.22,0.00078258
4.225,0.00077856
4.23,0.00077455
4.235,0.00077058
4.24,0.00076662
4.245,0.00076269
4.25,0.00075877
4.255,0.00075489
4.26,0.00075102
4.265,0.00074717
4.27,0.00074335
4.275,0.00073955
4.28,0.00073577
4.285,0.00073201
4.29,0.00072827
4.295,0.00072456
4.3,0.00072086
4.305,0.00071719
4.31,0.00071354
4.315,0.0007099
4.32,0.00070629
4.325,0.0007027
4.33,0.00069913
4.335,0.00069558
4.34,0.00069205
4.345,0.00068854
4.35,0.00068505
4.355,0.00068158
4.36,0.00067813
4.365,0.0006747
4.37,0.00067129
4.375,0.0006679
4.38,0.00066453
4.385,0.00066118
4.39,0.00065785
4.395,0.00065453
4.4,0.00065124
4.405,0.00064796
4.41,0.0006447
4.415,0.00064147
4.42,0.00063825
4.425,0.00063504
4.43,0.00063186
4.435,0.0006287
4.44,0.00062555
4.445,0.00062242
4.45,0.00061931
4.455,0.00061622
4.46,0.00061314
4.465,0.00061008
4.47,0.00060704
4.475,0.00060402
4.48,0.00060102
4.485,0.00059803
4.49,0.00059506
4.495,0.0005921
4.5,0.00058917
4.505,0.00058625
4.51,0.00058334
4.515,0.00058046
4.52,0.00057759
4.525,0.00057473
4.53,0.0005719
4.535,0.00056908
4.54,0.00056627
4.545,0.00056348
4.55,0.00056071
4.555,0.00055795
4.56,0.00055521
4.565,0.00055249
4.57,0.00054978
4.575,0.00054709
4.58,0.00054441
4.585,0.00054175
4.59,0.0005391
4.595,0.00053647
4.6,0.00053385
4.605,0.00053125
4.61,0.00052866
4.615,0.00052609
4.62,0.00052353
4.625,0.00052099
4.63,0.00051846
4.635,0.00051594
4.64,0.00051344
4.645,0.00051096
4.65,0.00050849
4.655,0.00050603
4.66,0.00050359
4.665,0.00050116
4.67,0.00049875
4.675,0.00049635
4.68,0.00049396
4.685,0.00049158
4.69,0.00048922
4.695,0.00048688
4.7,0.00048455
4.705,0.00048223
4.71,0.00047992
4.715,0.00047763
4.72,0.00047535
4.725,0.00047308
4.73,0.00047083
4.735,0.00046859
4.74,0.00046636
4.745,0.00046414
4.75,0.00046194
4.755,0.00045975
4.76,0.00045757
4.765,0.00045541
4.77,0.00045325
4.775,0.00045111
4.78,0.00044898
4.785,0.00044687
4.79,0.00044476
4.795,0.00044267
4.8,0.00044059
4.805,0.00043852
4.81,0.00043647
4.815,0.00043442
4.82,0.00043239
4.825,0.00043036
4.83,0.00042835
4.835,0.00042636
4.84,0.00042437
4.845,0.00042239
4.85,0.00042043
4.855,0.00041847
4.86,0.00041653
4.865,0.0004146
4.87,0.00041268
4.875,0.00041077
4.88,0.00040887
4.885,0.00040698
4.89,0.0004051
4.895,0.00040323
4.9,0.00040138
4.905,0.00039953
4.91,0.0003977
4.915,0.00039587
4.92,0.00039406
4.925,0.00039225
4.93,0.00039046
4.935,0.00038867
4.94,0.0003869
4.945,0.00038513
4.95,0.00038338
4.955,0.00038163
4.96,0.0003799
4.965,0.00037817
4.97,0.00037646
4.975,0.00037475
4.98,0.00037306
4.985,0.00037137
4.99,0.00036969
4.995,0.00036802
5,0.00036637
