0,0
0.005,0
0.01,0
0.015,0
0.02,0
0.025,0
0.03,0
0.035,0
0.04,0
0.045,0
0.05,0
0.055,0
0.06,0
0.065,0
0.07,0
0.075,0
0.08,0
0.085,0
0.09,0
0.095,0
0.1,0
0.105,0
0.11,0
0.115,0
0.12,0
0.125,0
0.13,0
0.135,0
0.14,0
0.145,0
0.15,0
0.155,0
0.16,0
0.165,0
0.17,0
0.175,0
0.18,0
0.185,0
0.19,0
0.195,0
0.2,0
0.205,0
0.21,0
0.215,0
0.22,0
0.225,0
0.23,0
0.235,0
0.24,0
0.245,0
0.25,0
0.255,0
0.26,0
0.265,0
0.27,0
0.275,0
0.28,0
0.285,0
0.29,0
0.295,0
0.3,0
0.305,0
0.31,0
0.315,0
0.32,0
0.325,0
0.33,0
0.335,0
0.34,0
0.345,0
0.35,0
0.355,0
0.36,0
0.365,0
0.37,0
0.375,0
0.38,0
0.385,0
0.39,0
0.395,0
0.4,0
0.405,0
0.41,0
0.415,0
0.42,0
0.425,0
0.43,0
0.435,0
0.44,0
0.445,0
0.45,0
0.455,0
0.46,0
0.465,0
0.47,0
0.475,0
0.48,2.4537e-319
0.485,2.2285e-306
0.49,4.5122e-294
0.495,2.2279e-282
0.5,2.9158e-271
0.505,1.0933e-260
0.51,1.2627e-250
0.515,4.8063e-241
0.52,6.4225e-232
0.525,3.1958e-223
0.53,6.2573e-215
0.535,5.0761e-207
0.54,1.7905e-199
0.545,2.8732e-192
0.55,2.1884e-185
0.555,8.2318e-179
0.56,1.5874e-172
0.565,1.6252e-166
0.57,9.1292e-161
0.575,2.9021e-155
0.58,5.3748e-150
0.585,5.9602e-145
0.59,4.0608e-140
0.595,1.7415e-135
0.6,4.8103e-131
0.605,8.7432e-127
0.61,1.0673e-122
0.615,8.9192e-119
0.62,5.1961e-115
0.625,2.1467e-111
0.63,6.3921e-108
0.635,1.3929e-104
0.64,2.2537e-101
0.645,2.7449e-098
0.65,2.5493e-095
0.655,1.8278e-092
0.66,1.0235e-089
0.665,4.5262e-087
0.67,1.5972e-084
0.675,4.5425e-082
0.68,1.0511e-079
0.685,1.9964e-077
0.69,3.1393e-075
0.695,4.1201e-073
0.7,4.5476e-071
0.705,4.2524e-069
0.71,3.3922e-067
0.715,2.3237e-065
0.72,1.3755e-063
0.725,7.0786e-062
0.73,3.1848e-060
0.735,1.2596e-058
0.74,4.4023e-057
0.745,1.3662e-055
0.75,3.783e-054
0.755,9.3876e-053
0.76,2.0967e-051
0.765,4.2324e-050
0.77,7.7513e-049
0.775,1.2928e-047
0.78,1.9706e-046
0.785,2.7548e-045
0.79,3.5431e-044
0.795,4.2057e-043
0.8,4.6214e-042
0.805,4.7142e-041
0.81,4.4765e-040
0.815,3.9673e-039
0.82,3.2898e-038
0.825,2.5586e-037
0.83,1.8707e-036
0.835,1.2886e-035
0.84,8.38e-035
0.845,5.1558e-034
0.85,3.0068e-033
0.855,1.6653e-032
0.86,8.7742e-032
0.865,4.4057e-031
0.87,2.1117e-030
0.875,9.6771e-030
0.88,4.2463e-029
0.885,1.7867e-028
0.89,7.2196e-028
0.895,2.8051e-027
0.9,1.0494e-026
0.905,3.7846e-026
0.91,1.3174e-025
0.915,4.4311e-025
0.92,1.4418e-024
0.925,4.5433e-024
0.93,1.3879e-023
0.935,4.1139e-023
0.94,1.1844e-022
0.945,3.3153e-022
0.95,9.0297e-022
0.955,2.3952e-021
0.96,6.1924e-021
0.965,1.5617e-020
0.97,3.8447e-020
0.975,9.247e-020
0.98,2.1742e-019
0.985,5.0013e-019
0.99,1.1262e-018
0.995,2.4842e-018
1,5.371e-018
1.005,1.1389e-017
1.01,2.3699e-017
1.015,4.8419e-017
1.02,9.7182e-017
1.025,1.9172e-016
1.03,3.7195e-016
1.035,7.0995e-016
1.04,1.3339e-015
1.045,2.4679e-015
1.05,4.4987e-015
1.055,8.0824e-015
1.06,1.4318e-014
1.065,2.502e-014
1.07,4.3143e-014
1.075,7.3439e-014
1.08,1.2345e-013
1.085,2.0499e-013
1.09,3.3636e-013
1.095,5.4559e-013
1.1,8.7507e-013
1.105,1.3882e-012
1.11,2.179e-012
1.115,3.385e-012
1.12,5.2057e-012
1.125,7.9275e-012
1.13,1.1958e-011
1.135,1.7869e-011
1.14,2.6463e-011
1.145,3.8846e-011
1.15,5.6534e-011
1.155,8.1591e-011
1.16,1.168e-010
1.165,1.6588e-010
1.17,2.3376e-010
1.175,3.2694e-010
1.18,4.5393e-010
1.185,6.2574e-010
1.19,8.5657e-010
1.195,1.1646e-009
1.2,1.5729e-009
1.205,2.1107e-009
1.21,2.8146e-009
1.215,3.7301e-009
1.22,4.9139e-009
1.225,6.4355e-009
1.23,8.3803e-009
1.235,1.0852e-008
1.24,1.3977e-008
1.245,1.7906e-008
1.25,2.2821e-008
1.255,2.8938e-008
1.26,3.6515e-008
1.265,4.5854e-008
1.27,5.7311e-008
1.275,7.1303e-008
1.28,8.8313e-008
1.285,1.089e-007
1.29,1.3372e-007
1.295,1.6351e-007
1.3,1.9912e-007
1.305,2.4152e-007
1.31,2.9182e-007
1.315,3.5124e-007
1.32,4.212e-007
1.325,5.0326e-007
1.33,5.9917e-007
1.335,7.1088e-007
1.34,8.4057e-007
1.345,9.9063e-007
1.35,1.1637e-006
1.355,1.3627e-006
1.36,1.5907e-006
1.365,1.8513e-006
1.37,2.1482e-006
1.375,2.4855e-006
1.38,2.8676e-006
1.385,3.2992e-006
1.39,3.7856e-006
1.395,4.3321e-006
1.4,4.9447e-006
1.405,5.6295e-006
1.41,6.3933e-006
1.415,7.2431e-006
1.42,8.1862e-006
1.425,9.2306e-006
1.43,1.0384e-005
1.435,1.1657e-005
1.44,1.3056e-005
1.445,1.4592e-005
1.45,1.6274e-005
1.455,1.8114e-005
1.46,2.012e-005
1.465,2.2305e-005
1.47,2.468e-005
1.475,2.7255e-005
1.48,3.0044e-005
1.485,3.3059e-005
1.49,3.6311e-005
1.495,3.9814e-005
1.5,4.358e-005
1.505,4.7624e-005
1.51,5.1957e-005
1.515,5.6593e-005
1.52,6.1547e-005
1.525,6.6831e-005
1.53,7.246e-005
1.535,7.8446e-005
1.54,8.4804e-005
1.545,9.1547e-005
1.55,9.8689e-005
1.555,0.00010624
1.56,0.00011422
1.565,0.00012264
1.57,0.0001315
1.575,0.00014083
1.58,0.00015064
1.585,0.00016093
1.59,0.00017173
1.595,0.00018303
1.6,0.00019485
1.605,0.0002072
1.61,0.0002201
1.615,0.00023354
1.62,0.00024754
1.625,0.00026211
1.63,0.00027725
1.635,0.00029298
1.64,0.00030929
1.645,0.0003262
1.65,0.00034371
1.655,0.00036182
1.66,0.00038054
1.665,0.00039987
1.67,0.00041981
1.675,0.00044037
1.68,0.00046156
1.685,0.00048336
1.69,0.00050578
1.695,0.00052882
1.7,0.00055247
1.705,0.00057675
1.71,0.00060164
1.715,0.00062715
1.72,0.00065326
1.725,0.00067998
1.73,0.00070731
1.735,0.00073523
1.74,0.00076374
1.745,0.00079285
1.75,0.00082253
1.755,0.0008528
1.76,0.00088363
1.765,0.00091503
1.77,0.00094699
1.775,0.0009795
1.78,0.0010126
1.785,0.0010462
1.79,0.0010803
1.795,0.0011149
1.8,0.0011501
1.805,0.0011858
1.81,0.001222
1.815,0.0012587
1.82,0.0012959
1.825,0.0013335
1.83,0.0013717
1.835,0.0014103
1.84,0.0014495
1.845,0.001489
1.85,0.0015291
1.855,0.0015697
1.86,0.0016107
1.865,0.0016522
1.87,0.0016941
1.875,0.0017366
1.88,0.0017795
1.885,0.0018229
1.89,0.0018668
1.895,0.0019112
1.9,0.0019561
1.905,0.0020015
1.91,0.0020474
1.915,0.0020939
1.92,0.002141
1.925,0.0021886
1.93,0.0022368
1.935,0.0022857
1.94,0.0023352
1.945,0.0023853
1.95,0.0024362
1.955,0.0024878
1.96,0.0025401
1.965,0.0025933
1.97,0.0026472
1.975,0.0027021
1.98,0.0027578
1.985,0.0028145
1.99,0.0028722
1.995,0.002931
2,0.0029909
2.005,0.003052
2.01,0.0031143
2.015,0.0031779
2.02,0.0032428
2.025,0.0033092
2.03,0.0033772
2.035,0.0034467
2.04,0.0035178
2.045,0.0035908
2.05,0.0036656
2.055,0.0037423
2.06,0.003821
2.065,0.0039019
2.07,0.0039851
2.075,0.0040706
2.08,0.0041586
2.085,0.0042492
2.09,0.0043425
2.095,0.0044386
2.1,0.0045378
2.105,0.00464
2.11,0.0047455
2.115,0.0048544
2.12,0.0049669
2.125,0.0050831
2.13,0.0052031
2.135,0.0053272
2.14,0.0054555
2.145,0.0055882
2.15,0.0057254
2.155,0.0058674
2.16,0.0060142
2.165,0.0061662
2.17,0.0063234
2.175,0.0064861
2.18,0.0066545
2.185,0.0068287
2.19,0.0070089
2.195,0.0071954
2.2,0.0073883
2.205,0.0075877
2.21,0.007794
2.215,0.0080071
2.22,0.0082274
2.225,0.008455
2.23,0.0086899
2.235,0.0089325
2.24,0.0091827
2.245,0.0094407
2.25,0.0097065
2.255,0.0099803
2.26,0.010262
2.265,0.010552
2.27,0.01085
2.275,0.011156
2.28,0.01147
2.285,0.011792
2.29,0.012121
2.295,0.012458
2.3,0.012803
2.305,0.013154
2.31,0.013513
2.315,0.013878
2.32,0.014249
2.325,0.014626
2.33,0.015008
2.335,0.015395
2.34,0.015786
2.345,0.01618
2.35,0.016577
2.355,0.016976
2.36,0.017376
2.365,0.017776
2.37,0.018175
2.375,0.018573
2.38,0.018968
2.385,0.01936
2.39,0.019747
2.395,0.020127
2.4,0.020501
2.405,0.020866
2.41,0.021222
2.415,0.021567
2.42,0.021901
2.425,0.022221
2.43,0.022527
2.435,0.022818
2.44,0.023092
2.445,0.023348
2.45,0.023586
2.455,0.023805
2.46,0.024002
2.465,0.024179
2.47,0.024334
2.475,0.024466
2.48,0.024574
2.485,0.024659
2.49,0.02472
2.495,0.024757
2.5,0.024769
2.505,0.024757
2.51,0.024721
2.515,0.02466
2.52,0.024575
2.525,0.024467
2.53,0.024335
2.535,0.024182
2.54,0.024006
2.545,0.02381
2.55,0.023593
2.555,0.023357
2.56,0.023104
2.565,0.022833
2.57,0.022545
2.575,0.022243
2.58,0.021928
2.585,0.021599
2.59,0.021259
2.595,0.020909
2.6,0.02055
2.605,0.020183
2.61,0.01981
2.615,0.019431
2.62,0.019048
2.625,0.018661
2.63,0.018272
2.635,0.017882
2.64,0.017491
2.645,0.017101
2.65,0.016712
2.655,0.016326
2.66,0.015943
2.665,0.015563
2.67,0.015188
2.675,0.014817
2.68,0.014452
2.685,0.014093
2.69,0.01374
2.695,0.013394
2.7,0.013055
2.705,0.012723
2.71,0.012398
2.715,0.012081
2.72,0.011772
2.725,0.011471
2.73,0.011178
2.735,0.010893
2.74,0.010617
2.745,0.010348
2.75,0.010087
2.755,0.0098344
2.76,0.0095897
2.765,0.0093528
2.77,0.0091236
2.775,0.008902
2.78,0.0086878
2.785,0.008481
2.79,0.0082814
2.795,0.0080888
2.8,0.007903
2.805,0.0077239
2.81,0.0075513
2.815,0.0073849
2.82,0.0072248
2.825,0.0070706
2.83,0.0069221
2.835,0.0067793
2.84,0.0066418
2.845,0.0065096
2.85,0.0063825
2.855,0.0062602
2.86,0.0061427
2.865,0.0060297
2.87,0.0059211
2.875,0.0058167
2.88,0.0057163
2.885,0.0056199
2.89,0.0055273
2.895,0.0054383
2.9,0.0053527
2.905,0.0052705
2.91,0.0051915
2.915,0.0051156
2.92,0.0050426
2.925,0.0049725
2.93,0.0049051
2.935,0.0048403
2.94,0.004778
2.945,0.0047181
2.95,0.0046605
2.955,0.0046051
2.96,0.0045518
2.965,0.0045005
2.97,0.0044511
2.975,0.0044036
2.98,0.0043578
2.985,0.0043137
2.99,0.0042712
2.995,0.0042302
3,0.0041907
3.005,0.0041526
3.01,0.0041159
3.015,0.0040804
3.02,0.0040461
3.025,0.0040129
3.03,0.0039809
3.035,0.0039499
3.04,0.00392
3.045,0.0038909
3.05,0.0038628
3.055,0.0038355
3.06,0.0038091
3.065,0.0037834
3.07,0.0037585
3.075,0.0037343
3.08,0.0037107
3.085,0.0036878
3.09,0.0036655
3.095,0.0036437
3.1,0.0036225
3.105,0.0036018
3.11,0.0035816
3.115,0.0035618
3.12,0.0035425
3.125,0.0035236
3.13,0.0035051
3.135,0.003487
3.14,0.0034692
3.145,0.0034517
3.15,0.0034346
3.155,0.0034177
3.16,0.0034012
3.165,0.0033849
3.17,0.0033688
3.175,0.003353
3.18,0.0033374
3.185,0.0033221
3.19,0.0033069
3.195,0.0032919
3.2,0.0032771
3.205,0.0032625
3.21,0.003248
3.215,0.0032337
3.22,0.0032195
3.225,0.0032054
3.23,0.0031915
3.235,0.0031777
3.24,0.0031641
3.245,0.0031505
3.25,0.003137
3.255,0.0031237
3.26,0.0031104
3.265,0.0030973
3.27,0.0030842
3.275,0.0030712
3.28,0.0030583
3.285,0.0030454
3.29,0.0030327
3.295,0.00302
3.3,0.0030073
3.305,0.0029948
3.31,0.0029823
3.315,0.0029698
3.32,0.0029575
3.325,0.0029451
3.33,0.0029329
3.335,0.0029207
3.34,0.0029085
3.345,0.0028964
3.35,0.0028843
3.355,0.0028723
3.36,0.0028604
3.365,0.0028485
3.37,0.0028366
3.375,0.0028248
3.38,0.002813
3.385,0.0028013
3.39,0.0027896
3.395,0.002778
3.4,0.0027664
3.405,0.0027548
3.41,0.0027433
3.415,0.0027318
3.42,0.0027204
3.425,0.002709
3.43,0.0026977
3.435,0.0026864
3.44,0.0026751
3.445,0.0026639
3.45,0.0026527
3.455,0.0026416
3.46,0.0026305
3.465,0.0026194
3.47,0.0026084
3.475,0.0025974
3.48,0.0025865
3.485,0.0025756
3.49,0.0025647
3.495,0.0025539
3.5,0.0025431
3.505,0.0025324
3.51,0.0025217
3.515,0.0025111
3.52,0.0025004
3.525,0.0024899
3.53,0.0024793
3.535,0.0024688
3.54,0.0024584
3.545,0.002448
3.55,0.0024376
3.555,0.0024272
3.56,0.0024169
3.565,0.0024067
3.57,0.0023965
3.575,0.0023863
3.58,0.0023761
3.585,0.002366
3.59,0.002356
3.595,0.002346
3.6,0.002336
3.605,0.002326
3.61,0.0023161
3.615,0.0023063
3.62,0.0022965
3.625,0.0022867
3.63,0.0022769
3.635,0.0022672
3.64,0.0022576
3.645,0.0022479
3.65,0.0022384
3.655,0.0022288
3.66,0.0022193
3.665,0.0022098
3.67,0.0022004
3.675,0.002191
3.68,0.0021817
3.685,0.0021724
3.69,0.0021631
3.695,0.0021538
3.7,0.0021447
3.705,0.0021355
3.71,0.0021264
3.715,0.0021173
3.72,0.0021083
3.725,0.0020993
3.73,0.0020903
3.735,0.0020814
3.74,0.0020725
3.745,0.0020636
3.75,0.0020548
3.755,0.002046
3.76,0.0020373
3.765,0.0020286
3.77,0.0020199
3.775,0.0020113
3.78,0.0020027
3.785,0.0019942
3.79,0.0019857
3.795,0.0019772
3.8,0.0019687
3.805,0.0019603
3.81,0.001952
3.815,0.0019436
3.82,0.0019354
3.825,0.0019271
3.83,0.0019189
3.835,0.0019107
3.84,0.0019025
3.845,0.0018944
3.85,0.0018864
3.855,0.0018783
3.86,0.0018703
3.865,0.0018623
3.87,0.0018544
3.875,0.0018465
3.88,0.0018387
3.885,0.0018308
3.89,0.001823
3.895,0.0018153
3.9,0.0018076
3.905,0.0017999
3.91,0.0017922
3.915,0.0017846
3.92,0.001777
3.925,0.0017695
3.93,0.001762
3.935,0.0017545
3.94,0.001747
3.945,0.0017396
3.95,0.0017322
3.955,0.0017249
3.96,0.0017176
3.965,0.0017103
3.97,0.001703
3.975,0.0016958
3.98,0.0016887
3.985,0.0016815
3.99,0.0016744
3.995,0.0016673
4,0.0016603
4.005,0.0016532
4.01,0.0016462
4.015,0.0016393
4.02,0.0016324
4.025,0.0016255
4.03,0.0016186
4.035,0.0016118
4.04,0.001605
4.045,0.0015982
4.05,0.0015915
4.055,0.0015848
4.06,0.0015781
4.065,0.0015715
4.07,0.0015649
4.075,0.0015583
4.08,0.0015517
4.085,0.0015452
4.09,0.0015387
4.095,0.0015323
4.1,0.0015258
4.105,0.0015194
4.11,0.0015131
4.115,0.0015067
4.12,0.0015004
4.125,0.0014941
4.13,0.0014879
4.135,0.0014817
4.14,0.0014755
4.145,0.0014693
4.15,0.0014632
4.155,0.0014571
4.16,0.001451
4.165,0.0014449
4.17,0.0014389
4.175,0.0014329
4.18,0.0014269
4.185,0.001421
4.19,0.0014151
4.195,0.0014092
4.2,0.0014034
4.205,0.0013975
4.21,0.0013917
4.215,0.0013859
4.22,0.0013802
4.225,0.0013745
4.23,0.0013688
4.235,0.0013631
4.24,0.0013575
4.245,0.0013518
4.25,0.0013463
4.255,0.0013407
4.26,0.0013352
4.265,0.0013296
4.27,0.0013242
4.275,0.0013187
4.28,0.0013133
4.285,0.0013079
4.29,0.0013025
4.295,0.0012971
4.3,0.0012918
4.305,0.0012865
4.31,0.0012812
4.315,0.0012759
4.32,0.0012707
4.325,0.0012655
4.33,0.0012603
4.335,0.0012551
4.34,0.00125
4.345,0.0012449
4.35,0.0012398
4.355,0.0012347
4.36,0.0012297
4.365,0.0012247
4.37,0.0012197
4.375,0.0012147
4.38,0.0012097
4.385,0.0012048
4.39,0.0011999
4.395,0.001195
4.4,0.0011902
4.405,0.0011853
4.41,0.0011805
4.415,0.0011757
4.42,0.001171
4.425,0.0011662
4.43,0.0011615
4.435,0.0011568
4.44,0.0011521
4.445,0.0011475
4.45,0.0011428
4.455,0.0011382
4.46,0.0011336
4.465,0.001129
4.47,0.0011245
4.475,0.00112
4.48,0.0011155
4.485,0.001111
4.49,0.0011065
4.495,0.0011021
4.5,0.0010976
4.505,0.0010932
4.51,0.0010889
4.515,0.0010845
4.52,0.0010802
4.525,0.0010758
4.53,0.0010715
4.535,0.0010672
4.54,0.001063
4.545,0.0010587
4.55,0.0010545
4.555,0.0010503
4.56,0.0010461
4.565,0.001042
4.57,0.0010378
4.575,0.0010337
4.58,0.0010296
4.585,0.0010255
4.59,0.0010214
4.595,0.0010174
4.6,0.0010134
4.605,0.0010093
4.61,0.0010053
4.615,0.0010014
4.62,0.00099742
4.625,0.00099348
4.63,0.00098956
4.635,0.00098566
4.64,0.00098177
4.645,0.00097791
4.65,0.00097406
4.655,0.00097023
4.66,0.00096641
4.665,0.00096262
4.67,0.00095884
4.675,0.00095508
4.68,0.00095134
4.685,0.00094761
4.69,0.0009439
4.695,0.00094021
4.7,0.00093654
4.705,0.00093288
4.71,0.00092924
4.715,0.00092561
4.72,0.00092201
4.725,0.00091842
4.73,0.00091484
4.735,0.00091128
4.74,0.00090774
4.745,0.00090422
4.75,0.00090071
4.755,0.00089721
4.76,0.00089373
4.765,0.00089027
4.77,0.00088683
4.775,0.0008834
4.78,0.00087998
4.785,0.00087658
4.79,0.0008732
4.795,0.00086983
4.8,0.00086648
4.805,0.00086314
4.81,0.00085982
4.815,0.00085652
4.82,0.00085322
4.825,0.00084995
4.83,0.00084669
4.835,0.00084344
4.84,0.00084021
4.845,0.00083699
4.85,0.00083379
4.855,0.0008306
4.86,0.00082742
4.865,0.00082427
4.87,0.00082112
4.875,0.00081799
4.88,0.00081487
4.885,0.00081177
4.89,0.00080868
4.895,0.00080561
4.9,0.00080255
4.905,0.0007995
4.91,0.00079647
4.915,0.00079345
4.92,0.00079044
4.925,0.00078745
4.93,0.00078447
4.935,0.0007815
4.94,0.00077855
4.945,0.00077561
4.95,0.00077269
4.955,0.00076978
4.96,0.00076688
4.965,0.00076399
4.97,0.00076112
4.975,0.00075826
4.98,0.00075541
4.985,0.00075258
4.99,0.00074975
4.995,0.00074694
5,0.00074415
