0,0
0.005,0
0.01,0
0.015,0
0.02,0
0.025,0
0.03,0
0.035,0
0.04,0
0.045,0
0.05,0
0.055,0
0.06,0
0.065,0
0.07,0
0.075,0
0.08,0
0.085,0
0.09,0
0.095,0
0.1,0
0.105,0
0.11,0
0.115,0
0.12,0
0.125,0
0.13,0
0.135,0
0.14,0
0.145,0
0.15,0
0.155,0
0.16,0
0.165,3.566e-297
0.17,1.933e-263
0.175,2.4989e-234
0.18,4.2225e-209
0.185,3.7525e-187
0.19,5.5165e-168
0.195,3.4621e-151
0.2,2.0404e-136
0.205,2.1818e-123
0.21,7.3573e-112
0.215,1.2466e-101
0.22,1.5744e-092
0.225,2.0718e-084
0.23,3.7796e-077
0.235,1.2206e-070
0.24,8.6086e-065
0.245,1.5886e-059
0.25,8.9679e-055
0.255,1.7733e-050
0.26,1.3817e-046
0.265,4.7002e-043
0.27,7.6361e-040
0.275,6.4089e-037
0.28,2.9773e-034
0.285,8.135e-032
0.29,1.3794e-029
0.295,1.5218e-027
0.3,1.1393e-025
0.305,6.008e-024
0.31,2.3069e-022
0.315,6.6434e-021
0.32,1.4733e-019
0.325,2.5762e-018
0.33,3.6281e-017
0.335,4.1941e-016
0.34,4.0484e-015
0.345,3.3136e-014
0.35,2.3321e-013
0.355,1.429e-012
0.36,7.7114e-012
0.365,3.7024e-011
0.37,1.5964e-010
0.375,6.2347e-010
0.38,2.2224e-009
0.385,7.2815e-009
0.39,2.207e-008
0.395,6.2242e-008
0.4,1.6421e-007
0.405,4.0727e-007
0.41,9.5379e-007
0.415,2.1179e-006
0.42,4.476e-006
0.425,9.0343e-006
0.43,1.747e-005
0.435,3.2463e-005
0.44,5.8122e-005
0.445,0.00010051
0.45,0.00016828
0.455,0.00027335
0.46,0.00043163
0.465,0.00066377
0.47,0.00099576
0.475,0.0014595
0.48,0.0020932
0.485,0.0029414
0.49,0.0040548
0.495,0.00549
0.5,0.0073084
0.505,0.0095757
0.51,0.01236
0.515,0.015731
0.52,0.019757
0.525,0.024505
0.53,0.030038
0.535,0.036413
0.54,0.043681
0.545,0.051883
0.55,0.061052
0.555,0.071208
0.56,0.082364
0.565,0.094517
0.57,0.10766
0.575,0.12176
0.58,0.1368
0.585,0.15273
0.59,0.16951
0.595,0.18707
0.6,0.20537
0.605,0.22434
0.61,0.24393
0.615,0.26409
0.62,0.28477
0.625,0.30594
0.63,0.32758
0.635,0.34971
0.64,0.37234
0.645,0.39553
0.65,0.41937
0.655,0.44399
0.66,0.46956
0.665,0.49629
0.67,0.52445
0.675,0.55434
0.68,0.58634
0.685,0.62088
0.69,0.65843
0.695,0.69953
0.7,0.74475
0.705,0.79472
0.71,0.85008
0.715,0.91146
0.72,0.97947
0.725,1.0546
0.73,1.1373
0.735,1.2278
0.74,1.3258
0.745,1.4309
0.75,1.5421
0.755,1.6578
0.76,1.7759
0.765,1.8935
0.77,2.0072
0.775,2.1132
0.78,2.2075
0.785,2.2861
0.79,2.3454
0.795,2.3825
0.8,2.3957
0.805,2.3885
0.81,2.366
0.815,2.329
0.82,2.2786
0.825,2.2165
0.83,2.1445
0.835,2.0645
0.84,1.9786
0.845,1.8888
0.85,1.7968
0.855,1.7044
0.86,1.613
0.865,1.524
0.87,1.4381
0.875,1.3562
0.88,1.2788
0.885,1.2061
0.89,1.1385
0.895,1.0758
0.9,1.018
0.905,0.96501
0.91,0.91649
0.915,0.87222
0.92,0.83192
0.925,0.79528
0.93,0.76201
0.935,0.73181
0.94,0.70439
0.945,0.67949
0.95,0.65684
0.955,0.63622
0.96,0.61739
0.965,0.60016
0.97,0.58434
0.975,0.56976
0.98,0.55628
0.985,0.54375
0.99,0.53207
0.995,0.52111
1,0.51078
1.005,0.50101
1.01,0.49171
1.015,0.48283
1.02,0.4743
1.025,0.46609
1.03,0.45815
1.035,0.45045
1.04,0.44296
1.045,0.43566
1.05,0.42852
1.055,0.42153
1.06,0.41467
1.065,0.40795
1.07,0.40134
1.075,0.39483
1.08,0.38844
1.085,0.38214
1.09,0.37593
1.095,0.36982
1.1,0.3638
1.105,0.35787
1.11,0.35203
1.115,0.34627
1.12,0.3406
1.125,0.33502
1.13,0.32951
1.135,0.3241
1.14,0.31876
1.145,0.31351
1.15,0.30833
1.155,0.30324
1.16,0.29823
1.165,0.29329
1.17,0.28844
1.175,0.28366
1.18,0.27897
1.185,0.27434
1.19,0.2698
1.195,0.26532
1.2,0.26093
1.205,0.2566
1.21,0.25235
1.215,0.24817
1.22,0.24406
1.225,0.24002
1.23,0.23604
1.235,0.23214
1.24,0.2283
1.245,0.22453
1.25,0.22082
1.255,0.21718
1.26,0.2136
1.265,0.21008
1.27,0.20663
1.275,0.20323
1.28,0.19989
1.285,0.19661
1.29,0.19339
1.295,0.19023
1.3,0.18712
1.305,0.18406
1.31,0.18106
1.315,0.17811
1.32,0.17522
1.325,0.17237
1.33,0.16958
1.335,0.16683
1.34,0.16414
1.345,0.16149
1.35,0.15888
1.355,0.15633
1.36,0.15382
1.365,0.15135
1.37,0.14893
1.375,0.14655
1.38,0.14421
1.385,0.14191
1.39,0.13966
1.395,0.13744
1.4,0.13526
1.405,0.13313
1.41,0.13102
1.415,0.12896
1.42,0.12693
1.425,0.12494
1.43,0.12299
1.435,0.12106
1.44,0.11917
1.445,0.11732
1.45,0.1155
1.455,0.11371
1.46,0.11195
1.465,0.11022
1.47,0.10852
1.475,0.10685
1.48,0.10521
1.485,0.1036
1.49,0.10202
1.495,0.10046
1.5,0.098932
1.505,0.09743
1.51,0.095954
1.515,0.094503
1.52,0.093077
1.525,0.091676
1.53,0.090299
1.535,0.088946
1.54,0.087616
1.545,0.086309
1.55,0.085024
1.555,0.083761
1.56,0.082519
1.565,0.081299
1.57,0.080099
