0,0
0.005,0
0.01,0
0.015,0
0.02,0
0.025,0
0.03,0
0.035,0
0.04,0
0.045,0
0.05,0
0.055,0
0.06,0
0.065,0
0.07,0
0.075,0
0.08,0
0.085,0
0.09,0
0.095,0
0.1,0
0.105,0
0.11,0
0.115,0
0.12,0
0.125,0
0.13,0
0.135,0
0.14,0
0.145,0
0.15,0
0.155,0
0.16,0
0.165,0
0.17,0
0.175,0
0.18,0
0.185,0
0.19,0
0.195,0
0.2,0
0.205,0
0.21,0
0.215,0
0.22,0
0.225,0
0.23,0
0.235,0
0.24,0
0.245,0
0.25,0
0.255,0
0.26,0
0.265,9.7208e-319
0.27,1.1734e-295
0.275,1.2767e-274
0.28,2.049e-255
0.285,7.4753e-238
0.29,9.0781e-222
0.295,5.1425e-207
0.3,1.8323e-193
0.305,5.3556e-181
0.31,1.6263e-169
0.315,6.3333e-159
0.32,3.818e-149
0.325,4.2159e-140
0.33,9.9164e-132
0.335,5.689e-124
0.34,8.992e-117
0.345,4.3699e-110
0.35,7.209e-104
0.355,4.4147e-098
0.36,1.0882e-092
0.365,1.1618e-087
0.37,5.7419e-083
0.375,1.3955e-078
0.38,1.7622e-074
0.385,1.2155e-070
0.39,4.7935e-067
0.395,1.1269e-063
0.4,1.6406e-060
0.405,1.5315e-057
0.41,9.4657e-055
0.415,3.9886e-052
0.42,1.1771e-049
0.425,2.4937e-047
0.43,3.8801e-045
0.435,4.5276e-043
0.44,4.0395e-041
0.445,2.8052e-039
0.45,1.5414e-037
0.455,6.8042e-036
0.46,2.4473e-034
0.465,7.2657e-033
0.47,1.8022e-031
0.475,3.7769e-030
0.48,6.7574e-029
0.485,1.0422e-027
0.49,1.3979e-026
0.495,1.6446e-025
0.5,1.7102e-024
0.505,1.5834e-023
0.51,1.3141e-022
0.515,9.8369e-022
0.52,6.6815e-021
0.525,4.1404e-020
0.53,2.3529e-019
0.535,1.2321e-018
0.54,5.972e-018
0.545,2.6906e-017
0.55,1.1312e-016
0.555,4.4549e-016
0.56,1.649e-015
0.565,5.7557e-015
0.57,1.9003e-014
0.575,5.9514e-014
0.58,1.7729e-013
0.585,5.0363e-013
0.59,1.3676e-012
0.595,3.5578e-012
0.6,8.8865e-012
0.605,2.1353e-011
0.61,4.9453e-011
0.615,1.1059e-010
0.62,2.3919e-010
0.625,5.0116e-010
0.63,1.0188e-009
0.635,2.0121e-009
0.64,3.8661e-009
0.645,7.2363e-009
0.65,1.321e-008
0.655,2.3546e-008
0.66,4.1024e-008
0.665,6.9936e-008
0.67,1.1677e-007
0.675,1.9114e-007
0.68,3.0698e-007
0.685,4.8415e-007
0.69,7.5041e-007
0.695,1.1439e-006
0.7,1.7163e-006
0.705,2.5361e-006
0.71,3.6933e-006
0.715,5.3037e-006
0.72,7.5149e-006
0.725,1.0512e-005
0.73,1.4525e-005
0.735,1.9834e-005
0.74,2.6779e-005
0.745,3.5764e-005
0.75,4.7269e-005
0.755,6.1851e-005
0.76,8.0157e-005
0.765,0.00010293
0.77,0.00013099
0.775,0.0001653
0.78,0.00020688
0.785,0.00025689
0.79,0.00031659
0.795,0.00038731
0.8,0.00047052
0.805,0.00056776
0.81,0.00068065
0.815,0.00081089
0.82,0.00096025
0.825,0.0011305
0.83,0.0013236
0.835,0.0015413
0.84,0.0017854
0.845,0.002058
0.85,0.0023606
0.855,0.0026953
0.86,0.0030635
0.865,0.003467
0.87,0.0039073
0.875,0.0043858
0.88,0.0049036
0.885,0.0054621
0.89,0.0060621
0.895,0.0067045
0.9,0.0073898
0.905,0.0081187
0.91,0.0088912
0.915,0.0097076
0.92,0.010568
0.925,0.011471
0.93,0.012418
0.935,0.013407
0.94,0.014438
0.945,0.015509
0.95,0.01662
0.955,0.017769
0.96,0.018955
0.965,0.020177
0.97,0.021434
0.975,0.022722
0.98,0.024042
0.985,0.025392
0.99,0.026769
0.995,0.028173
1,0.029602
1.005,0.031055
1.01,0.03253
1.015,0.034027
1.02,0.035546
1.025,0.037085
1.03,0.038645
1.035,0.040226
1.04,0.041829
1.045,0.043454
1.05,0.045104
1.055,0.046781
1.06,0.048487
1.065,0.050226
1.07,0.052002
1.075,0.05382
1.08,0.055685
1.085,0.057604
1.09,0.059584
1.095,0.061632
1.1,0.063758
1.105,0.065972
1.11,0.068283
1.115,0.070705
1.12,0.073249
1.125,0.075929
1.13,0.078758
1.135,0.081753
1.14,0.084929
1.145,0.088302
1.15,0.091889
1.155,0.095708
1.16,0.099776
1.165,0.10411
1.17,0.10873
1.175,0.11364
1.18,0.11886
1.185,0.12441
1.19,0.13029
1.195,0.13651
1.2,0.14307
1.205,0.14996
1.21,0.15718
1.215,0.1647
1.22,0.1725
1.225,0.18054
1.23,0.18878
1.235,0.19716
1.24,0.20561
1.245,0.21407
1.25,0.22243
1.255,0.23061
1.26,0.23851
1.265,0.24602
1.27,0.25302
1.275,0.25941
1.28,0.26509
1.285,0.26996
1.29,0.27393
1.295,0.27692
1.3,0.2789
1.305,0.2798
1.31,0.27972
1.315,0.27893
1.32,0.27747
1.325,0.27536
1.33,0.27262
1.335,0.2693
1.34,0.26542
1.345,0.26104
1.35,0.2562
1.355,0.25095
1.36,0.24535
1.365,0.23945
1.37,0.23331
1.375,0.22697
1.38,0.2205
1.385,0.21394
1.39,0.20733
1.395,0.20072
1.4,0.19414
1.405,0.18764
1.41,0.18124
1.415,0.17498
1.42,0.16886
1.425,0.16292
1.43,0.15716
1.435,0.1516
1.44,0.14625
1.445,0.14111
1.45,0.1362
1.455,0.1315
1.46,0.12701
1.465,0.12275
1.47,0.1187
1.475,0.11485
1.48,0.1112
1.485,0.10776
1.49,0.10449
1.495,0.10141
1.5,0.098503
1.505,0.095759
1.51,0.093171
1.515,0.090731
1.52,0.088431
1.525,0.086264
1.53,0.084222
1.535,0.082297
1.54,0.080482
1.545,0.07877
1.55,0.077154
1.555,0.075629
1.56,0.074188
1.565,0.072825
1.57,0.071534
1.575,0.070312
1.58,0.069151
1.585,0.068049
1.59,0.067
1.595,0.066001
1.6,0.065048
1.605,0.064137
1.61,0.063265
1.615,0.062428
1.62,0.061625
1.625,0.060851
1.63,0.060105
1.635,0.059385
1.64,0.058687
1.645,0.058011
1.65,0.057355
1.655,0.056716
1.66,0.056094
1.665,0.055487
1.67,0.054894
1.675,0.054314
1.68,0.053745
1.685,0.053187
1.69,0.052639
1.695,0.0521
1.7,0.05157
1.705,0.051047
1.71,0.050532
1.715,0.050024
1.72,0.049523
1.725,0.049027
1.73,0.048538
1.735,0.048054
1.74,0.047575
1.745,0.047101
1.75,0.046632
1.755,0.046168
1.76,0.045709
1.765,0.045254
1.77,0.044803
1.775,0.044356
1.78,0.043914
1.785,0.043476
1.79,0.043041
1.795,0.042611
1.8,0.042184
1.805,0.041762
1.81,0.041343
1.815,0.040928
1.82,0.040517
1.825,0.040109
1.83,0.039706
1.835,0.039306
1.84,0.038909
1.845,0.038517
1.85,0.038128
1.855,0.037742
1.86,0.037361
1.865,0.036982
1.87,0.036608
1.875,0.036237
1.88,0.035869
1.885,0.035505
1.89,0.035145
1.895,0.034788
1.9,0.034434
1.905,0.034084
1.91,0.033738
1.915,0.033395
1.92,0.033055
1.925,0.032719
1.93,0.032385
1.935,0.032056
1.94,0.031729
1.945,0.031406
1.95,0.031087
1.955,0.03077
1.96,0.030457
1.965,0.030146
1.97,0.02984
1.975,0.029536
1.98,0.029235
1.985,0.028938
1.99,0.028643
1.995,0.028352
2,0.028063
2.005,0.027778
2.01,0.027496
2.015,0.027216
2.02,0.02694
2.025,0.026666
2.03,0.026395
2.035,0.026127
2.04,0.025863
2.045,0.0256
2.05,0.025341
2.055,0.025084
2.06,0.02483
2.065,0.024579
2.07,0.024331
2.075,0.024085
2.08,0.023842
2.085,0.023601
2.09,0.023363
2.095,0.023127
2.1,0.022894
2.105,0.022664
2.11,0.022436
2.115,0.022211
2.12,0.021987
2.125,0.021767
2.13,0.021549
2.135,0.021333
2.14,0.021119
2.145,0.020908
2.15,0.020699
2.155,0.020492
2.16,0.020288
2.165,0.020085
2.17,0.019885
2.175,0.019687
2.18,0.019492
2.185,0.019298
2.19,0.019107
2.195,0.018917
2.2,0.01873
2.205,0.018544
2.21,0.018361
2.215,0.01818
2.22,0.018
2.225,0.017823
2.23,0.017648
2.235,0.017474
2.24,0.017302
2.245,0.017132
2.25,0.016965
2.255,0.016798
2.26,0.016634
2.265,0.016471
2.27,0.016311
2.275,0.016152
2.28,0.015994
2.285,0.015839
2.29,0.015685
2.295,0.015533
2.3,0.015382
2.305,0.015233
2.31,0.015086
2.315,0.01494
2.32,0.014796
2.325,0.014653
2.33,0.014512
2.335,0.014373
2.34,0.014234
2.345,0.014098
2.35,0.013963
2.355,0.013829
2.36,0.013697
2.365,0.013566
2.37,0.013437
2.375,0.013309
2.38,0.013182
2.385,0.013057
2.39,0.012933
2.395,0.012811
2.4,0.01269
2.405,0.01257
2.41,0.012451
2.415,0.012334
2.42,0.012218
2.425,0.012103
2.43,0.011989
2.435,0.011877
2.44,0.011765
2.445,0.011655
2.45,0.011547
2.455,0.011439
2.46,0.011332
2.465,0.011227
2.47,0.011123
2.475,0.011019
2.48,0.010917
2.485,0.010816
2.49,0.010716
2.495,0.010617
2.5,0.010519
2.505,0.010423
2.51,0.010327
2.515,0.010232
2.52,0.010138
2.525,0.010045
2.53,0.0099535
2.535,0.0098627
2.54,0.0097727
2.545,0.0096838
2.55,0.0095957
2.555,0.0095086
2.56,0.0094224
2.565,0.009337
2.57,0.0092526
2.575,0.0091691
2.58,0.0090864
2.585,0.0090045
2.59,0.0089236
2.595,0.0088434
2.6,0.0087641
2.605,0.0086856
2.61,0.008608
2.615,0.0085311
2.62,0.008455
2.625,0.0083797
2.63,0.0083052
2.635,0.0082314
2.64,0.0081584
2.645,0.0080862
2.65,0.0080147
2.655,0.0079439
2.66,0.0078739
2.665,0.0078045
2.67,0.0077359
2.675,0.007668
2.68,0.0076007
2.685,0.0075342
2.69,0.0074683
2.695,0.0074031
2.7,0.0073385
2.705,0.0072746
2.71,0.0072114
2.715,0.0071488
2.72,0.0070868
2.725,0.0070254
2.73,0.0069647
2.735,0.0069046
2.74,0.0068451
2.745,0.0067861
2.75,0.0067278
2.755,0.00667
2.76,0.0066129
2.765,0.0065563
2.77,0.0065002
2.775,0.0064447
2.78,0.0063898
2.785,0.0063354
2.79,0.0062816
2.795,0.0062283
2.8,0.0061755
2.805,0.0061232
2.81,0.0060715
2.815,0.0060202
2.82,0.0059695
2.825,0.0059193
2.83,0.0058695
2.835,0.0058203
2.84,0.0057715
2.845,0.0057232
2.85,0.0056754
2.855,0.005628
2.86,0.0055812
2.865,0.0055347
2.87,0.0054887
2.875,0.0054432
2.88,0.0053981
2.885,0.0053535
2.89,0.0053092
2.895,0.0052654
2.9,0.0052221
2.905,0.0051791
2.91,0.0051366
2.915,0.0050944
2.92,0.0050527
2.925,0.0050114
2.93,0.0049705
2.935,0.0049299
2.94,0.0048898
2.945,0.00485
2.95,0.0048106
2.955,0.0047716
2.96,0.004733
2.965,0.0046947
2.97,0.0046568
2.975,0.0046192
2.98,0.004582
2.985,0.0045452
2.99,0.0045087
2.995,0.0044726
3,0.0044367
3.005,0.0044013
3.01,0.0043661
3.015,0.0043313
3.02,0.0042968
3.025,0.0042627
3.03,0.0042288
3.035,0.0041953
3.04,0.0041621
3.045,0.0041292
3.05,0.0040966
3.055,0.0040643
3.06,0.0040323
3.065,0.0040006
3.07,0.0039692
3.075,0.0039381
3.08,0.0039072
3.085,0.0038767
3.09,0.0038464
3.095,0.0038164
3.1,0.0037867
3.105,0.0037573
3.11,0.0037281
3.115,0.0036992
3.12,0.0036706
3.125,0.0036422
3.13,0.0036141
3.135,0.0035862
3.14,0.0035586
3.145,0.0035313
3.15,0.0035041
3.155,0.0034773
3.16,0.0034507
3.165,0.0034243
3.17,0.0033981
3.175,0.0033722
3.18,0.0033466
3.185,0.0033211
3.19,0.0032959
3.195,0.0032709
3.2,0.0032461
3.205,0.0032216
3.21,0.0031973
3.215,0.0031732
3.22,0.0031493
3.225,0.0031256
3.23,0.0031021
3.235,0.0030788
3.24,0.0030558
3.245,0.0030329
3.25,0.0030103
3.255,0.0029878
3.26,0.0029656
3.265,0.0029435
3.27,0.0029217
3.275,0.0029
3.28,0.0028785
3.285,0.0028572
3.29,0.0028361
3.295,0.0028152
3.3,0.0027944
3.305,0.0027739
3.31,0.0027535
3.315,0.0027333
3.32,0.0027133
3.325,0.0026934
3.33,0.0026737
3.335,0.0026542
3.34,0.0026349
3.345,0.0026157
3.35,0.0025967
3.355,0.0025778
3.36,0.0025592
3.365,0.0025406
3.37,0.0025223
3.375,0.0025041
3.38,0.002486
3.385,0.0024681
3.39,0.0024503
3.395,0.0024328
3.4,0.0024153
3.405,0.002398
3.41,0.0023809
3.415,0.0023639
3.42,0.002347
3.425,0.0023303
3.43,0.0023137
3.435,0.0022973
3.44,0.002281
3.445,0.0022648
3.45,0.0022488
3.455,0.0022329
3.46,0.0022171
3.465,0.0022015
3.47,0.002186
3.475,0.0021706
3.48,0.0021554
3.485,0.0021403
3.49,0.0021253
3.495,0.0021104
3.5,0.0020957
3.505,0.0020811
3.51,0.0020666
3.515,0.0020522
3.52,0.0020379
3.525,0.0020238
3.53,0.0020098
3.535,0.0019959
3.54,0.0019821
3.545,0.0019684
3.55,0.0019548
3.555,0.0019413
3.56,0.001928
3.565,0.0019148
3.57,0.0019016
3.575,0.0018886
3.58,0.0018757
3.585,0.0018629
3.59,0.0018502
3.595,0.0018376
3.6,0.0018251
3.605,0.0018126
3.61,0.0018003
3.615,0.0017881
3.62,0.001776
3.625,0.001764
3.63,0.0017521
3.635,0.0017403
3.64,0.0017286
3.645,0.0017169
3.65,0.0017054
3.655,0.001694
3.66,0.0016826
3.665,0.0016714
3.67,0.0016602
3.675,0.0016491
3.68,0.0016381
3.685,0.0016272
3.69,0.0016164
3.695,0.0016056
3.7,0.001595
3.705,0.0015844
3.71,0.0015739
3.715,0.0015635
3.72,0.0015532
3.725,0.001543
3.73,0.0015328
3.735,0.0015227
3.74,0.0015127
3.745,0.0015028
3.75,0.001493
3.755,0.0014832
3.76,0.0014735
3.765,0.0014639
3.77,0.0014544
3.775,0.0014449
3.78,0.0014355
3.785,0.0014262
3.79,0.0014169
3.795,0.0014077
3.8,0.0013986
3.805,0.0013896
3.81,0.0013806
3.815,0.0013717
3.82,0.0013629
3.825,0.0013541
3.83,0.0013454
3.835,0.0013368
3.84,0.0013282
3.845,0.0013197
3.85,0.0013113
3.855,0.0013029
3.86,0.0012946
3.865,0.0012864
3.87,0.0012782
3.875,0.0012701
3.88,0.001262
3.885,0.001254
3.89,0.0012461
3.895,0.0012382
3.9,0.0012304
3.905,0.0012226
3.91,0.0012149
3.915,0.0012073
3.92,0.0011997
3.925,0.0011922
3.93,0.0011847
3.935,0.0011773
3.94,0.0011699
3.945,0.0011626
3.95,0.0011554
3.955,0.0011482
3.96,0.001141
3.965,0.0011339
3.97,0.0011269
3.975,0.0011199
3.98,0.001113
3.985,0.0011061
3.99,0.0010993
3.995,0.0010925
4,0.0010857
4.005,0.0010791
4.01,0.0010724
4.015,0.0010658
4.02,0.0010593
4.025,0.0010528
4.03,0.0010464
4.035,0.00104
4.04,0.0010336
4.045,0.0010273
4.05,0.0010211
4.055,0.0010149
4.06,0.0010087
4.065,0.0010026
4.07,0.00099649
4.075,0.00099045
4.08,0.00098446
4.085,0.00097851
4.09,0.00097261
4.095,0.00096675
4.1,0.00096093
4.105,0.00095515
4.11,0.00094941
4.115,0.00094372
4.12,0.00093806
4.125,0.00093245
4.13,0.00092687
4.135,0.00092134
4.14,0.00091584
4.145,0.00091039
4.15,0.00090497
4.155,0.00089959
4.16,0.00089425
4.165,0.00088895
4.17,0.00088368
4.175,0.00087845
4.18,0.00087326
4.185,0.00086811
4.19,0.00086299
4.195,0.00085791
4.2,0.00085286
4.205,0.00084785
4.21,0.00084287
4.215,0.00083793
4.22,0.00083302
4.225,0.00082815
4.23,0.00082331
4.235,0.00081851
4.24,0.00081374
4.245,0.000809
4.25,0.00080429
4.255,0.00079962
4.26,0.00079498
4.265,0.00079037
4.27,0.0007858
4.275,0.00078125
4.28,0.00077674
4.285,0.00077226
4.29,0.00076781
4.295,0.00076339
4.3,0.000759
4.305,0.00075464
4.31,0.00075031
4.315,0.000746
4.32,0.00074173
4.325,0.00073749
4.33,0.00073328
4.335,0.00072909
4.34,0.00072494
4.345,0.00072081
4.35,0.00071671
4.355,0.00071264
4.36,0.0007086
4.365,0.00070458
4.37,0.00070059
4.375,0.00069663
4.38,0.00069269
4.385,0.00068878
4.39,0.0006849
4.395,0.00068104
4.4,0.00067721
4.405,0.00067341
4.41,0.00066963
4.415,0.00066587
4.42,0.00066214
4.425,0.00065844
4.43,0.00065476
4.435,0.00065111
4.44,0.00064748
4.445,0.00064387
4.45,0.00064029
4.455,0.00063673
4.46,0.00063319
4.465,0.00062968
4.47,0.00062619
4.475,0.00062273
4.48,0.00061929
4.485,0.00061587
4.49,0.00061247
4.495,0.0006091
4.5,0.00060574
4.505,0.00060241
4.51,0.0005991
4.515,0.00059582
4.52,0.00059255
4.525,0.00058931
4.53,0.00058609
4.535,0.00058288
4.54,0.0005797
4.545,0.00057654
4.55,0.0005734
4.555,0.00057029
4.56,0.00056719
4.565,0.00056411
4.57,0.00056105
4.575,0.00055801
4.58,0.00055499
4.585,0.00055199
4.59,0.00054901
4.595,0.00054605
4.6,0.00054311
4.605,0.00054019
4.61,0.00053728
4.615,0.0005344
4.62,0.00053153
4.625,0.00052868
4.63,0.00052585
4.635,0.00052304
4.64,0.00052024
4.645,0.00051747
4.65,0.00051471
4.655,0.00051197
4.66,0.00050924
4.665,0.00050654
4.67,0.00050385
4.675,0.00050118
4.68,0.00049852
4.685,0.00049588
4.69,0.00049326
4.695,0.00049065
4.7,0.00048807
4.705,0.00048549
4.71,0.00048294
4.715,0.0004804
4.72,0.00047787
4.725,0.00047536
4.73,0.00047287
4.735,0.00047039
4.74,0.00046793
4.745,0.00046549
4.75,0.00046306
4.755,0.00046064
4.76,0.00045824
4.765,0.00045585
4.77,0.00045348
4.775,0.00045113
4.78,0.00044879
4.785,0.00044646
4.79,0.00044415
4.795,0.00044185
4.8,0.00043957
4.805,0.0004373
4.81,0.00043504
4.815,0.0004328
4.82,0.00043057
4.825,0.00042836
4.83,0.00042615
4.835,0.00042397
4.84,0.00042179
4.845,0.00041963
4.85,0.00041749
4.855,0.00041535
4.86,0.00041323
4.865,0.00041112
4.87,0.00040903
4.875,0.00040694
4.88,0.00040488
4.885,0.00040282
4.89,0.00040077
4.895,0.00039874
4.9,0.00039672
4.905,0.00039471
4.91,0.00039272
4.915,0.00039073
4.92,0.00038876
4.925,0.0003868
4.93,0.00038485
4.935,0.00038292
4.94,0.00038099
4.945,0.00037908
4.95,0.00037718
4.955,0.00037529
4.96,0.00037341
4.965,0.00037154
4.97,0.00036969
4.975,0.00036784
4.98,0.00036601
4.985,0.00036419
4.99,0.00036237
4.995,0.00036057
5,0.00035878
5.005,0.000357
5.01,0.00035523
5.015,0.00035347
5.02,0.00035172
5.025,0.00034998
5.03,0.00034826
5.035,0.00034654
5.04,0.00034483
5.045,0.00034313
5.05,0.00034144
5.055,0.00033977
5.06,0.0003381
5.065,0.00033644
5.07,0.00033479
5.075,0.00033315
5.08,0.00033152
5.085,0.00032991
5.09,0.00032829
5.095,0.00032669
5.1,0.0003251
5.105,0.00032352
5.11,0.00032195
5.115,0.00032038
5.12,0.00031883
5.125,0.00031728
5.13,0.00031575
5.135,0.00031422
5.14,0.0003127
5.145,0.00031119
5.15,0.00030969
5.155,0.0003082
5.16,0.00030671
5.165,0.00030524
5.17,0.00030377
5.175,0.00030231
5.18,0.00030086
5.185,0.00029942
5.19,0.00029798
5.195,0.00029656
5.2,0.00029514
5.205,0.00029373
5.21,0.00029233
5.215,0.00029094
5.22,0.00028955
5.225,0.00028817
5.23,0.00028681
5.235,0.00028544
5.24,0.00028409
5.245,0.00028274
5.25,0.0002814
5.255,0.00028007
5.26,0.00027875
5.265,0.00027743
5.27,0.00027613
5.275,0.00027482
5.28,0.00027353
5.285,0.00027224
5.29,0.00027096
5.295,0.00026969
5.3,0.00026843
5.305,0.00026717
5.31,0.00026592
5.315,0.00026467
5.32,0.00026344
5.325,0.00026221
5.33,0.00026098
5.335,0.00025977
5.34,0.00025856
5.345,0.00025736
5.35,0.00025616
5.355,0.00025497
5.36,0.00025379
5.365,0.00025261
5.37,0.00025144
5.375,0.00025028
5.38,0.00024912
5.385,0.00024797
5.39,0.00024683
5.395,0.00024569
5.4,0.00024456
5.405,0.00024343
5.41,0.00024231
5.415,0.0002412
5.42,0.00024009
5.425,0.00023899
5.43,0.0002379
5.435,0.00023681
5.44,0.00023573
5.445,0.00023465
5.45,0.00023358
5.455,0.00023251
5.46,0.00023146
5.465,0.0002304
5.47,0.00022935
5.475,0.00022831
5.48,0.00022728
5.485,0.00022625
5.49,0.00022522
5.495,0.0002242
5.5,0.00022319
5.505,0.00022218
5.51,0.00022117
5.515,0.00022018
5.52,0.00021919
5.525,0.0002182
5.53,0.00021722
5.535,0.00021624
5.54,0.00021527
5.545,0.0002143
5.55,0.00021334
5.555,0.00021239
5.56,0.00021144
5.565,0.00021049
5.57,0.00020955
5.575,0.00020862
5.58,0.00020769
5.585,0.00020676
5.59,0.00020584
5.595,0.00020493
5.6,0.00020401
5.605,0.00020311
5.61,0.00020221
5.615,0.00020131
5.62,0.00020042
5.625,0.00019953
5.63,0.00019865
5.635,0.00019778
5.64,0.0001969
5.645,0.00019603
5.65,0.00019517
5.655,0.00019431
5.66,0.00019346
5.665,0.00019261
5.67,0.00019176
5.675,0.00019092
5.68,0.00019009
5.685,0.00018925
5.69,0.00018843
5.695,0.0001876
5.7,0.00018678
5.705,0.00018597
5.71,0.00018516
5.715,0.00018435
5.72,0.00018355
5.725,0.00018275
5.73,0.00018196
5.735,0.00018117
5.74,0.00018038
5.745,0.0001796
5.75,0.00017882
5.755,0.00017805
5.76,0.00017728
5.765,0.00017651
5.77,0.00017575
5.775,0.000175
5.78,0.00017424
5.785,0.00017349
5.79,0.00017275
5.795,0.000172
5.8,0.00017127
5.805,0.00017053
5.81,0.0001698
5.815,0.00016907
5.82,0.00016835
5.825,0.00016763
5.83,0.00016692
5.835,0.0001662
5.84,0.0001655
5.845,0.00016479
5.85,0.00016409
5.855,0.00016339
5.86,0.0001627
5.865,0.00016201
5.87,0.00016132
5.875,0.00016064
5.88,0.00015996
5.885,0.00015928
5.89,0.00015861
5.895,0.00015794
5.9,0.00015727
5.905,0.00015661
5.91,0.00015595
5.915,0.00015529
5.92,0.00015464
5.925,0.00015399
5.93,0.00015334
5.935,0.0001527
5.94,0.00015206
5.945,0.00015142
5.95,0.00015079
5.955,0.00015016
5.96,0.00014953
5.965,0.0001489
5.97,0.00014828
5.975,0.00014767
5.98,0.00014705
5.985,0.00014644
5.99,0.00014583
5.995,0.00014522
6,0.00014462
6.005,0.00014402
6.01,0.00014343
6.015,0.00014283
6.02,0.00014224
6.025,0.00014165
6.03,0.00014107
6.035,0.00014049
6.04,0.00013991
6.045,0.00013933
6.05,0.00013876
6.055,0.00013819
6.06,0.00013762
6.065,0.00013705
6.07,0.00013649
6.075,0.00013593
6.08,0.00013537
6.085,0.00013482
6.09,0.00013427
6.095,0.00013372
6.1,0.00013317
6.105,0.00013263
6.11,0.00013209
6.115,0.00013155
6.12,0.00013102
6.125,0.00013048
6.13,0.00012995
6.135,0.00012943
6.14,0.0001289
6.145,0.00012838
6.15,0.00012786
6.155,0.00012734
6.16,0.00012683
6.165,0.00012631
6.17,0.0001258
6.175,0.0001253
6.18,0.00012479
6.185,0.00012429
6.19,0.00012379
6.195,0.00012329
6.2,0.0001228
6.205,0.0001223
6.21,0.00012181
6.215,0.00012132
6.22,0.00012084
6.225,0.00012035
6.23,0.00011987
6.235,0.00011939
6.24,0.00011892
6.245,0.00011844
6.25,0.00011797
6.255,0.0001175
6.26,0.00011703
6.265,0.00011657
6.27,0.0001161
6.275,0.00011564
6.28,0.00011518
