0,0
0.005,0
0.01,0
0.015,0
0.02,0
0.025,0
0.03,0
0.035,0
0.04,0
0.045,0
0.05,0
0.055,0
0.06,0
0.065,0
0.07,0
0.075,0
0.08,0
0.085,0
0.09,0
0.095,0
0.1,0
0.105,0
0.11,0
0.115,0
0.12,0
0.125,0
0.13,0
0.135,0
0.14,0
0.145,0
0.15,0
0.155,0
0.16,0
0.165,0
0.17,0
0.175,0
0.18,0
0.185,0
0.19,0
0.195,0
0.2,0
0.205,7.4343e-315
0.21,9.9829e-286
0.215,7.1195e-260
0.22,7.284e-237
0.225,2.487e-216
0.23,5.8215e-198
0.235,1.7299e-181
0.24,1.1077e-166
0.245,2.4109e-153
0.25,2.6443e-141
0.255,2.0565e-130
0.26,1.5258e-120
0.265,1.3987e-111
0.27,1.9862e-103
0.275,5.3256e-096
0.28,3.2088e-089
0.285,5.0634e-083
0.29,2.3954e-077
0.295,3.8284e-072
0.3,2.2982e-067
0.305,5.6928e-063
0.31,6.3267e-059
0.315,3.3989e-055
0.32,9.4355e-052
0.325,1.4366e-048
0.33,1.2655e-045
0.335,6.7666e-043
0.34,2.2931e-040
0.345,5.12e-038
0.35,7.8012e-036
0.355,8.3722e-034
0.36,6.5126e-032
0.365,3.7686e-030
0.37,1.6609e-028
0.375,5.6956e-027
0.38,1.5496e-025
0.385,3.4048e-024
0.39,6.14e-023
0.395,9.2228e-022
0.4,1.1696e-020
0.405,1.2678e-019
0.41,1.188e-018
0.415,9.7239e-018
0.42,7.0188e-017
0.425,4.5069e-016
0.43,2.5953e-015
0.435,1.3502e-014
0.44,6.39e-014
0.445,2.7683e-013
0.45,1.1043e-012
0.455,4.0779e-012
0.46,1.401e-011
0.465,4.4985e-011
0.47,1.3558e-010
0.475,3.851e-010
0.48,1.0345e-009
0.485,2.6377e-009
0.49,6.403e-009
0.495,1.4842e-008
0.5,3.2943e-008
0.505,7.0193e-008
0.51,1.4392e-007
0.515,2.8459e-007
0.52,5.4386e-007
0.525,1.0064e-006
0.53,1.8066e-006
0.535,3.1512e-006
0.54,5.3496e-006
0.545,8.8519e-006
0.55,1.4297e-005
0.555,2.2567e-005
0.56,3.4858e-005
0.565,5.2748e-005
0.57,7.828e-005
0.575,0.00011405
0.58,0.00016328
0.585,0.00022991
0.59,0.00031868
0.595,0.00043517
0.6,0.00058586
0.605,0.00077815
0.61,0.0010204
0.615,0.0013218
0.62,0.0016925
0.625,0.0021433
0.63,0.0026859
0.635,0.0033323
0.64,0.0040949
0.645,0.0049865
0.65,0.0060199
0.655,0.0072076
0.66,0.0085619
0.665,0.010094
0.67,0.011816
0.675,0.013736
0.68,0.015865
0.685,0.018209
0.69,0.020775
0.695,0.023567
0.7,0.026588
0.705,0.029841
0.71,0.033324
0.715,0.037037
0.72,0.040976
0.725,0.045135
0.73,0.04951
0.735,0.054092
0.74,0.058873
0.745,0.063843
0.75,0.068993
0.755,0.074311
0.76,0.079787
0.765,0.085411
0.77,0.091172
0.775,0.097062
0.78,0.10307
0.785,0.1092
0.79,0.11543
0.795,0.12178
0.8,0.12823
0.805,0.1348
0.81,0.1415
0.815,0.14834
0.82,0.15534
0.825,0.16253
0.83,0.16993
0.835,0.17758
0.84,0.18554
0.845,0.19385
0.85,0.20257
0.855,0.21177
0.86,0.22153
0.865,0.23193
0.87,0.24306
0.875,0.25502
0.88,0.26793
0.885,0.28189
0.89,0.29701
0.895,0.31342
0.9,0.33123
0.905,0.35056
0.91,0.37151
0.915,0.39415
0.92,0.41855
0.925,0.44474
0.93,0.4727
0.935,0.50236
0.94,0.53357
0.945,0.56613
0.95,0.59974
0.955,0.634
0.96,0.66844
0.965,0.70248
0.97,0.73548
0.975,0.76671
0.98,0.79545
0.985,0.82095
0.99,0.8425
0.995,0.85947
1,0.87136
1.005,0.87778
1.01,0.87869
1.015,0.87557
1.02,0.86893
1.025,0.85891
1.03,0.84573
1.035,0.82963
1.04,0.81094
1.045,0.79
1.05,0.76716
1.055,0.7428
1.06,0.71728
1.065,0.69097
1.07,0.6642
1.075,0.63728
1.08,0.61049
1.085,0.58407
1.09,0.55823
1.095,0.53315
1.1,0.50895
1.105,0.48575
1.11,0.46363
1.115,0.44262
1.12,0.42276
1.125,0.40406
1.13,0.3865
1.135,0.37006
1.14,0.35471
1.145,0.3404
1.15,0.32709
1.155,0.31473
1.16,0.30326
1.165,0.29263
1.17,0.28279
1.175,0.27367
1.18,0.26522
1.185,0.2574
1.19,0.25015
1.195,0.24343
1.2,0.23719
1.205,0.2314
1.21,0.226
1.215,0.22097
1.22,0.21628
1.225,0.21188
1.23,0.20775
1.235,0.20387
1.24,0.20021
1.245,0.19675
1.25,0.19346
1.255,0.19033
1.26,0.18734
1.265,0.18448
1.27,0.18174
1.275,0.17909
1.28,0.17654
1.285,0.17407
1.29,0.17166
1.295,0.16933
1.3,0.16705
1.305,0.16482
1.31,0.16265
1.315,0.16051
1.32,0.15842
1.325,0.15636
1.33,0.15433
1.335,0.15234
1.34,0.15037
1.345,0.14843
1.35,0.14652
1.355,0.14463
1.36,0.14277
1.365,0.14093
1.37,0.13911
1.375,0.13731
1.38,0.13554
1.385,0.13379
1.39,0.13205
1.395,0.13034
1.4,0.12865
1.405,0.12697
1.41,0.12532
1.415,0.12369
1.42,0.12207
1.425,0.12048
1.43,0.1189
1.435,0.11735
1.44,0.11581
1.445,0.11429
1.45,0.11279
1.455,0.11131
1.46,0.10985
1.465,0.1084
1.47,0.10698
1.475,0.10557
1.48,0.10418
1.485,0.10281
1.49,0.10145
1.495,0.10012
1.5,0.098798
1.505,0.097496
1.51,0.096211
1.515,0.094943
1.52,0.093692
1.525,0.092457
1.53,0.091239
1.535,0.090038
1.54,0.088852
1.545,0.087683
1.55,0.086529
1.555,0.085391
1.56,0.084268
1.565,0.083161
1.57,0.082069
