0,0
0.005,0
0.01,0
0.015,0
0.02,0
0.025,0
0.03,0
0.035,0
0.04,0
0.045,0
0.05,0
0.055,0
0.06,0
0.065,0
0.07,0
0.075,0
0.08,0
0.085,0
0.09,0
0.095,0
0.1,0
0.105,0
0.11,0
0.115,0
0.12,0
0.125,0
0.13,0
0.135,0
0.14,0
0.145,0
0.15,2.0325e-290
0.155,2.1782e-254
0.16,9.7708e-224
0.165,1.5763e-197
0.17,5.1459e-175
0.175,1.3738e-155
0.18,9.3439e-139
0.185,4.1038e-124
0.19,2.5022e-111
0.195,3.9896e-100
0.2,2.8165e-090
0.205,1.3669e-081
0.21,6.597e-074
0.215,4.3219e-067
0.22,5.0014e-061
0.225,1.2787e-055
0.23,8.7408e-051
0.235,1.8808e-046
0.24,1.4657e-042
0.245,4.6674e-039
0.25,6.7417e-036
0.255,4.8351e-033
0.26,1.8626e-030
0.265,4.1275e-028
0.27,5.5858e-026
0.275,4.8654e-024
0.28,2.8562e-022
0.285,1.1768e-020
0.29,3.5271e-019
0.295,7.9372e-018
0.3,1.3792e-016
0.305,1.8972e-015
0.31,2.1123e-014
0.315,1.9414e-013
0.32,1.4992e-012
0.325,9.882e-012
0.33,5.639e-011
0.335,2.8213e-010
0.34,1.2518e-009
0.345,4.9767e-009
0.35,1.7893e-008
0.355,5.8667e-008
0.36,1.7676e-007
0.365,4.9271e-007
0.37,1.2787e-006
0.375,3.1069e-006
0.38,7.1046e-006
0.385,1.5361e-005
0.39,3.1537e-005
0.395,6.1723e-005
0.4,0.00011557
0.405,0.00020768
0.41,0.00035929
0.415,0.0006
0.42,0.00096964
0.425,0.00152
0.43,0.0023159
0.435,0.0034368
0.44,0.0049761
0.445,0.0070414
0.45,0.0097526
0.455,0.01324
0.46,0.017642
0.465,0.0231
0.47,0.029756
0.475,0.037746
0.48,0.0472
0.485,0.058233
0.49,0.070944
0.495,0.085412
0.5,0.10169
0.505,0.11982
0.51,0.1398
0.515,0.16161
0.52,0.18521
0.525,0.21054
0.53,0.2375
0.535,0.26601
0.54,0.29595
0.545,0.32719
0.55,0.35962
0.555,0.39314
0.56,0.42764
0.565,0.46305
0.57,0.49935
0.575,0.53654
0.58,0.57468
0.585,0.6139
0.59,0.65443
0.595,0.69655
0.6,0.74067
0.605,0.78729
0.61,0.83703
0.615,0.89065
0.62,0.949
0.625,1.0131
0.63,1.084
0.635,1.1631
0.64,1.2514
0.645,1.3505
0.65,1.4614
0.655,1.5855
0.66,1.7235
0.665,1.8757
0.67,2.042
0.675,2.221
0.68,2.4105
0.685,2.6067
0.69,2.8046
0.695,2.9977
0.7,3.1783
0.705,3.3383
0.71,3.4694
0.715,3.5644
0.72,3.6177
0.725,3.6269
0.73,3.6034
0.735,3.5522
0.74,3.4754
0.745,3.3759
0.75,3.2573
0.755,3.1237
0.76,2.9792
0.765,2.8278
0.77,2.6733
0.775,2.519
0.78,2.3676
0.785,2.2215
0.79,2.0823
0.795,1.9512
0.8,1.829
0.805,1.7159
0.81,1.612
0.815,1.5172
0.82,1.4311
0.825,1.3531
0.83,1.2827
0.835,1.2194
0.84,1.1624
0.845,1.1112
0.85,1.0652
0.855,1.0239
0.86,0.98663
0.865,0.95303
0.87,0.92262
0.875,0.89501
0.88,0.86984
0.885,0.84678
0.89,0.82555
0.895,0.80589
0.9,0.78759
0.905,0.77044
0.91,0.75428
0.915,0.73897
0.92,0.72439
0.925,0.71042
0.93,0.69698
0.935,0.684
0.94,0.67142
0.945,0.65918
0.95,0.64725
0.955,0.63559
0.96,0.62418
0.965,0.613
0.97,0.60202
0.975,0.59124
0.98,0.58065
0.985,0.57023
0.99,0.55999
0.995,0.54992
1,0.54001
1.005,0.53026
1.01,0.52067
1.015,0.51124
1.02,0.50197
1.025,0.49285
1.03,0.48388
1.035,0.47507
1.04,0.4664
1.045,0.45789
1.05,0.44952
1.055,0.4413
1.06,0.43323
1.065,0.4253
1.07,0.41751
1.075,0.40987
1.08,0.40236
1.085,0.39499
1.09,0.38775
1.095,0.38065
1.1,0.37368
1.105,0.36684
1.11,0.36013
1.115,0.35355
1.12,0.34709
1.125,0.34075
1.13,0.33453
1.135,0.32843
1.14,0.32245
1.145,0.31658
1.15,0.31083
1.155,0.30518
1.16,0.29965
1.165,0.29422
1.17,0.2889
1.175,0.28368
1.18,0.27856
1.185,0.27354
1.19,0.26862
1.195,0.2638
1.2,0.25907
1.205,0.25443
1.21,0.24988
1.215,0.24542
1.22,0.24105
1.225,0.23676
1.23,0.23256
1.235,0.22844
1.24,0.2244
1.245,0.22044
1.25,0.21655
1.255,0.21275
1.26,0.20901
1.265,0.20535
1.27,0.20176
1.275,0.19825
1.28,0.1948
1.285,0.19141
1.29,0.1881
1.295,0.18484
1.3,0.18165
1.305,0.17853
1.31,0.17546
1.315,0.17245
1.32,0.1695
1.325,0.16661
1.33,0.16377
1.335,0.16099
1.34,0.15826
1.345,0.15559
1.35,0.15296
1.355,0.15039
1.36,0.14786
1.365,0.14539
1.37,0.14296
1.375,0.14058
1.38,0.13824
1.385,0.13594
1.39,0.13369
1.395,0.13149
1.4,0.12932
1.405,0.1272
1.41,0.12511
1.415,0.12307
1.42,0.12106
1.425,0.11909
1.43,0.11716
1.435,0.11526
1.44,0.1134
1.445,0.11158
1.45,0.10979
1.455,0.10803
1.46,0.1063
1.465,0.1046
1.47,0.10294
1.475,0.10131
1.48,0.099706
1.485,0.098132
1.49,0.096587
1.495,0.095071
1.5,0.093582
1.505,0.09212
1.51,0.090685
1.515,0.089275
1.52,0.087891
1.525,0.086532
1.53,0.085198
1.535,0.083887
1.54,0.0826
1.545,0.081336
1.55,0.080094
1.555,0.078874
1.56,0.077677
1.565,0.0765
1.57,0.075344
1.575,0.074208
1.58,0.073093
1.585,0.071997
1.59,0.07092
1.595,0.069862
1.6,0.068823
1.605,0.067801
1.61,0.066797
1.615,0.065811
1.62,0.064842
1.625,0.063889
1.63,0.062953
1.635,0.062033
1.64,0.061129
1.645,0.06024
1.65,0.059366
1.655,0.058507
1.66,0.057663
1.665,0.056833
1.67,0.056017
1.675,0.055215
1.68,0.054426
1.685,0.053651
1.69,0.052888
1.695,0.052138
1.7,0.051401
1.705,0.050676
1.71,0.049963
1.715,0.049262
1.72,0.048572
1.725,0.047894
1.73,0.047227
1.735,0.046571
1.74,0.045925
1.745,0.04529
1.75,0.044666
1.755,0.044051
1.76,0.043447
1.765,0.042852
1.77,0.042267
1.775,0.041692
1.78,0.041125
1.785,0.040568
1.79,0.040019
1.795,0.03948
1.8,0.038949
1.805,0.038426
1.81,0.037912
1.815,0.037405
1.82,0.036907
1.825,0.036417
1.83,0.035934
1.835,0.035459
1.84,0.034991
1.845,0.034531
1.85,0.034077
1.855,0.033631
1.86,0.033192
1.865,0.032759
1.87,0.032333
1.875,0.031914
1.88,0.031501
1.885,0.031095
1.89,0.030694
1.895,0.0303
1.9,0.029912
1.905,0.029529
1.91,0.029153
1.915,0.028782
1.92,0.028417
1.925,0.028057
1.93,0.027702
1.935,0.027353
1.94,0.027009
1.945,0.02667
1.95,0.026337
1.955,0.026008
1.96,0.025684
1.965,0.025365
1.97,0.02505
1.975,0.024741
1.98,0.024435
1.985,0.024135
1.99,0.023838
1.995,0.023546
2,0.023258
2.005,0.022974
2.01,0.022695
2.015,0.022419
2.02,0.022148
2.025,0.02188
2.03,0.021616
2.035,0.021356
2.04,0.0211
2.045,0.020847
2.05,0.020598
2.055,0.020353
2.06,0.020111
2.065,0.019872
2.07,0.019637
2.075,0.019405
2.08,0.019176
2.085,0.01895
2.09,0.018728
2.095,0.018509
2.1,0.018293
2.105,0.018079
2.11,0.017869
2.115,0.017662
2.12,0.017457
2.125,0.017256
2.13,0.017057
2.135,0.016861
2.14,0.016667
2.145,0.016476
2.15,0.016288
2.155,0.016102
2.16,0.015919
2.165,0.015738
2.17,0.01556
2.175,0.015384
2.18,0.015211
2.185,0.01504
2.19,0.014871
2.195,0.014704
2.2,0.01454
2.205,0.014378
2.21,0.014218
2.215,0.01406
2.22,0.013904
2.225,0.01375
2.23,0.013598
2.235,0.013448
2.24,0.013301
2.245,0.013155
2.25,0.013011
2.255,0.012869
2.26,0.012728
2.265,0.01259
2.27,0.012453
2.275,0.012319
2.28,0.012185
2.285,0.012054
2.29,0.011924
2.295,0.011796
2.3,0.01167
2.305,0.011545
2.31,0.011422
2.315,0.0113
2.32,0.01118
2.325,0.011062
2.33,0.010944
2.335,0.010829
2.34,0.010715
2.345,0.010602
2.35,0.010491
2.355,0.010381
2.36,0.010272
2.365,0.010165
2.37,0.010059
2.375,0.0099547
2.38,0.0098514
2.385,0.0097495
2.39,0.0096488
2.395,0.0095493
2.4,0.0094511
2.405,0.009354
2.41,0.0092582
2.415,0.0091635
2.42,0.00907
2.425,0.0089776
2.43,0.0088863
2.435,0.0087962
2.44,0.0087071
2.445,0.0086191
2.45,0.0085322
2.455,0.0084463
2.46,0.0083615
2.465,0.0082776
2.47,0.0081948
2.475,0.008113
2.48,0.0080321
2.485,0.0079522
2.49,0.0078732
2.495,0.0077952
2.5,0.0077181
2.505,0.0076419
2.51,0.0075666
2.515,0.0074922
2.52,0.0074187
2.525,0.007346
2.53,0.0072742
2.535,0.0072032
2.54,0.0071331
2.545,0.0070637
2.55,0.0069952
2.555,0.0069275
2.56,0.0068605
2.565,0.0067943
2.57,0.0067289
2.575,0.0066642
2.58,0.0066003
2.585,0.0065371
2.59,0.0064746
2.595,0.0064129
2.6,0.0063518
2.605,0.0062914
2.61,0.0062318
2.615,0.0061728
2.62,0.0061144
2.625,0.0060568
2.63,0.0059997
2.635,0.0059433
2.64,0.0058876
2.645,0.0058325
2.65,0.0057779
2.655,0.005724
2.66,0.0056707
2.665,0.005618
2.67,0.0055659
2.675,0.0055144
2.68,0.0054634
2.685,0.005413
2.69,0.0053631
2.695,0.0053138
2.7,0.005265
2.705,0.0052168
2.71,0.0051691
2.715,0.0051219
2.72,0.0050752
2.725,0.0050291
2.73,0.0049834
2.735,0.0049383
2.74,0.0048936
2.745,0.0048494
2.75,0.0048057
2.755,0.0047624
2.76,0.0047197
2.765,0.0046773
2.77,0.0046355
2.775,0.004594
2.78,0.0045531
2.785,0.0045125
2.79,0.0044724
2.795,0.0044327
2.8,0.0043935
2.805,0.0043546
2.81,0.0043162
2.815,0.0042782
2.82,0.0042405
2.825,0.0042033
2.83,0.0041665
2.835,0.00413
2.84,0.0040939
2.845,0.0040582
2.85,0.0040229
2.855,0.0039879
2.86,0.0039534
2.865,0.0039191
2.87,0.0038852
2.875,0.0038517
2.88,0.0038185
2.885,0.0037857
2.89,0.0037532
2.895,0.003721
2.9,0.0036891
2.905,0.0036576
2.91,0.0036264
2.915,0.0035956
2.92,0.003565
2.925,0.0035347
2.93,0.0035048
2.935,0.0034751
2.94,0.0034458
2.945,0.0034168
2.95,0.003388
2.955,0.0033595
2.96,0.0033314
2.965,0.0033035
2.97,0.0032759
2.975,0.0032485
2.98,0.0032214
2.985,0.0031947
2.99,0.0031681
2.995,0.0031419
3,0.0031158
3.005,0.0030901
3.01,0.0030646
3.015,0.0030394
3.02,0.0030144
3.025,0.0029896
3.03,0.0029651
3.035,0.0029408
3.04,0.0029168
3.045,0.002893
3.05,0.0028695
3.055,0.0028461
3.06,0.002823
3.065,0.0028001
3.07,0.0027775
3.075,0.002755
3.08,0.0027328
3.085,0.0027108
3.09,0.002689
3.095,0.0026674
3.1,0.0026461
3.105,0.0026249
3.11,0.0026039
3.115,0.0025831
3.12,0.0025626
3.125,0.0025422
3.13,0.002522
3.135,0.002502
3.14,0.0024822
3.145,0.0024626
3.15,0.0024432
3.155,0.0024239
3.16,0.0024049
3.165,0.002386
3.17,0.0023673
3.175,0.0023487
3.18,0.0023304
3.185,0.0023122
3.19,0.0022942
3.195,0.0022763
3.2,0.0022587
3.205,0.0022411
3.21,0.0022238
3.215,0.0022066
3.22,0.0021896
3.225,0.0021727
3.23,0.002156
3.235,0.0021394
3.24,0.002123
3.245,0.0021067
3.25,0.0020906
3.255,0.0020746
3.26,0.0020588
3.265,0.0020431
3.27,0.0020276
3.275,0.0020122
3.28,0.0019969
3.285,0.0019818
3.29,0.0019668
3.295,0.001952
3.3,0.0019373
3.305,0.0019227
3.31,0.0019083
3.315,0.001894
3.32,0.0018798
3.325,0.0018657
3.33,0.0018518
3.335,0.001838
3.34,0.0018243
3.345,0.0018107
3.35,0.0017973
3.355,0.0017839
3.36,0.0017707
3.365,0.0017577
3.37,0.0017447
3.375,0.0017318
3.38,0.0017191
3.385,0.0017064
3.39,0.0016939
3.395,0.0016815
3.4,0.0016692
3.405,0.001657
3.41,0.0016449
3.415,0.0016329
3.42,0.0016211
3.425,0.0016093
3.43,0.0015976
3.435,0.001586
3.44,0.0015746
3.445,0.0015632
3.45,0.0015519
3.455,0.0015408
3.46,0.0015297
3.465,0.0015187
3.47,0.0015078
3.475,0.001497
3.48,0.0014863
3.485,0.0014757
3.49,0.0014652
3.495,0.0014547
3.5,0.0014444
3.505,0.0014341
3.51,0.001424
3.515,0.0014139
3.52,0.0014039
3.525,0.001394
3.53,0.0013842
3.535,0.0013744
3.54,0.0013648
3.545,0.0013552
3.55,0.0013457
3.555,0.0013363
3.56,0.0013269
3.565,0.0013176
3.57,0.0013085
3.575,0.0012994
3.58,0.0012903
3.585,0.0012814
3.59,0.0012725
3.595,0.0012637
3.6,0.0012549
3.605,0.0012463
3.61,0.0012377
3.615,0.0012292
3.62,0.0012207
3.625,0.0012123
3.63,0.001204
3.635,0.0011958
3.64,0.0011876
3.645,0.0011795
3.65,0.0011714
3.655,0.0011634
3.66,0.0011555
3.665,0.0011477
3.67,0.0011399
3.675,0.0011322
3.68,0.0011245
3.685,0.0011169
3.69,0.0011094
3.695,0.0011019
3.7,0.0010945
3.705,0.0010871
3.71,0.0010798
3.715,0.0010726
3.72,0.0010654
3.725,0.0010583
3.73,0.0010512
3.735,0.0010442
3.74,0.0010373
3.745,0.0010304
3.75,0.0010236
3.755,0.0010168
3.76,0.00101
3.765,0.0010034
3.77,0.00099672
3.775,0.00099015
3.78,0.00098363
3.785,0.00097716
3.79,0.00097074
3.795,0.00096437
3.8,0.00095805
3.805,0.00095178
3.81,0.00094556
3.815,0.00093938
3.82,0.00093326
3.825,0.00092718
3.83,0.00092116
3.835,0.00091517
3.84,0.00090924
3.845,0.00090335
3.85,0.00089751
3.855,0.00089171
3.86,0.00088595
3.865,0.00088025
3.87,0.00087458
3.875,0.00086896
3.88,0.00086338
3.885,0.00085785
3.89,0.00085235
3.895,0.0008469
3.9,0.0008415
3.905,0.00083613
3.91,0.0008308
3.915,0.00082552
3.92,0.00082027
3.925,0.00081507
3.93,0.0008099
3.935,0.00080477
3.94,0.00079969
3.945,0.00079464
3.95,0.00078963
3.955,0.00078465
3.96,0.00077972
3.965,0.00077482
3.97,0.00076996
3.975,0.00076513
3.98,0.00076034
3.985,0.00075559
3.99,0.00075087
3.995,0.00074619
4,0.00074154
4.005,0.00073693
4.01,0.00073235
4.015,0.00072781
4.02,0.0007233
4.025,0.00071882
4.03,0.00071438
4.035,0.00070997
4.04,0.00070559
4.045,0.00070124
4.05,0.00069693
4.055,0.00069265
4.06,0.0006884
4.065,0.00068418
4.07,0.00067999
4.075,0.00067583
4.08,0.00067171
4.085,0.00066761
4.09,0.00066354
4.095,0.00065951
4.1,0.0006555
4.105,0.00065152
4.11,0.00064757
4.115,0.00064365
4.12,0.00063976
4.125,0.00063589
4.13,0.00063206
4.135,0.00062825
4.14,0.00062447
4.145,0.00062071
4.15,0.00061699
4.155,0.00061329
4.16,0.00060961
4.165,0.00060597
4.17,0.00060235
4.175,0.00059875
4.18,0.00059518
4.185,0.00059164
4.19,0.00058812
4.195,0.00058463
4.2,0.00058116
4.205,0.00057771
4.21,0.00057429
4.215,0.0005709
4.22,0.00056753
4.225,0.00056418
4.23,0.00056086
4.235,0.00055756
4.24,0.00055428
4.245,0.00055103
4.25,0.00054779
4.255,0.00054459
4.26,0.0005414
4.265,0.00053824
4.27,0.0005351
4.275,0.00053198
4.28,0.00052888
4.285,0.0005258
4.29,0.00052275
4.295,0.00051971
4.3,0.0005167
4.305,0.00051371
4.31,0.00051074
4.315,0.00050779
4.32,0.00050486
4.325,0.00050195
4.33,0.00049906
4.335,0.00049619
4.34,0.00049334
4.345,0.00049051
4.35,0.0004877
4.355,0.00048491
4.36,0.00048214
4.365,0.00047939
4.37,0.00047665
4.375,0.00047394
4.38,0.00047124
4.385,0.00046856
4.39,0.0004659
4.395,0.00046326
4.4,0.00046064
4.405,0.00045803
4.41,0.00045544
4.415,0.00045287
4.42,0.00045032
4.425,0.00044778
4.43,0.00044526
4.435,0.00044276
4.44,0.00044027
4.445,0.0004378
4.45,0.00043535
4.455,0.00043291
4.46,0.00043049
4.465,0.00042809
4.47,0.0004257
4.475,0.00042333
4.48,0.00042098
4.485,0.00041864
4.49,0.00041631
4.495,0.000414
4.5,0.00041171
4.505,0.00040943
4.51,0.00040717
4.515,0.00040492
4.52,0.00040269
4.525,0.00040047
4.53,0.00039827
4.535,0.00039608
4.54,0.0003939
4.545,0.00039174
4.55,0.0003896
4.555,0.00038746
4.56,0.00038534
4.565,0.00038324
4.57,0.00038115
4.575,0.00037907
4.58,0.00037701
4.585,0.00037496
4.59,0.00037292
4.595,0.0003709
4.6,0.00036889
4.605,0.00036689
4.61,0.00036491
4.615,0.00036294
4.62,0.00036098
4.625,0.00035903
4.63,0.0003571
4.635,0.00035518
4.64,0.00035327
4.645,0.00035137
4.65,0.00034949
4.655,0.00034762
4.66,0.00034576
4.665,0.00034391
4.67,0.00034207
4.675,0.00034025
4.68,0.00033844
4.685,0.00033664
4.69,0.00033485
4.695,0.00033307
4.7,0.0003313
4.705,0.00032955
4.71,0.0003278
4.715,0.00032607
4.72,0.00032435
4.725,0.00032263
4.73,0.00032093
4.735,0.00031924
4.74,0.00031756
4.745,0.0003159
4.75,0.00031424
4.755,0.00031259
4.76,0.00031095
4.765,0.00030932
4.77,0.00030771
4.775,0.0003061
4.78,0.0003045
4.785,0.00030292
4.79,0.00030134
4.795,0.00029977
4.8,0.00029822
4.805,0.00029667
4.81,0.00029513
4.815,0.0002936
4.82,0.00029208
4.825,0.00029057
4.83,0.00028907
4.835,0.00028758
4.84,0.0002861
4.845,0.00028463
4.85,0.00028317
4.855,0.00028171
4.86,0.00028027
4.865,0.00027883
4.87,0.0002774
4.875,0.00027598
4.88,0.00027457
4.885,0.00027317
4.89,0.00027178
4.895,0.00027039
4.9,0.00026902
4.905,0.00026765
4.91,0.00026629
4.915,0.00026494
4.92,0.0002636
4.925,0.00026226
4.93,0.00026093
4.935,0.00025962
4.94,0.00025831
4.945,0.000257
4.95,0.00025571
4.955,0.00025442
4.96,0.00025314
4.965,0.00025187
4.97,0.00025061
4.975,0.00024935
4.98,0.0002481
4.985,0.00024686
4.99,0.00024563
4.995,0.0002444
5,0.00024318
5.005,0.00024197
5.01,0.00024076
5.015,0.00023957
5.02,0.00023838
5.025,0.00023719
5.03,0.00023602
5.035,0.00023485
5.04,0.00023369
5.045,0.00023253
5.05,0.00023138
5.055,0.00023024
5.06,0.00022911
5.065,0.00022798
5.07,0.00022686
5.075,0.00022574
5.08,0.00022463
5.085,0.00022353
5.09,0.00022244
5.095,0.00022135
5.1,0.00022027
5.105,0.00021919
5.11,0.00021812
5.115,0.00021706
5.12,0.000216
5.125,0.00021495
5.13,0.0002139
5.135,0.00021286
5.14,0.00021183
5.145,0.0002108
5.15,0.00020978
5.155,0.00020877
5.16,0.00020776
5.165,0.00020676
5.17,0.00020576
5.175,0.00020477
5.18,0.00020378
5.185,0.0002028
5.19,0.00020183
5.195,0.00020086
5.2,0.00019989
5.205,0.00019894
5.21,0.00019798
5.215,0.00019704
5.22,0.00019609
5.225,0.00019516
5.23,0.00019423
5.235,0.0001933
5.24,0.00019238
5.245,0.00019147
5.25,0.00019056
5.255,0.00018965
5.26,0.00018875
5.265,0.00018786
5.27,0.00018697
5.275,0.00018609
5.28,0.00018521
5.285,0.00018433
5.29,0.00018346
5.295,0.0001826
5.3,0.00018174
5.305,0.00018089
5.31,0.00018004
5.315,0.00017919
5.32,0.00017835
5.325,0.00017751
5.33,0.00017668
5.335,0.00017586
5.34,0.00017504
5.345,0.00017422
5.35,0.00017341
5.355,0.0001726
5.36,0.0001718
5.365,0.000171
5.37,0.0001702
5.375,0.00016941
5.38,0.00016863
5.385,0.00016785
5.39,0.00016707
5.395,0.0001663
5.4,0.00016553
5.405,0.00016477
5.41,0.00016401
5.415,0.00016325
5.42,0.0001625
5.425,0.00016175
5.43,0.00016101
5.435,0.00016027
5.44,0.00015953
5.445,0.0001588
5.45,0.00015808
5.455,0.00015735
5.46,0.00015663
5.465,0.00015592
5.47,0.00015521
5.475,0.0001545
5.48,0.0001538
5.485,0.0001531
5.49,0.0001524
5.495,0.00015171
5.5,0.00015102
5.505,0.00015034
5.51,0.00014966
5.515,0.00014898
5.52,0.00014831
5.525,0.00014764
5.53,0.00014697
5.535,0.00014631
5.54,0.00014565
5.545,0.00014499
5.55,0.00014434
5.555,0.00014369
5.56,0.00014305
5.565,0.00014241
5.57,0.00014177
5.575,0.00014114
5.58,0.00014051
5.585,0.00013988
5.59,0.00013925
5.595,0.00013863
5.6,0.00013802
5.605,0.0001374
5.61,0.00013679
5.615,0.00013618
5.62,0.00013558
5.625,0.00013498
5.63,0.00013438
5.635,0.00013378
5.64,0.00013319
5.645,0.0001326
5.65,0.00013202
5.655,0.00013143
5.66,0.00013086
5.665,0.00013028
5.67,0.00012971
5.675,0.00012914
5.68,0.00012857
5.685,0.000128
5.69,0.00012744
5.695,0.00012688
5.7,0.00012633
5.705,0.00012578
5.71,0.00012523
5.715,0.00012468
5.72,0.00012414
5.725,0.0001236
5.73,0.00012306
5.735,0.00012252
5.74,0.00012199
5.745,0.00012146
5.75,0.00012093
5.755,0.00012041
5.76,0.00011989
5.765,0.00011937
5.77,0.00011885
5.775,0.00011834
5.78,0.00011783
5.785,0.00011732
5.79,0.00011681
5.795,0.00011631
5.8,0.00011581
5.805,0.00011531
5.81,0.00011482
5.815,0.00011432
5.82,0.00011383
5.825,0.00011335
5.83,0.00011286
5.835,0.00011238
5.84,0.0001119
5.845,0.00011142
5.85,0.00011095
5.855,0.00011047
5.86,0.00011
5.865,0.00010953
5.87,0.00010907
5.875,0.00010861
5.88,0.00010815
5.885,0.00010769
5.89,0.00010723
5.895,0.00010678
5.9,0.00010632
5.905,0.00010588
5.91,0.00010543
5.915,0.00010498
5.92,0.00010454
5.925,0.0001041
5.93,0.00010366
5.935,0.00010323
5.94,0.00010279
5.945,0.00010236
5.95,0.00010193
5.955,0.00010151
5.96,0.00010108
5.965,0.00010066
5.97,0.00010024
5.975,9.9819e-005
5.98,9.9402e-005
5.985,9.8988e-005
5.99,9.8575e-005
5.995,9.8165e-005
6,9.7757e-005
6.005,9.7351e-005
6.01,9.6946e-005
6.015,9.6544e-005
6.02,9.6144e-005
6.025,9.5746e-005
6.03,9.535e-005
6.035,9.4955e-005
6.04,9.4563e-005
6.045,9.4173e-005
6.05,9.3784e-005
6.055,9.3398e-005
6.06,9.3013e-005
6.065,9.263e-005
6.07,9.225e-005
6.075,9.1871e-005
6.08,9.1494e-005
6.085,9.1118e-005
6.09,9.0745e-005
6.095,9.0374e-005
6.1,9.0004e-005
6.105,8.9636e-005
6.11,8.927e-005
6.115,8.8906e-005
6.12,8.8543e-005
6.125,8.8182e-005
6.13,8.7823e-005
6.135,8.7466e-005
6.14,8.7111e-005
6.145,8.6757e-005
6.15,8.6405e-005
6.155,8.6055e-005
6.16,8.5706e-005
6.165,8.5359e-005
6.17,8.5014e-005
6.175,8.467e-005
6.18,8.4328e-005
6.185,8.3988e-005
6.19,8.3649e-005
6.195,8.3313e-005
6.2,8.2977e-005
6.205,8.2643e-005
6.21,8.2311e-005
6.215,8.1981e-005
6.22,8.1652e-005
6.225,8.1325e-005
6.23,8.0999e-005
6.235,8.0675e-005
6.24,8.0352e-005
6.245,8.0031e-005
6.25,7.9711e-005
6.255,7.9393e-005
6.26,7.9077e-005
6.265,7.8762e-005
6.27,7.8448e-005
6.275,7.8136e-005
6.28,7.7826e-005
