0,0
0.005,0
0.01,0
0.015,0
0.02,0
0.025,0
0.03,0
0.035,0
0.04,0
0.045,0
0.05,0
0.055,0
0.06,0
0.065,0
0.07,0
0.075,0
0.08,0
0.085,0
0.09,0
0.095,0
0.1,0
0.105,0
0.11,0
0.115,0
0.12,0
0.125,0
0.13,0
0.135,0
0.14,0
0.145,0
0.15,0
0.155,0
0.16,0
0.165,0
0.17,0
0.175,0
0.18,0
0.185,0
0.19,0
0.195,0
0.2,0
0.205,0
0.21,0
0.215,0
0.22,0
0.225,0
0.23,0
0.235,0
0.24,0
0.245,0
0.25,0
0.255,0
0.26,0
0.265,0
0.27,0
0.275,0
0.28,0
0.285,0
0.29,0
0.295,0
0.3,0
0.305,0
0.31,0
0.315,0
0.32,0
0.325,0
0.33,0
0.335,0
0.34,0
0.345,0
0.35,0
0.355,0
0.36,0
0.365,0
0.37,0
0.375,0
0.38,0
0.385,0
0.39,0
0.395,0
0.4,0
0.405,0
0.41,0
0.415,0
0.42,0
0.425,0
0.43,0
0.435,0
0.44,0
0.445,0
0.45,8.5967e-322
0.455,7.5433e-308
0.46,1.1825e-294
0.465,3.7066e-282
0.47,2.5707e-270
0.475,4.3325e-259
0.48,1.9358e-248
0.485,2.4862e-238
0.49,9.8947e-229
0.495,1.3088e-219
0.5,6.1404e-211
0.505,1.0858e-202
0.51,7.6576e-195
0.515,2.2707e-187
0.52,2.9741e-180
0.525,1.8016e-173
0.53,5.2697e-167
0.535,7.7485e-161
0.54,5.9474e-155
0.545,2.4686e-149
0.55,5.7273e-144
0.555,7.6615e-139
0.56,6.0839e-134
0.565,2.9474e-129
0.57,8.9375e-125
0.575,1.7379e-120
0.58,2.2166e-116
0.585,1.8946e-112
0.59,1.1072e-108
0.595,4.5087e-105
0.6,1.3024e-101
0.605,2.7139e-098
0.61,4.1449e-095
0.615,4.7099e-092
0.62,4.0385e-089
0.625,2.6482e-086
0.63,1.3449e-083
0.635,5.3532e-081
0.64,1.689e-078
0.645,4.2698e-076
0.65,8.7359e-074
0.655,1.4605e-071
0.66,2.0135e-069
0.665,2.3088e-067
0.67,2.22e-065
0.675,1.8039e-063
0.68,1.2478e-061
0.685,7.3997e-060
0.69,3.7868e-058
0.695,1.683e-056
0.7,6.5345e-055
0.705,2.2293e-053
0.71,6.7185e-052
0.715,1.798e-050
0.72,4.2936e-049
0.725,9.1922e-048
0.73,1.7722e-046
0.735,3.0898e-045
0.74,4.8916e-044
0.745,7.0587e-043
0.75,9.3187e-042
0.755,1.1295e-040
0.76,1.261e-039
0.765,1.301e-038
0.77,1.2442e-037
0.775,1.1062e-036
0.78,9.1681e-036
0.785,7.1024e-035
0.79,5.156e-034
0.795,3.5161e-033
0.8,2.2577e-032
0.805,1.368e-031
0.81,7.8386e-031
0.815,4.2563e-030
0.82,2.1943e-029
0.825,1.0761e-028
0.83,5.0293e-028
0.835,2.2437e-027
0.84,9.5711e-027
0.845,3.91e-026
0.85,1.5321e-025
0.855,5.7662e-025
0.86,2.0875e-024
0.865,7.2788e-024
0.87,2.4477e-023
0.875,7.9478e-023
0.88,2.4949e-022
0.885,7.5799e-022
0.89,2.2313e-021
0.895,6.3709e-021
0.9,1.7661e-020
0.905,4.7582e-020
0.91,1.247e-019
0.915,3.1821e-019
0.92,7.9128e-019
0.925,1.9191e-018
0.93,4.5429e-018
0.935,1.0505e-017
0.94,2.3748e-017
0.945,5.2518e-017
0.95,1.137e-016
0.955,2.4113e-016
0.96,5.0127e-016
0.965,1.0221e-015
0.97,2.0453e-015
0.975,4.0193e-015
0.98,7.7603e-015
0.985,1.473e-014
0.99,2.7498e-014
0.995,5.0517e-014
1,9.1369e-014
1.005,1.6278e-013
1.01,2.8577e-013
1.015,4.946e-013
1.02,8.4427e-013
1.025,1.4219e-012
1.03,2.3639e-012
1.035,3.8803e-012
1.04,6.2919e-012
1.045,1.0081e-011
1.05,1.5966e-011
1.055,2.5003e-011
1.06,3.8728e-011
1.065,5.9354e-011
1.07,9.0028e-011
1.075,1.3519e-010
1.08,2.0103e-010
1.085,2.9611e-010
1.09,4.3215e-010
1.095,6.2504e-010
1.1,8.9615e-010
1.105,1.274e-009
1.11,1.7962e-009
1.115,2.5122e-009
1.12,3.4861e-009
1.125,4.8009e-009
1.13,6.5626e-009
1.135,8.9061e-009
1.14,1.2002e-008
1.145,1.6063e-008
1.15,2.1356e-008
1.155,2.8209e-008
1.16,3.7025e-008
1.165,4.8299e-008
1.17,6.2627e-008
1.175,8.0732e-008
1.18,1.0348e-007
1.185,1.319e-007
1.19,1.6722e-007
1.195,2.1088e-007
1.2,2.6457e-007
1.205,3.3028e-007
1.21,4.1028e-007
1.215,5.0724e-007
1.22,6.242e-007
1.225,7.6464e-007
1.23,9.3255e-007
1.235,1.1324e-006
1.24,1.3693e-006
1.245,1.649e-006
1.25,1.9779e-006
1.255,2.3631e-006
1.26,2.8125e-006
1.265,3.3349e-006
1.27,3.94e-006
1.275,4.6383e-006
1.28,5.4415e-006
1.285,6.3621e-006
1.29,7.4139e-006
1.295,8.6117e-006
1.3,9.9715e-006
1.305,1.151e-005
1.31,1.3247e-005
1.315,1.52e-005
1.32,1.7392e-005
1.325,1.9843e-005
1.33,2.2579e-005
1.335,2.5622e-005
1.34,2.8999e-005
1.345,3.2737e-005
1.35,3.6865e-005
1.355,4.1411e-005
1.36,4.6407e-005
1.365,5.1884e-005
1.37,5.7874e-005
1.375,6.4412e-005
1.38,7.1532e-005
1.385,7.9268e-005
1.39,8.7657e-005
1.395,9.6736e-005
1.4,0.00010654
1.405,0.00011711
1.41,0.00012848
1.415,0.00014069
1.42,0.00015378
1.425,0.00016778
1.43,0.00018274
1.435,0.00019868
1.44,0.00021566
1.445,0.0002337
1.45,0.00025284
1.455,0.00027311
1.46,0.00029456
1.465,0.0003172
1.47,0.00034109
1.475,0.00036623
1.48,0.00039267
1.485,0.00042044
1.49,0.00044955
1.495,0.00048004
1.5,0.00051192
1.505,0.00054523
1.51,0.00057997
1.515,0.00061616
1.52,0.00065382
1.525,0.00069297
1.53,0.00073361
1.535,0.00077576
1.54,0.00081941
1.545,0.00086458
1.55,0.00091126
1.555,0.00095946
1.56,0.0010092
1.565,0.0010604
1.57,0.0011131
1.575,0.0011674
1.58,0.0012231
1.585,0.0012803
1.59,0.0013389
1.595,0.001399
1.6,0.0014605
1.605,0.0015234
1.61,0.0015877
1.615,0.0016534
1.62,0.0017203
1.625,0.0017886
1.63,0.0018582
1.635,0.001929
1.64,0.002001
1.645,0.0020743
1.65,0.0021487
1.655,0.0022242
1.66,0.0023008
1.665,0.0023785
1.67,0.0024572
1.675,0.0025369
1.68,0.0026176
1.685,0.0026992
1.69,0.0027817
1.695,0.0028651
1.7,0.0029494
1.705,0.0030345
1.71,0.0031204
1.715,0.0032071
1.72,0.0032945
1.725,0.0033827
1.73,0.0034716
1.735,0.0035613
1.74,0.0036516
1.745,0.0037427
1.75,0.0038345
1.755,0.0039271
1.76,0.0040203
1.765,0.0041143
1.77,0.0042091
1.775,0.0043047
1.78,0.0044011
1.785,0.0044984
1.79,0.0045965
1.795,0.0046957
1.8,0.0047959
1.805,0.0048971
1.81,0.0049996
1.815,0.0051033
1.82,0.0052083
1.825,0.0053148
1.83,0.0054229
1.835,0.0055326
1.84,0.0056441
1.845,0.0057576
1.85,0.0058731
1.855,0.0059909
1.86,0.0061112
1.865,0.006234
1.87,0.0063596
1.875,0.0064882
1.88,0.00662
1.885,0.0067552
1.89,0.0068941
1.895,0.0070369
1.9,0.0071838
1.905,0.0073351
1.91,0.0074912
1.915,0.0076523
1.92,0.0078186
1.925,0.0079905
1.93,0.0081683
1.935,0.0083524
1.94,0.008543
1.945,0.0087405
1.95,0.0089453
1.955,0.0091577
1.96,0.009378
1.965,0.0096066
1.97,0.0098438
1.975,0.01009
1.98,0.010346
1.985,0.010611
1.99,0.010886
1.995,0.011172
2,0.011468
2.005,0.011775
2.01,0.012093
2.015,0.012423
2.02,0.012764
2.025,0.013116
2.03,0.013481
2.035,0.013857
2.04,0.014244
2.045,0.014644
2.05,0.015055
2.055,0.015476
2.06,0.015909
2.065,0.016352
2.07,0.016805
2.075,0.017268
2.08,0.017738
2.085,0.018216
2.09,0.018701
2.095,0.019191
2.1,0.019685
2.105,0.020182
2.11,0.020681
2.115,0.021179
2.12,0.021675
2.125,0.022166
2.13,0.022652
2.135,0.02313
2.14,0.023598
2.145,0.024054
2.15,0.024495
2.155,0.02492
2.16,0.025326
2.165,0.02571
2.17,0.026072
2.175,0.026408
2.18,0.026716
2.185,0.026996
2.19,0.027244
2.195,0.02746
2.2,0.027643
2.205,0.02779
2.21,0.027901
2.215,0.027975
2.22,0.028013
2.225,0.028014
2.23,0.027991
2.235,0.027943
2.24,0.027873
2.245,0.027779
2.25,0.027663
2.255,0.027525
2.26,0.027365
2.265,0.027185
2.27,0.026985
2.275,0.026765
2.28,0.026527
2.285,0.026272
2.29,0.026001
2.295,0.025714
2.3,0.025413
2.305,0.025098
2.31,0.024772
2.315,0.024434
2.32,0.024086
2.325,0.02373
2.33,0.023366
2.335,0.022995
2.34,0.022619
2.345,0.022238
2.35,0.021854
2.355,0.021467
2.36,0.021078
2.365,0.020689
2.37,0.0203
2.375,0.019911
2.38,0.019525
2.385,0.01914
2.39,0.018759
2.395,0.018381
2.4,0.018008
2.405,0.017639
2.41,0.017275
2.415,0.016917
2.42,0.016565
2.425,0.016219
2.43,0.015879
2.435,0.015546
2.44,0.015221
2.445,0.014902
2.45,0.014591
2.455,0.014287
2.46,0.013991
2.465,0.013703
2.47,0.013421
2.475,0.013148
2.48,0.012882
2.485,0.012623
2.49,0.012372
2.495,0.012129
2.5,0.011892
2.505,0.011663
2.51,0.011441
2.515,0.011226
2.52,0.011018
2.525,0.010816
2.53,0.010621
2.535,0.010432
2.54,0.01025
2.545,0.010073
2.55,0.0099025
2.555,0.0097376
2.56,0.0095783
2.565,0.0094244
2.57,0.0092757
2.575,0.0091321
2.58,0.0089935
2.585,0.0088595
2.59,0.0087302
2.595,0.0086053
2.6,0.0084846
2.605,0.0083681
2.61,0.0082556
2.615,0.0081469
2.62,0.0080419
2.625,0.0079404
2.63,0.0078424
2.635,0.0077476
2.64,0.007656
2.645,0.0075674
2.65,0.0074817
2.655,0.0073988
2.66,0.0073186
2.665,0.0072409
2.67,0.0071656
2.675,0.0070927
2.68,0.0070221
2.685,0.0069536
2.69,0.0068871
2.695,0.0068226
2.7,0.00676
2.705,0.0066991
2.71,0.00664
2.715,0.0065824
2.72,0.0065265
2.725,0.006472
2.73,0.0064189
2.735,0.0063671
2.74,0.0063167
2.745,0.0062674
2.75,0.0062193
2.755,0.0061723
2.76,0.0061264
2.765,0.0060814
2.77,0.0060374
2.775,0.0059943
2.78,0.005952
2.785,0.0059106
2.79,0.0058699
2.795,0.00583
2.8,0.0057907
2.805,0.0057522
2.81,0.0057142
2.815,0.0056769
2.82,0.0056401
2.825,0.0056038
2.83,0.0055681
2.835,0.0055328
2.84,0.005498
2.845,0.0054637
2.85,0.0054298
2.855,0.0053962
2.86,0.0053631
2.865,0.0053303
2.87,0.0052979
2.875,0.0052658
2.88,0.005234
2.885,0.0052025
2.89,0.0051713
2.895,0.0051404
2.9,0.0051097
2.905,0.0050793
2.91,0.0050492
2.915,0.0050193
2.92,0.0049896
2.925,0.0049601
2.93,0.0049309
2.935,0.0049019
2.94,0.004873
2.945,0.0048444
2.95,0.0048159
2.955,0.0047876
2.96,0.0047595
2.965,0.0047316
2.97,0.0047039
2.975,0.0046763
2.98,0.0046489
2.985,0.0046216
2.99,0.0045945
2.995,0.0045676
3,0.0045408
3.005,0.0045141
3.01,0.0044876
3.015,0.0044613
3.02,0.0044351
3.025,0.004409
3.03,0.0043831
3.035,0.0043573
3.04,0.0043317
3.045,0.0043062
3.05,0.0042808
3.055,0.0042556
3.06,0.0042305
3.065,0.0042055
3.07,0.0041807
3.075,0.004156
3.08,0.0041314
3.085,0.004107
3.09,0.0040827
3.095,0.0040585
3.1,0.0040345
3.105,0.0040106
3.11,0.0039868
3.115,0.0039632
3.12,0.0039396
3.125,0.0039162
3.13,0.003893
3.135,0.0038698
3.14,0.0038468
3.145,0.0038239
3.15,0.0038011
3.155,0.0037785
3.16,0.003756
3.165,0.0037336
3.17,0.0037113
3.175,0.0036892
3.18,0.0036672
3.185,0.0036453
3.19,0.0036235
3.195,0.0036018
3.2,0.0035803
3.205,0.0035589
3.21,0.0035376
3.215,0.0035165
3.22,0.0034954
3.225,0.0034745
3.23,0.0034537
3.235,0.003433
3.24,0.0034125
3.245,0.003392
3.25,0.0033717
3.255,0.0033515
3.26,0.0033314
3.265,0.0033114
3.27,0.0032916
3.275,0.0032718
3.28,0.0032522
3.285,0.0032327
3.29,0.0032133
3.295,0.003194
3.3,0.0031749
3.305,0.0031558
3.31,0.0031369
3.315,0.0031181
3.32,0.0030994
3.325,0.0030808
3.33,0.0030623
3.335,0.0030439
3.34,0.0030257
3.345,0.0030075
3.35,0.0029895
3.355,0.0029715
3.36,0.0029537
3.365,0.002936
3.37,0.0029184
3.375,0.0029009
3.38,0.0028835
3.385,0.0028662
3.39,0.002849
3.395,0.0028319
3.4,0.002815
3.405,0.0027981
3.41,0.0027813
3.415,0.0027647
3.42,0.0027481
3.425,0.0027317
3.43,0.0027153
3.435,0.0026991
3.44,0.0026829
3.445,0.0026669
3.45,0.0026509
3.455,0.0026351
3.46,0.0026193
3.465,0.0026037
3.47,0.0025881
3.475,0.0025726
3.48,0.0025573
3.485,0.002542
3.49,0.0025268
3.495,0.0025118
3.5,0.0024968
3.505,0.0024819
3.51,0.0024671
3.515,0.0024524
3.52,0.0024378
3.525,0.0024233
3.53,0.0024088
3.535,0.0023945
3.54,0.0023803
3.545,0.0023661
3.55,0.0023521
3.555,0.0023381
3.56,0.0023242
3.565,0.0023104
3.57,0.0022967
3.575,0.0022831
3.58,0.0022695
3.585,0.0022561
3.59,0.0022427
3.595,0.0022294
3.6,0.0022162
3.605,0.0022031
3.61,0.0021901
3.615,0.0021771
3.62,0.0021643
3.625,0.0021515
3.63,0.0021388
3.635,0.0021262
3.64,0.0021136
3.645,0.0021012
3.65,0.0020888
3.655,0.0020765
3.66,0.0020643
3.665,0.0020521
3.67,0.0020401
3.675,0.0020281
3.68,0.0020162
3.685,0.0020043
3.69,0.0019926
3.695,0.0019809
3.7,0.0019693
3.705,0.0019577
3.71,0.0019463
3.715,0.0019349
3.72,0.0019236
3.725,0.0019123
3.73,0.0019011
3.735,0.00189
3.74,0.001879
3.745,0.0018681
3.75,0.0018572
3.755,0.0018463
3.76,0.0018356
3.765,0.0018249
3.77,0.0018143
3.775,0.0018038
3.78,0.0017933
3.785,0.0017829
3.79,0.0017725
3.795,0.0017623
3.8,0.001752
3.805,0.0017419
3.81,0.0017318
3.815,0.0017218
3.82,0.0017118
3.825,0.001702
3.83,0.0016921
3.835,0.0016824
3.84,0.0016727
3.845,0.001663
3.85,0.0016535
3.855,0.001644
3.86,0.0016345
3.865,0.0016251
3.87,0.0016158
3.875,0.0016065
3.88,0.0015973
3.885,0.0015881
3.89,0.001579
3.895,0.00157
3.9,0.001561
3.905,0.0015521
3.91,0.0015432
3.915,0.0015344
3.92,0.0015257
3.925,0.001517
3.93,0.0015083
3.935,0.0014997
3.94,0.0014912
3.945,0.0014827
3.95,0.0014743
3.955,0.0014659
3.96,0.0014576
3.965,0.0014494
3.97,0.0014412
3.975,0.001433
3.98,0.0014249
3.985,0.0014168
3.99,0.0014088
3.995,0.0014009
4,0.001393
4.005,0.0013851
4.01,0.0013773
4.015,0.0013696
4.02,0.0013619
4.025,0.0013542
4.03,0.0013466
4.035,0.0013391
4.04,0.0013315
4.045,0.0013241
4.05,0.0013167
4.055,0.0013093
4.06,0.001302
4.065,0.0012947
4.07,0.0012875
4.075,0.0012803
4.08,0.0012732
4.085,0.0012661
4.09,0.001259
4.095,0.001252
4.1,0.0012451
4.105,0.0012382
4.11,0.0012313
4.115,0.0012245
4.12,0.0012177
4.125,0.0012109
4.13,0.0012042
4.135,0.0011976
4.14,0.001191
4.145,0.0011844
4.15,0.0011778
4.155,0.0011714
4.16,0.0011649
4.165,0.0011585
4.17,0.0011521
4.175,0.0011458
4.18,0.0011395
4.185,0.0011333
4.19,0.001127
4.195,0.0011209
4.2,0.0011147
4.205,0.0011086
4.21,0.0011026
4.215,0.0010966
4.22,0.0010906
4.225,0.0010846
4.23,0.0010787
4.235,0.0010729
4.24,0.001067
4.245,0.0010612
4.25,0.0010555
4.255,0.0010497
4.26,0.001044
4.265,0.0010384
4.27,0.0010328
4.275,0.0010272
4.28,0.0010216
4.285,0.0010161
4.29,0.0010106
4.295,0.0010052
4.3,0.00099977
4.305,0.00099439
4.31,0.00098904
4.315,0.00098373
4.32,0.00097844
4.325,0.00097319
4.33,0.00096798
4.335,0.00096279
4.34,0.00095764
4.345,0.00095252
4.35,0.00094743
4.355,0.00094237
4.36,0.00093734
4.365,0.00093235
4.37,0.00092738
4.375,0.00092245
4.38,0.00091754
4.385,0.00091267
4.39,0.00090782
4.395,0.00090301
4.4,0.00089822
4.405,0.00089346
4.41,0.00088874
4.415,0.00088404
4.42,0.00087937
4.425,0.00087472
4.43,0.00087011
4.435,0.00086553
4.44,0.00086097
4.445,0.00085644
4.45,0.00085194
4.455,0.00084746
4.46,0.00084301
4.465,0.00083859
4.47,0.0008342
4.475,0.00082983
4.48,0.00082549
4.485,0.00082118
4.49,0.00081689
4.495,0.00081263
4.5,0.00080839
4.505,0.00080418
4.51,0.00079999
4.515,0.00079583
4.52,0.0007917
4.525,0.00078759
4.53,0.0007835
4.535,0.00077944
4.54,0.0007754
4.545,0.00077139
4.55,0.0007674
4.555,0.00076344
4.56,0.0007595
4.565,0.00075558
4.57,0.00075169
4.575,0.00074782
4.58,0.00074397
4.585,0.00074014
4.59,0.00073634
4.595,0.00073256
4.6,0.00072881
4.605,0.00072507
4.61,0.00072136
4.615,0.00071767
4.62,0.00071401
4.625,0.00071036
4.63,0.00070674
4.635,0.00070313
4.64,0.00069955
4.645,0.00069599
4.65,0.00069245
4.655,0.00068893
4.66,0.00068544
4.665,0.00068196
4.67,0.0006785
4.675,0.00067507
4.68,0.00067165
4.685,0.00066826
4.69,0.00066488
4.695,0.00066153
4.7,0.00065819
4.705,0.00065487
4.71,0.00065158
4.715,0.0006483
4.72,0.00064504
4.725,0.0006418
4.73,0.00063858
4.735,0.00063538
4.74,0.0006322
4.745,0.00062904
4.75,0.00062589
4.755,0.00062276
4.76,0.00061965
4.765,0.00061656
4.77,0.00061349
4.775,0.00061044
4.78,0.0006074
4.785,0.00060438
4.79,0.00060138
4.795,0.00059839
4.8,0.00059542
4.805,0.00059247
4.81,0.00058954
4.815,0.00058663
4.82,0.00058373
4.825,0.00058084
4.83,0.00057798
4.835,0.00057513
4.84,0.0005723
4.845,0.00056948
4.85,0.00056668
4.855,0.0005639
4.86,0.00056113
4.865,0.00055837
4.87,0.00055564
4.875,0.00055292
4.88,0.00055021
4.885,0.00054752
4.89,0.00054485
4.895,0.00054219
4.9,0.00053955
4.905,0.00053692
4.91,0.0005343
4.915,0.0005317
4.92,0.00052912
4.925,0.00052655
4.93,0.000524
4.935,0.00052146
4.94,0.00051893
4.945,0.00051642
4.95,0.00051392
4.955,0.00051144
4.96,0.00050897
4.965,0.00050651
4.97,0.00050407
4.975,0.00050165
4.98,0.00049923
4.985,0.00049683
4.99,0.00049445
4.995,0.00049207
5,0.00048971
5.005,0.00048737
5.01,0.00048503
5.015,0.00048271
5.02,0.00048041
5.025,0.00047811
5.03,0.00047583
5.035,0.00047356
5.04,0.00047131
5.045,0.00046906
5.05,0.00046683
5.055,0.00046462
5.06,0.00046241
5.065,0.00046022
5.07,0.00045804
5.075,0.00045587
5.08,0.00045371
5.085,0.00045156
5.09,0.00044943
5.095,0.00044731
5.1,0.0004452
5.105,0.0004431
5.11,0.00044102
5.115,0.00043894
5.12,0.00043688
5.125,0.00043483
5.13,0.00043279
5.135,0.00043076
5.14,0.00042874
5.145,0.00042673
5.15,0.00042474
5.155,0.00042275
5.16,0.00042078
5.165,0.00041881
5.17,0.00041686
5.175,0.00041492
5.18,0.00041299
5.185,0.00041107
5.19,0.00040916
5.195,0.00040726
5.2,0.00040537
5.205,0.00040349
5.21,0.00040162
5.215,0.00039977
5.22,0.00039792
5.225,0.00039608
5.23,0.00039425
5.235,0.00039243
5.24,0.00039062
5.245,0.00038883
5.25,0.00038704
5.255,0.00038526
5.26,0.00038349
5.265,0.00038173
5.27,0.00037998
5.275,0.00037824
5.28,0.00037651
5.285,0.00037478
5.29,0.00037307
5.295,0.00037137
5.3,0.00036967
5.305,0.00036799
5.31,0.00036631
5.315,0.00036465
5.32,0.00036299
5.325,0.00036134
5.33,0.0003597
5.335,0.00035807
5.34,0.00035644
5.345,0.00035483
5.35,0.00035322
5.355,0.00035163
5.36,0.00035004
5.365,0.00034846
5.37,0.00034688
5.375,0.00034532
5.38,0.00034377
5.385,0.00034222
5.39,0.00034068
5.395,0.00033915
5.4,0.00033763
5.405,0.00033611
5.41,0.00033461
5.415,0.00033311
5.42,0.00033162
5.425,0.00033014
5.43,0.00032866
5.435,0.0003272
5.44,0.00032574
5.445,0.00032428
5.45,0.00032284
5.455,0.0003214
5.46,0.00031998
5.465,0.00031856
5.47,0.00031714
5.475,0.00031574
5.48,0.00031434
5.485,0.00031294
5.49,0.00031156
5.495,0.00031018
5.5,0.00030881
5.505,0.00030745
5.51,0.0003061
5.515,0.00030475
5.52,0.00030341
5.525,0.00030207
5.53,0.00030074
5.535,0.00029942
5.54,0.00029811
5.545,0.0002968
5.55,0.0002955
5.555,0.00029421
5.56,0.00029292
5.565,0.00029164
5.57,0.00029037
5.575,0.0002891
5.58,0.00028784
5.585,0.00028659
5.59,0.00028534
5.595,0.0002841
5.6,0.00028286
5.605,0.00028163
5.61,0.00028041
5.615,0.0002792
5.62,0.00027799
5.625,0.00027678
5.63,0.00027559
5.635,0.0002744
5.64,0.00027321
5.645,0.00027203
5.65,0.00027086
5.655,0.00026969
5.66,0.00026853
5.665,0.00026738
5.67,0.00026623
5.675,0.00026508
5.68,0.00026395
5.685,0.00026282
5.69,0.00026169
5.695,0.00026057
5.7,0.00025946
5.705,0.00025835
5.71,0.00025724
5.715,0.00025615
5.72,0.00025505
5.725,0.00025397
5.73,0.00025289
5.735,0.00025181
5.74,0.00025074
5.745,0.00024968
5.75,0.00024862
5.755,0.00024756
5.76,0.00024651
5.765,0.00024547
5.77,0.00024443
5.775,0.0002434
5.78,0.00024237
5.785,0.00024135
5.79,0.00024033
5.795,0.00023932
5.8,0.00023831
5.805,0.00023731
5.81,0.00023631
5.815,0.00023532
5.82,0.00023433
5.825,0.00023335
5.83,0.00023237
5.835,0.0002314
5.84,0.00023043
5.845,0.00022946
5.85,0.00022851
5.855,0.00022755
5.86,0.0002266
5.865,0.00022566
5.87,0.00022472
5.875,0.00022378
5.88,0.00022285
5.885,0.00022193
5.89,0.00022101
5.895,0.00022009
5.9,0.00021918
5.905,0.00021827
5.91,0.00021737
5.915,0.00021647
5.92,0.00021557
5.925,0.00021468
5.93,0.0002138
5.935,0.00021291
5.94,0.00021204
5.945,0.00021116
5.95,0.0002103
5.955,0.00020943
5.96,0.00020857
5.965,0.00020772
5.97,0.00020686
5.975,0.00020602
5.98,0.00020517
5.985,0.00020433
5.99,0.0002035
5.995,0.00020267
6,0.00020184
6.005,0.00020102
6.01,0.0002002
6.015,0.00019938
6.02,0.00019857
6.025,0.00019776
6.03,0.00019696
6.035,0.00019616
6.04,0.00019537
6.045,0.00019457
6.05,0.00019379
6.055,0.000193
6.06,0.00019222
6.065,0.00019144
6.07,0.00019067
6.075,0.0001899
6.08,0.00018914
6.085,0.00018837
6.09,0.00018762
6.095,0.00018686
6.1,0.00018611
6.105,0.00018536
6.11,0.00018462
6.115,0.00018388
6.12,0.00018314
6.125,0.00018241
6.13,0.00018168
6.135,0.00018095
6.14,0.00018023
6.145,0.00017951
6.15,0.00017879
6.155,0.00017808
6.16,0.00017737
6.165,0.00017666
6.17,0.00017596
6.175,0.00017526
6.18,0.00017457
6.185,0.00017387
6.19,0.00017318
6.195,0.0001725
6.2,0.00017182
6.205,0.00017114
6.21,0.00017046
6.215,0.00016979
6.22,0.00016912
6.225,0.00016845
6.23,0.00016778
6.235,0.00016712
6.24,0.00016647
6.245,0.00016581
6.25,0.00016516
6.255,0.00016451
6.26,0.00016387
6.265,0.00016322
6.27,0.00016258
6.275,0.00016195
6.28,0.00016131
