0,0
0.005,0
0.01,0
0.015,0
0.02,0
0.025,0
0.03,0
0.035,0
0.04,0
0.045,0
0.05,0
0.055,0
0.06,0
0.065,0
0.07,0
0.075,0
0.08,0
0.085,0
0.09,0
0.095,0
0.1,2.1695e-299
0.105,1.0659e-245
0.11,2.0535e-203
0.115,9.4541e-170
0.12,1.097e-142
0.125,9.9233e-121
0.13,9.0598e-103
0.135,5.7716e-088
0.14,1.1223e-075
0.145,2.0786e-065
0.15,8.8881e-057
0.155,1.7585e-049
0.16,2.7906e-043
0.165,5.5078e-038
0.17,1.9231e-033
0.175,1.5792e-029
0.18,3.8455e-026
0.185,3.3564e-023
0.19,1.2273e-020
0.195,2.1394e-018
0.2,1.9792e-016
0.205,1.0628e-014
0.21,3.5716e-013
0.215,8.0034e-012
0.22,1.2617e-010
0.225,1.4646e-009
0.23,1.3014e-008
0.235,9.1513e-008
0.24,5.2398e-007
0.245,2.5036e-006
0.25,1.0197e-005
0.255,3.6061e-005
0.26,0.0001125
0.265,0.000314
0.27,0.0007936
0.275,0.0018357
0.28,0.003923
0.285,0.0078091
0.29,0.014585
0.295,0.025724
0.3,0.043086
0.305,0.068882
0.31,0.10559
0.315,0.15579
0.32,0.22208
0.325,0.3068
0.33,0.41194
0.335,0.53896
0.34,0.6887
0.345,0.86133
0.35,1.0563
0.355,1.2725
0.36,1.5082
0.365,1.7614
0.37,2.0299
0.375,2.3117
0.38,2.6052
0.385,2.9096
0.39,3.2255
0.395,3.555
0.4,3.9026
0.405,4.2752
0.41,4.6826
0.415,5.1382
0.42,5.6584
0.425,6.2633
0.43,6.9755
0.435,7.8191
0.44,8.8167
0.445,9.9854
0.45,11.33
0.455,12.833
0.46,14.448
0.465,16.091
0.47,17.639
0.475,18.946
0.48,19.865
0.485,20.28
0.49,20.195
0.495,19.759
0.5,19.016
0.505,18.027
0.51,16.866
0.515,15.607
0.52,14.32
0.525,13.061
0.53,11.871
0.535,10.777
0.54,9.7925
0.545,8.9227
0.55,8.1638
0.555,7.5083
0.56,6.9458
0.565,6.4653
0.57,6.0555
0.575,5.7058
0.58,5.4065
0.585,5.149
0.59,4.9259
0.595,4.7306
0.6,4.5579
0.605,4.4031
0.61,4.2627
0.615,4.1336
0.62,4.0135
0.625,3.9005
0.63,3.7933
0.635,3.6906
0.64,3.5918
0.645,3.4961
0.65,3.4033
0.655,3.3131
0.66,3.2251
0.665,3.1394
0.67,3.0557
0.675,2.974
0.68,2.8944
0.685,2.8167
0.69,2.7409
0.695,2.6669
0.7,2.5949
0.705,2.5247
0.71,2.4563
0.715,2.3898
0.72,2.3249
0.725,2.2619
0.73,2.2005
0.735,2.1408
0.74,2.0828
0.745,2.0263
0.75,1.9714
0.755,1.9181
0.76,1.8662
0.765,1.8159
0.77,1.7669
0.775,1.7194
0.78,1.6732
0.785,1.6283
0.79,1.5847
0.795,1.5424
0.8,1.5013
0.805,1.4613
0.81,1.4226
0.815,1.3849
0.82,1.3484
0.825,1.3128
0.83,1.2784
0.835,1.2449
0.84,1.2124
0.845,1.1808
0.85,1.1502
0.855,1.1204
0.86,1.0915
0.865,1.0634
0.87,1.0362
0.875,1.0097
0.88,0.98395
0.885,0.95897
0.89,0.9347
0.895,0.91113
0.9,0.88823
0.905,0.86598
0.91,0.84436
0.915,0.82336
0.92,0.80295
0.925,0.78312
0.93,0.76385
0.935,0.74512
0.94,0.72691
0.945,0.70921
0.95,0.69201
0.955,0.67529
0.96,0.65903
0.965,0.64322
0.97,0.62784
0.975,0.61289
0.98,0.59835
0.985,0.58421
0.99,0.57045
0.995,0.55707
1,0.54405
1.005,0.53139
1.01,0.51906
1.015,0.50707
1.02,0.49539
1.025,0.48403
1.03,0.47298
1.035,0.46221
1.04,0.45173
1.045,0.44153
1.05,0.43159
1.055,0.42192
1.06,0.4125
1.065,0.40332
1.07,0.39438
1.075,0.38567
1.08,0.37719
1.085,0.36893
1.09,0.36087
1.095,0.35303
1.1,0.34538
1.105,0.33793
1.11,0.33066
1.115,0.32358
1.12,0.31667
1.125,0.30994
1.13,0.30338
1.135,0.29698
1.14,0.29073
1.145,0.28464
1.15,0.27871
1.155,0.27291
1.16,0.26726
1.165,0.26175
1.17,0.25637
1.175,0.25112
1.18,0.24599
1.185,0.24099
1.19,0.23611
1.195,0.23135
1.2,0.2267
1.205,0.22216
1.21,0.21772
1.215,0.21339
1.22,0.20916
1.225,0.20504
1.23,0.201
1.235,0.19706
1.24,0.19322
1.245,0.18946
1.25,0.18578
1.255,0.18219
1.26,0.17869
1.265,0.17526
1.27,0.17191
1.275,0.16864
1.28,0.16544
1.285,0.16231
1.29,0.15925
1.295,0.15626
1.3,0.15334
1.305,0.15048
1.31,0.14768
1.315,0.14495
1.32,0.14227
1.325,0.13966
1.33,0.1371
1.335,0.13459
1.34,0.13214
1.345,0.12975
1.35,0.1274
1.355,0.12511
1.36,0.12286
1.365,0.12066
1.37,0.11851
1.375,0.11641
1.38,0.11435
1.385,0.11233
1.39,0.11035
1.395,0.10842
1.4,0.10652
1.405,0.10467
1.41,0.10285
1.415,0.10107
1.42,0.09933
1.425,0.097623
1.43,0.095951
1.435,0.094312
1.44,0.092708
1.445,0.091135
1.45,0.089594
1.455,0.088084
1.46,0.086605
1.465,0.085155
1.47,0.083734
1.475,0.082341
1.48,0.080975
1.485,0.079637
1.49,0.078324
1.495,0.077038
1.5,0.075776
1.505,0.07454
1.51,0.073327
1.515,0.072138
1.52,0.070971
1.525,0.069827
1.53,0.068705
1.535,0.067605
1.54,0.066525
1.545,0.065466
1.55,0.064427
1.555,0.063408
1.56,0.062408
1.565,0.061426
1.57,0.060463
1.575,0.059518
1.58,0.058591
1.585,0.057681
1.59,0.056787
1.595,0.05591
1.6,0.05505
1.605,0.054205
1.61,0.053375
1.615,0.052561
1.62,0.051761
1.625,0.050976
1.63,0.050205
1.635,0.049448
1.64,0.048705
1.645,0.047975
1.65,0.047258
1.655,0.046553
1.66,0.045861
1.665,0.045182
1.67,0.044514
1.675,0.043859
1.68,0.043214
1.685,0.042581
1.69,0.04196
1.695,0.041349
1.7,0.040748
1.705,0.040158
1.71,0.039578
1.715,0.039008
1.72,0.038448
1.725,0.037898
1.73,0.037357
1.735,0.036825
1.74,0.036302
1.745,0.035788
1.75,0.035282
1.755,0.034786
1.76,0.034297
1.765,0.033817
1.77,0.033345
1.775,0.03288
1.78,0.032424
1.785,0.031975
1.79,0.031533
1.795,0.031098
1.8,0.030671
1.805,0.030251
1.81,0.029838
1.815,0.029431
1.82,0.029031
1.825,0.028637
1.83,0.02825
1.835,0.027869
1.84,0.027495
1.845,0.027126
1.85,0.026763
1.855,0.026406
1.86,0.026055
1.865,0.025709
1.87,0.025369
1.875,0.025034
1.88,0.024704
1.885,0.024379
1.89,0.02406
1.895,0.023746
1.9,0.023436
1.905,0.023132
1.91,0.022832
1.915,0.022536
1.92,0.022246
1.925,0.021959
1.93,0.021678
1.935,0.0214
1.94,0.021127
1.945,0.020858
1.95,0.020593
1.955,0.020332
1.96,0.020075
1.965,0.019821
1.97,0.019572
1.975,0.019327
1.98,0.019085
1.985,0.018846
1.99,0.018612
1.995,0.01838
2,0.018153
2.005,0.017928
2.01,0.017707
2.015,0.017489
2.02,0.017274
2.025,0.017063
2.03,0.016855
2.035,0.016649
2.04,0.016447
2.045,0.016247
2.05,0.016051
2.055,0.015857
2.06,0.015666
2.065,0.015478
2.07,0.015293
2.075,0.01511
2.08,0.01493
2.085,0.014752
2.09,0.014577
2.095,0.014404
2.1,0.014234
2.105,0.014066
2.11,0.013901
2.115,0.013738
2.12,0.013577
2.125,0.013418
2.13,0.013262
2.135,0.013108
2.14,0.012956
2.145,0.012806
2.15,0.012658
2.155,0.012512
2.16,0.012369
2.165,0.012227
2.17,0.012087
2.175,0.011949
2.18,0.011813
2.185,0.011679
2.19,0.011546
2.195,0.011416
2.2,0.011287
2.205,0.01116
2.21,0.011034
2.215,0.010911
2.22,0.010789
2.225,0.010668
2.23,0.01055
2.235,0.010432
2.24,0.010317
2.245,0.010203
2.25,0.01009
2.255,0.0099788
2.26,0.0098691
2.265,0.0097609
2.27,0.0096541
2.275,0.0095487
2.28,0.0094447
2.285,0.009342
2.29,0.0092407
2.295,0.0091407
2.3,0.0090419
2.305,0.0089445
2.31,0.0088483
2.315,0.0087533
2.32,0.0086596
2.325,0.008567
2.33,0.0084757
2.335,0.0083855
2.34,0.0082965
2.345,0.0082086
2.35,0.0081218
2.355,0.0080361
2.36,0.0079514
2.365,0.0078679
2.37,0.0077854
2.375,0.0077039
2.38,0.0076235
2.385,0.0075441
2.39,0.0074656
2.395,0.0073881
2.4,0.0073116
2.405,0.0072361
2.41,0.0071614
2.415,0.0070877
2.42,0.0070149
2.425,0.006943
2.43,0.006872
2.435,0.0068018
2.44,0.0067325
2.445,0.0066641
2.45,0.0065965
2.455,0.0065297
2.46,0.0064637
2.465,0.0063985
2.47,0.0063341
2.475,0.0062705
2.48,0.0062076
2.485,0.0061455
2.49,0.0060841
2.495,0.0060235
2.5,0.0059636
2.505,0.0059044
2.51,0.0058459
2.515,0.0057881
2.52,0.005731
2.525,0.0056745
2.53,0.0056188
2.535,0.0055637
2.54,0.0055092
2.545,0.0054553
2.55,0.0054021
2.555,0.0053496
2.56,0.0052976
2.565,0.0052462
2.57,0.0051955
2.575,0.0051453
2.58,0.0050957
2.585,0.0050466
2.59,0.0049982
2.595,0.0049503
2.6,0.0049029
2.605,0.0048561
2.61,0.0048098
2.615,0.0047641
2.62,0.0047188
2.625,0.0046741
2.63,0.0046299
2.635,0.0045862
2.64,0.004543
2.645,0.0045002
2.65,0.004458
2.655,0.0044162
2.66,0.0043749
2.665,0.0043341
2.67,0.0042937
2.675,0.0042538
2.68,0.0042143
2.685,0.0041752
2.69,0.0041366
2.695,0.0040984
2.7,0.0040606
2.705,0.0040233
2.71,0.0039863
2.715,0.0039498
2.72,0.0039137
2.725,0.0038779
2.73,0.0038426
2.735,0.0038076
2.74,0.0037731
2.745,0.0037389
2.75,0.003705
2.755,0.0036716
2.76,0.0036384
2.765,0.0036057
2.77,0.0035733
2.775,0.0035413
2.78,0.0035096
2.785,0.0034782
2.79,0.0034472
2.795,0.0034165
2.8,0.0033861
2.805,0.0033561
2.81,0.0033263
2.815,0.0032969
2.82,0.0032678
2.825,0.003239
2.83,0.0032105
2.835,0.0031824
2.84,0.0031545
2.845,0.0031269
2.85,0.0030996
2.855,0.0030725
2.86,0.0030458
2.865,0.0030193
2.87,0.0029931
2.875,0.0029672
2.88,0.0029416
2.885,0.0029162
2.89,0.0028911
2.895,0.0028662
2.9,0.0028416
2.905,0.0028173
2.91,0.0027932
2.915,0.0027693
2.92,0.0027457
2.925,0.0027223
2.93,0.0026992
2.935,0.0026763
2.94,0.0026536
2.945,0.0026312
2.95,0.002609
2.955,0.002587
2.96,0.0025653
2.965,0.0025437
2.97,0.0025224
2.975,0.0025013
2.98,0.0024804
2.985,0.0024597
2.99,0.0024392
2.995,0.0024189
3,0.0023989
3.005,0.002379
3.01,0.0023593
3.015,0.0023398
3.02,0.0023205
3.025,0.0023014
3.03,0.0022825
3.035,0.0022638
3.04,0.0022452
3.045,0.0022269
3.05,0.0022087
3.055,0.0021907
3.06,0.0021729
3.065,0.0021552
3.07,0.0021377
3.075,0.0021204
3.08,0.0021033
3.085,0.0020863
3.09,0.0020695
3.095,0.0020528
3.1,0.0020363
3.105,0.00202
3.11,0.0020038
3.115,0.0019878
3.12,0.0019719
3.125,0.0019562
3.13,0.0019406
3.135,0.0019252
3.14,0.00191
3.145,0.0018948
3.15,0.0018799
3.155,0.001865
3.16,0.0018503
3.165,0.0018357
3.17,0.0018213
3.175,0.001807
3.18,0.0017929
3.185,0.0017789
3.19,0.001765
3.195,0.0017512
3.2,0.0017376
3.205,0.0017241
3.21,0.0017107
3.215,0.0016974
3.22,0.0016843
3.225,0.0016713
3.23,0.0016584
3.235,0.0016456
3.24,0.001633
3.245,0.0016205
3.25,0.001608
3.255,0.0015957
3.26,0.0015835
3.265,0.0015715
3.27,0.0015595
3.275,0.0015476
3.28,0.0015359
3.285,0.0015242
3.29,0.0015127
3.295,0.0015012
3.3,0.0014899
3.305,0.0014787
3.31,0.0014675
3.315,0.0014565
3.32,0.0014456
3.325,0.0014348
3.33,0.001424
3.335,0.0014134
3.34,0.0014028
3.345,0.0013924
3.35,0.001382
3.355,0.0013718
3.36,0.0013616
3.365,0.0013515
3.37,0.0013415
3.375,0.0013316
3.38,0.0013218
3.385,0.0013121
3.39,0.0013024
3.395,0.0012929
3.4,0.0012834
3.405,0.001274
3.41,0.0012647
3.415,0.0012555
3.42,0.0012463
3.425,0.0012373
3.43,0.0012283
3.435,0.0012194
3.44,0.0012105
3.445,0.0012018
3.45,0.0011931
3.455,0.0011845
3.46,0.001176
3.465,0.0011675
3.47,0.0011591
3.475,0.0011508
3.48,0.0011426
3.485,0.0011344
3.49,0.0011263
3.495,0.0011183
3.5,0.0011103
3.505,0.0011024
3.51,0.0010946
3.515,0.0010868
3.52,0.0010791
3.525,0.0010715
3.53,0.0010639
3.535,0.0010564
3.54,0.001049
3.545,0.0010416
3.55,0.0010343
3.555,0.0010271
3.56,0.0010199
3.565,0.0010127
3.57,0.0010057
3.575,0.00099866
3.58,0.00099171
3.585,0.00098482
3.59,0.00097798
3.595,0.0009712
3.6,0.00096448
3.605,0.00095781
3.61,0.0009512
3.615,0.00094464
3.62,0.00093813
3.625,0.00093168
3.63,0.00092529
3.635,0.00091894
3.64,0.00091265
3.645,0.00090641
3.65,0.00090022
3.655,0.00089408
3.66,0.00088799
3.665,0.00088195
3.67,0.00087597
3.675,0.00087002
3.68,0.00086413
3.685,0.00085829
3.69,0.00085249
3.695,0.00084674
3.7,0.00084103
3.705,0.00083538
3.71,0.00082976
3.715,0.0008242
3.72,0.00081867
3.725,0.0008132
3.73,0.00080776
3.735,0.00080237
3.74,0.00079702
3.745,0.00079172
3.75,0.00078646
3.755,0.00078124
3.76,0.00077606
3.765,0.00077092
3.77,0.00076582
3.775,0.00076076
3.78,0.00075575
3.785,0.00075077
3.79,0.00074583
3.795,0.00074093
3.8,0.00073607
3.805,0.00073125
3.81,0.00072647
3.815,0.00072172
3.82,0.00071701
3.825,0.00071234
3.83,0.0007077
3.835,0.0007031
3.84,0.00069854
3.845,0.00069401
3.85,0.00068951
3.855,0.00068505
3.86,0.00068063
3.865,0.00067624
3.87,0.00067188
3.875,0.00066756
3.88,0.00066327
3.885,0.00065902
3.89,0.00065479
3.895,0.0006506
3.9,0.00064644
3.905,0.00064232
3.91,0.00063822
3.915,0.00063416
3.92,0.00063012
3.925,0.00062612
3.93,0.00062215
3.935,0.00061821
3.94,0.0006143
3.945,0.00061041
3.95,0.00060656
3.955,0.00060274
3.96,0.00059894
3.965,0.00059518
3.97,0.00059144
3.975,0.00058773
3.98,0.00058405
3.985,0.00058039
3.99,0.00057677
3.995,0.00057317
4,0.00056959
4.005,0.00056605
4.01,0.00056253
4.015,0.00055904
4.02,0.00055557
4.025,0.00055213
4.03,0.00054871
4.035,0.00054532
4.04,0.00054196
4.045,0.00053862
4.05,0.0005353
4.055,0.00053201
4.06,0.00052874
4.065,0.0005255
4.07,0.00052228
4.075,0.00051908
4.08,0.00051591
4.085,0.00051276
4.09,0.00050964
4.095,0.00050653
4.1,0.00050345
4.105,0.00050039
4.11,0.00049736
4.115,0.00049434
4.12,0.00049135
4.125,0.00048838
4.13,0.00048543
4.135,0.00048251
4.14,0.0004796
4.145,0.00047672
4.15,0.00047385
4.155,0.00047101
4.16,0.00046818
4.165,0.00046538
4.17,0.0004626
4.175,0.00045984
4.18,0.00045709
4.185,0.00045437
4.19,0.00045166
4.195,0.00044898
4.2,0.00044631
4.205,0.00044367
4.21,0.00044104
4.215,0.00043843
4.22,0.00043584
4.225,0.00043327
4.23,0.00043071
4.235,0.00042818
4.24,0.00042566
4.245,0.00042316
4.25,0.00042068
4.255,0.00041821
4.26,0.00041576
4.265,0.00041333
4.27,0.00041092
4.275,0.00040852
4.28,0.00040614
4.285,0.00040378
4.29,0.00040143
4.295,0.0003991
4.3,0.00039678
4.305,0.00039448
4.31,0.0003922
4.315,0.00038994
4.32,0.00038768
4.325,0.00038545
4.33,0.00038323
4.335,0.00038102
4.34,0.00037884
4.345,0.00037666
4.35,0.0003745
4.355,0.00037236
4.36,0.00037023
4.365,0.00036811
4.37,0.00036601
4.375,0.00036392
4.38,0.00036185
4.385,0.00035979
4.39,0.00035775
4.395,0.00035572
4.4,0.0003537
4.405,0.0003517
4.41,0.00034971
4.415,0.00034774
4.42,0.00034577
4.425,0.00034383
4.43,0.00034189
4.435,0.00033997
4.44,0.00033806
4.445,0.00033616
4.45,0.00033428
4.455,0.00033241
4.46,0.00033055
4.465,0.0003287
4.47,0.00032687
4.475,0.00032505
4.48,0.00032324
4.485,0.00032144
4.49,0.00031965
4.495,0.00031788
4.5,0.00031612
4.505,0.00031437
4.51,0.00031263
4.515,0.0003109
4.52,0.00030919
4.525,0.00030748
4.53,0.00030579
4.535,0.00030411
4.54,0.00030244
4.545,0.00030078
4.55,0.00029913
4.555,0.00029749
4.56,0.00029586
4.565,0.00029425
4.57,0.00029264
4.575,0.00029104
4.58,0.00028946
4.585,0.00028789
4.59,0.00028632
4.595,0.00028477
4.6,0.00028322
4.605,0.00028169
4.61,0.00028016
4.615,0.00027865
4.62,0.00027715
4.625,0.00027565
4.63,0.00027417
4.635,0.00027269
4.64,0.00027122
4.645,0.00026977
4.65,0.00026832
4.655,0.00026688
4.66,0.00026545
4.665,0.00026404
4.67,0.00026263
4.675,0.00026122
4.68,0.00025983
4.685,0.00025845
4.69,0.00025707
4.695,0.00025571
4.7,0.00025435
4.705,0.000253
4.71,0.00025166
4.715,0.00025033
4.72,0.00024901
4.725,0.00024769
4.73,0.00024639
4.735,0.00024509
4.74,0.0002438
4.745,0.00024252
4.75,0.00024124
4.755,0.00023998
4.76,0.00023872
4.765,0.00023747
4.77,0.00023623
4.775,0.000235
4.78,0.00023377
4.785,0.00023255
4.79,0.00023134
4.795,0.00023014
4.8,0.00022894
4.805,0.00022775
4.81,0.00022657
4.815,0.0002254
4.82,0.00022423
4.825,0.00022307
4.83,0.00022192
4.835,0.00022077
4.84,0.00021964
4.845,0.0002185
4.85,0.00021738
4.855,0.00021626
4.86,0.00021515
4.865,0.00021405
4.87,0.00021295
4.875,0.00021186
4.88,0.00021078
4.885,0.0002097
4.89,0.00020863
4.895,0.00020757
4.9,0.00020651
4.905,0.00020546
4.91,0.00020442
4.915,0.00020338
4.92,0.00020235
4.925,0.00020133
4.93,0.00020031
4.935,0.0001993
4.94,0.00019829
4.945,0.00019729
4.95,0.00019629
4.955,0.00019531
4.96,0.00019432
4.965,0.00019335
4.97,0.00019238
4.975,0.00019141
4.98,0.00019045
4.985,0.0001895
4.99,0.00018855
4.995,0.00018761
5,0.00018667
5.005,0.00018574
5.01,0.00018482
5.015,0.0001839
5.02,0.00018299
5.025,0.00018208
5.03,0.00018117
5.035,0.00018028
5.04,0.00017938
5.045,0.0001785
5.05,0.00017762
5.055,0.00017674
5.06,0.00017587
5.065,0.000175
5.07,0.00017414
5.075,0.00017328
5.08,0.00017243
5.085,0.00017159
5.09,0.00017075
5.095,0.00016991
5.1,0.00016908
5.105,0.00016825
5.11,0.00016743
5.115,0.00016661
5.12,0.0001658
5.125,0.000165
5.13,0.00016419
5.135,0.00016339
5.14,0.0001626
5.145,0.00016181
5.15,0.00016103
5.155,0.00016025
5.16,0.00015948
5.165,0.0001587
5.17,0.00015794
5.175,0.00015718
5.18,0.00015642
5.185,0.00015567
5.19,0.00015492
5.195,0.00015418
5.2,0.00015344
5.205,0.0001527
5.21,0.00015197
5.215,0.00015124
5.22,0.00015052
5.225,0.0001498
5.23,0.00014909
5.235,0.00014837
5.24,0.00014767
5.245,0.00014697
5.25,0.00014627
5.255,0.00014557
5.26,0.00014488
5.265,0.0001442
5.27,0.00014351
5.275,0.00014283
5.28,0.00014216
5.285,0.00014149
5.29,0.00014082
5.295,0.00014016
5.3,0.0001395
5.305,0.00013884
5.31,0.00013819
5.315,0.00013754
5.32,0.0001369
5.325,0.00013625
5.33,0.00013562
5.335,0.00013498
5.34,0.00013435
5.345,0.00013372
5.35,0.0001331
5.355,0.00013248
5.36,0.00013186
5.365,0.00013125
5.37,0.00013064
5.375,0.00013003
5.38,0.00012943
5.385,0.00012883
5.39,0.00012823
5.395,0.00012764
5.4,0.00012705
5.405,0.00012647
5.41,0.00012588
5.415,0.0001253
5.42,0.00012472
5.425,0.00012415
5.43,0.00012358
5.435,0.00012301
5.44,0.00012245
5.445,0.00012189
5.45,0.00012133
5.455,0.00012077
5.46,0.00012022
5.465,0.00011967
5.47,0.00011913
5.475,0.00011859
5.48,0.00011805
5.485,0.00011751
5.49,0.00011697
5.495,0.00011644
5.5,0.00011591
5.505,0.00011539
5.51,0.00011487
5.515,0.00011435
5.52,0.00011383
5.525,0.00011332
5.53,0.0001128
5.535,0.0001123
5.54,0.00011179
5.545,0.00011129
5.55,0.00011079
5.555,0.00011029
5.56,0.00010979
5.565,0.0001093
5.57,0.00010881
5.575,0.00010832
5.58,0.00010784
5.585,0.00010736
5.59,0.00010688
5.595,0.0001064
5.6,0.00010593
5.605,0.00010546
5.61,0.00010499
5.615,0.00010452
5.62,0.00010406
5.625,0.0001036
5.63,0.00010314
5.635,0.00010268
5.64,0.00010223
5.645,0.00010177
5.65,0.00010132
5.655,0.00010088
5.66,0.00010043
5.665,9.999e-005
5.67,9.955e-005
5.675,9.9112e-005
5.68,9.8676e-005
5.685,9.8243e-005
5.69,9.7812e-005
5.695,9.7384e-005
5.7,9.6957e-005
5.705,9.6533e-005
5.71,9.6111e-005
5.715,9.5692e-005
5.72,9.5274e-005
5.725,9.4859e-005
5.73,9.4446e-005
5.735,9.4035e-005
5.74,9.3626e-005
5.745,9.3219e-005
5.75,9.2815e-005
5.755,9.2412e-005
5.76,9.2012e-005
5.765,9.1614e-005
5.77,9.1217e-005
5.775,9.0823e-005
5.78,9.0431e-005
5.785,9.0041e-005
5.79,8.9653e-005
5.795,8.9267e-005
5.8,8.8883e-005
5.805,8.8501e-005
5.81,8.8121e-005
5.815,8.7742e-005
5.82,8.7366e-005
5.825,8.6992e-005
5.83,8.6619e-005
5.835,8.6249e-005
5.84,8.588e-005
5.845,8.5514e-005
5.85,8.5149e-005
5.855,8.4786e-005
5.86,8.4425e-005
5.865,8.4066e-005
5.87,8.3708e-005
5.875,8.3353e-005
5.88,8.2999e-005
5.885,8.2647e-005
5.89,8.2297e-005
5.895,8.1948e-005
5.9,8.1602e-005
5.905,8.1257e-005
5.91,8.0914e-005
5.915,8.0572e-005
5.92,8.0233e-005
5.925,7.9895e-005
5.93,7.9558e-005
5.935,7.9224e-005
5.94,7.8891e-005
5.945,7.856e-005
5.95,7.823e-005
5.955,7.7903e-005
5.96,7.7576e-005
5.965,7.7252e-005
5.97,7.6929e-005
5.975,7.6607e-005
5.98,7.6288e-005
5.985,7.597e-005
5.99,7.5653e-005
5.995,7.5338e-005
6,7.5025e-005
6.005,7.4713e-005
6.01,7.4403e-005
6.015,7.4094e-005
6.02,7.3787e-005
6.025,7.3481e-005
6.03,7.3177e-005
6.035,7.2874e-005
6.04,7.2573e-005
6.045,7.2274e-005
6.05,7.1976e-005
6.055,7.1679e-005
6.06,7.1384e-005
6.065,7.109e-005
6.07,7.0798e-005
6.075,7.0507e-005
6.08,7.0217e-005
6.085,6.9929e-005
6.09,6.9643e-005
6.095,6.9358e-005
6.1,6.9074e-005
6.105,6.8791e-005
6.11,6.851e-005
6.115,6.8231e-005
6.12,6.7953e-005
6.125,6.7676e-005
6.13,6.74e-005
6.135,6.7126e-005
6.14,6.6853e-005
6.145,6.6582e-005
6.15,6.6311e-005
6.155,6.6042e-005
6.16,6.5775e-005
6.165,6.5509e-005
6.17,6.5244e-005
6.175,6.498e-005
6.18,6.4717e-005
6.185,6.4456e-005
6.19,6.4196e-005
6.195,6.3938e-005
6.2,6.368e-005
6.205,6.3424e-005
6.21,6.3169e-005
6.215,6.2916e-005
6.22,6.2663e-005
6.225,6.2412e-005
6.23,6.2162e-005
6.235,6.1913e-005
6.24,6.1665e-005
6.245,6.1419e-005
6.25,6.1174e-005
6.255,6.093e-005
6.26,6.0687e-005
6.265,6.0445e-005
6.27,6.0204e-005
6.275,5.9965e-005
6.28,5.9726e-005
