0,0
0.005,0
0.01,0
0.015,0
0.02,0
0.025,0
0.03,0
0.035,0
0.04,0
0.045,0
0.05,0
0.055,0
0.06,0
0.065,0
0.07,0
0.075,0
0.08,0
0.085,0
0.09,0
0.095,0
0.1,0
0.105,0
0.11,0
0.115,0
0.12,0
0.125,0
0.13,0
0.135,0
0.14,0
0.145,0
0.15,0
0.155,0
0.16,0
0.165,0
0.17,0
0.175,0
0.18,0
0.185,0
0.19,0
0.195,0
0.2,0
0.205,0
0.21,0
0.215,0
0.22,0
0.225,0
0.23,0
0.235,0
0.24,0
0.245,0
0.25,0
0.255,0
0.26,0
0.265,0
0.27,0
0.275,0
0.28,0
0.285,0
0.29,0
0.295,0
0.3,0
0.305,0
0.31,0
0.315,0
0.32,0
0.325,0
0.33,0
0.335,5.4069e-312
0.34,5.6769e-294
0.345,3.1316e-277
0.35,1.1622e-261
0.355,3.6277e-247
0.36,1.1657e-233
0.365,4.631e-221
0.37,2.6856e-209
0.375,2.6438e-198
0.38,5.0684e-188
0.385,2.1442e-178
0.39,2.2437e-169
0.395,6.4445e-161
0.4,5.5882e-153
0.405,1.5961e-145
0.41,1.6263e-138
0.415,6.3604e-132
0.42,1.0212e-125
0.425,7.1603e-120
0.43,2.3206e-114
0.435,3.663e-109
0.44,2.9555e-104
0.445,1.2743e-099
0.45,3.0595e-095
0.455,4.2485e-091
0.46,3.5344e-087
0.465,1.8198e-083
0.47,5.9767e-080
0.475,1.2876e-076
0.48,1.8674e-073
0.485,1.8677e-070
0.49,1.3175e-067
0.495,6.6933e-065
0.5,2.4968e-062
0.505,6.9636e-060
0.51,1.4769e-057
0.515,2.4195e-055
0.52,3.1074e-053
0.525,3.1716e-051
0.53,2.606e-049
0.535,1.7446e-047
0.54,9.6231e-046
0.545,4.4199e-044
0.55,1.7071e-042
0.555,5.5964e-041
0.56,1.5707e-039
0.565,3.8052e-038
0.57,8.0181e-037
0.575,1.4802e-035
0.58,2.41e-034
0.585,3.4833e-033
0.59,4.4957e-032
0.595,5.211e-031
0.6,5.4531e-030
0.605,5.1781e-029
0.61,4.4826e-028
0.615,3.5538e-027
0.62,2.591e-026
0.625,1.7441e-025
0.63,1.0881e-024
0.635,6.3142e-024
0.64,3.4193e-023
0.645,1.7335e-022
0.65,8.2531e-022
0.655,3.7002e-021
0.66,1.5665e-020
0.665,6.2785e-020
0.67,2.3881e-019
0.675,8.64e-019
0.68,2.98e-018
0.685,9.8182e-018
0.69,3.0963e-017
0.695,9.3639e-017
0.7,2.7205e-016
0.705,7.6059e-016
0.71,2.0496e-015
0.715,5.3317e-015
0.72,1.3408e-014
0.725,3.2645e-014
0.73,7.7045e-014
0.735,1.7649e-013
0.74,3.9288e-013
0.745,8.5086e-013
0.75,1.7947e-012
0.755,3.691e-012
0.76,7.4081e-012
0.765,1.4525e-011
0.77,2.7845e-011
0.775,5.2238e-011
0.78,9.5985e-011
0.785,1.7288e-010
0.79,3.0543e-010
0.795,5.2972e-010
0.8,9.0247e-010
0.805,1.5114e-009
0.81,2.4896e-009
0.815,4.0362e-009
0.82,6.4441e-009
0.825,1.0137e-008
0.83,1.5722e-008
0.835,2.405e-008
0.84,3.6306e-008
0.845,5.4111e-008
0.85,7.9661e-008
0.855,1.1589e-007
0.86,1.6667e-007
0.865,2.3706e-007
0.87,3.3359e-007
0.875,4.646e-007
0.88,6.4064e-007
0.885,8.7492e-007
0.89,1.1838e-006
0.895,1.5874e-006
0.9,2.1101e-006
0.905,2.7815e-006
0.91,3.6368e-006
0.915,4.7179e-006
0.92,6.074e-006
0.925,7.7627e-006
0.93,9.8503e-006
0.935,1.2414e-005
0.94,1.554e-005
0.945,1.9329e-005
0.95,2.3892e-005
0.955,2.9353e-005
0.96,3.5852e-005
0.965,4.3543e-005
0.97,5.2593e-005
0.975,6.3186e-005
0.98,7.5522e-005
0.985,8.9816e-005
0.99,0.0001063
0.995,0.00012521
1,0.00014682
1.005,0.00017141
1.01,0.00019924
1.015,0.00023064
1.02,0.00026591
1.025,0.00030537
1.03,0.00034936
1.035,0.00039821
1.04,0.00045227
1.045,0.00051188
1.05,0.00057739
1.055,0.00064915
1.06,0.00072752
1.065,0.00081281
1.07,0.00090539
1.075,0.0010056
1.08,0.0011137
1.085,0.00123
1.09,0.0013548
1.095,0.0014884
1.1,0.001631
1.105,0.0017829
1.11,0.0019443
1.115,0.0021154
1.12,0.0022963
1.125,0.0024872
1.13,0.0026882
1.135,0.0028993
1.14,0.0031208
1.145,0.0033525
1.15,0.0035945
1.155,0.0038468
1.16,0.0041093
1.165,0.004382
1.17,0.0046647
1.175,0.0049574
1.18,0.0052599
1.185,0.0055719
1.19,0.0058934
1.195,0.0062241
1.2,0.0065638
1.205,0.0069122
1.21,0.0072691
1.215,0.0076342
1.22,0.0080071
1.225,0.0083878
1.23,0.0087757
1.235,0.0091707
1.24,0.0095724
1.245,0.0099806
1.25,0.010395
1.255,0.010815
1.26,0.011241
1.265,0.011673
1.27,0.012109
1.275,0.012551
1.28,0.012998
1.285,0.01345
1.29,0.013907
1.295,0.014368
1.3,0.014834
1.305,0.015306
1.31,0.015783
1.315,0.016265
1.32,0.016753
1.325,0.017247
1.33,0.017748
1.335,0.018257
1.34,0.018774
1.345,0.019299
1.35,0.019835
1.355,0.020381
1.36,0.020939
1.365,0.02151
1.37,0.022096
1.375,0.022698
1.38,0.023318
1.385,0.023957
1.39,0.024618
1.395,0.025302
1.4,0.026012
1.405,0.02675
1.41,0.027518
1.415,0.02832
1.42,0.029157
1.425,0.030032
1.43,0.030949
1.435,0.031911
1.44,0.03292
1.445,0.03398
1.45,0.035094
1.455,0.036265
1.46,0.037496
1.465,0.038792
1.47,0.040154
1.475,0.041585
1.48,0.043089
1.485,0.044667
1.49,0.046322
1.495,0.048055
1.5,0.049868
1.505,0.05176
1.51,0.053731
1.515,0.055781
1.52,0.057906
1.525,0.060103
1.53,0.062369
1.535,0.064697
1.54,0.06708
1.545,0.069508
1.55,0.071973
1.555,0.074461
1.56,0.076961
1.565,0.079456
1.57,0.08193
1.575,0.084366
1.58,0.086745
1.585,0.089047
1.59,0.091252
1.595,0.09334
1.6,0.095291
1.605,0.097083
1.61,0.0987
1.615,0.10012
1.62,0.10133
1.625,0.10232
1.63,0.10307
1.635,0.10358
1.64,0.10383
1.645,0.10385
1.65,0.10369
1.655,0.10337
1.66,0.1029
1.665,0.10227
1.67,0.1015
1.675,0.10058
1.68,0.099534
1.685,0.098359
1.69,0.097065
1.695,0.095663
1.7,0.094161
1.705,0.09257
1.71,0.0909
1.715,0.08916
1.72,0.087362
1.725,0.085514
1.73,0.083627
1.735,0.081711
1.74,0.079773
1.745,0.077824
1.75,0.075871
1.755,0.073921
1.76,0.071983
1.765,0.070061
1.77,0.068163
1.775,0.066292
1.78,0.064455
1.785,0.062655
1.79,0.060894
1.795,0.059178
1.8,0.057507
1.805,0.055883
1.81,0.054309
1.815,0.052785
1.82,0.051312
1.825,0.04989
1.83,0.04852
1.835,0.047201
1.84,0.045933
1.845,0.044714
1.85,0.043545
1.855,0.042425
1.86,0.041351
1.865,0.040324
1.87,0.03934
1.875,0.038401
1.88,0.037502
1.885,0.036645
1.89,0.035826
1.895,0.035044
1.9,0.034298
1.905,0.033586
1.91,0.032907
1.915,0.032259
1.92,0.031641
1.925,0.031052
1.93,0.03049
1.935,0.029953
1.94,0.029441
1.945,0.028952
1.95,0.028485
1.955,0.028038
1.96,0.027612
1.965,0.027203
1.97,0.026813
1.975,0.026439
1.98,0.02608
1.985,0.025737
1.99,0.025407
1.995,0.02509
2,0.024785
2.005,0.024492
2.01,0.024209
2.015,0.023936
2.02,0.023673
2.025,0.023419
2.03,0.023173
2.035,0.022934
2.04,0.022703
2.045,0.022479
2.05,0.022261
2.055,0.022049
2.06,0.021842
2.065,0.02164
2.07,0.021443
2.075,0.021251
2.08,0.021063
2.085,0.020878
2.09,0.020697
2.095,0.02052
2.1,0.020346
2.105,0.020174
2.11,0.020006
2.115,0.01984
2.12,0.019676
2.125,0.019515
2.13,0.019356
2.135,0.019199
2.14,0.019044
2.145,0.01889
2.15,0.018739
2.155,0.018589
2.16,0.01844
2.165,0.018293
2.17,0.018148
2.175,0.018003
2.18,0.01786
2.185,0.017719
2.19,0.017578
2.195,0.017439
2.2,0.017301
2.205,0.017163
2.21,0.017027
2.215,0.016892
2.22,0.016758
2.225,0.016625
2.23,0.016494
2.235,0.016363
2.24,0.016233
2.245,0.016103
2.25,0.015975
2.255,0.015848
2.26,0.015722
2.265,0.015596
2.27,0.015472
2.275,0.015348
2.28,0.015226
2.285,0.015104
2.29,0.014983
2.295,0.014863
2.3,0.014744
2.305,0.014626
2.31,0.014508
2.315,0.014392
2.32,0.014276
2.325,0.014161
2.33,0.014047
2.335,0.013934
2.34,0.013822
2.345,0.01371
2.35,0.0136
2.355,0.01349
2.36,0.013381
2.365,0.013273
2.37,0.013166
2.375,0.013059
2.38,0.012954
2.385,0.012849
2.39,0.012745
2.395,0.012642
2.4,0.012539
2.405,0.012438
2.41,0.012337
2.415,0.012237
2.42,0.012138
2.425,0.01204
2.43,0.011942
2.435,0.011845
2.44,0.011749
2.445,0.011654
2.45,0.011559
2.455,0.011466
2.46,0.011373
2.465,0.01128
2.47,0.011189
2.475,0.011098
2.48,0.011008
2.485,0.010919
2.49,0.01083
2.495,0.010743
2.5,0.010656
2.505,0.010569
2.51,0.010484
2.515,0.010399
2.52,0.010314
2.525,0.010231
2.53,0.010148
2.535,0.010066
2.54,0.0099846
2.545,0.0099039
2.55,0.0098238
2.555,0.0097444
2.56,0.0096657
2.565,0.0095876
2.57,0.0095102
2.575,0.0094334
2.58,0.0093573
2.585,0.0092819
2.59,0.0092071
2.595,0.0091329
2.6,0.0090594
2.605,0.0089864
2.61,0.0089141
2.615,0.0088424
2.62,0.0087714
2.625,0.0087009
2.63,0.0086311
2.635,0.0085618
2.64,0.0084931
2.645,0.008425
2.65,0.0083575
2.655,0.0082906
2.66,0.0082243
2.665,0.0081585
2.67,0.0080933
2.675,0.0080287
2.68,0.0079646
2.685,0.007901
2.69,0.007838
2.695,0.0077756
2.7,0.0077137
2.705,0.0076523
2.71,0.0075915
2.715,0.0075311
2.72,0.0074713
2.725,0.0074121
2.73,0.0073533
2.735,0.007295
2.74,0.0072373
2.745,0.00718
2.75,0.0071233
2.755,0.007067
2.76,0.0070112
2.765,0.0069559
2.77,0.0069011
2.775,0.0068467
2.78,0.0067929
2.785,0.0067395
2.79,0.0066865
2.795,0.006634
2.8,0.006582
2.805,0.0065304
2.81,0.0064793
2.815,0.0064286
2.82,0.0063783
2.825,0.0063285
2.83,0.0062791
2.835,0.0062302
2.84,0.0061816
2.845,0.0061335
2.85,0.0060858
2.855,0.0060385
2.86,0.0059916
2.865,0.0059452
2.87,0.0058991
2.875,0.0058534
2.88,0.0058081
2.885,0.0057632
2.89,0.0057187
2.895,0.0056746
2.9,0.0056309
2.905,0.0055875
2.91,0.0055445
2.915,0.0055019
2.92,0.0054597
2.925,0.0054178
2.93,0.0053763
2.935,0.0053351
2.94,0.0052943
2.945,0.0052539
2.95,0.0052137
2.955,0.005174
2.96,0.0051346
2.965,0.0050955
2.97,0.0050567
2.975,0.0050183
2.98,0.0049802
2.985,0.0049424
2.99,0.004905
2.995,0.0048679
3,0.0048311
3.005,0.0047946
3.01,0.0047584
3.015,0.0047226
3.02,0.004687
3.025,0.0046518
3.03,0.0046168
3.035,0.0045822
3.04,0.0045478
3.045,0.0045137
3.05,0.00448
3.055,0.0044465
3.06,0.0044133
3.065,0.0043803
3.07,0.0043477
3.075,0.0043153
3.08,0.0042832
3.085,0.0042514
3.09,0.0042199
3.095,0.0041886
3.1,0.0041576
3.105,0.0041268
3.11,0.0040963
3.115,0.0040661
3.12,0.0040361
3.125,0.0040064
3.13,0.0039769
3.135,0.0039477
3.14,0.0039187
3.145,0.0038899
3.15,0.0038614
3.155,0.0038332
3.16,0.0038051
3.165,0.0037774
3.17,0.0037498
3.175,0.0037225
3.18,0.0036954
3.185,0.0036685
3.19,0.0036419
3.195,0.0036154
3.2,0.0035892
3.205,0.0035633
3.21,0.0035375
3.215,0.0035119
3.22,0.0034866
3.225,0.0034615
3.23,0.0034365
3.235,0.0034118
3.24,0.0033873
3.245,0.003363
3.25,0.0033389
3.255,0.003315
3.26,0.0032913
3.265,0.0032677
3.27,0.0032444
3.275,0.0032213
3.28,0.0031984
3.285,0.0031756
3.29,0.003153
3.295,0.0031307
3.3,0.0031085
3.305,0.0030865
3.31,0.0030646
3.315,0.003043
3.32,0.0030215
3.325,0.0030002
3.33,0.0029791
3.335,0.0029581
3.34,0.0029373
3.345,0.0029167
3.35,0.0028963
3.355,0.002876
3.36,0.0028559
3.365,0.0028359
3.37,0.0028161
3.375,0.0027965
3.38,0.002777
3.385,0.0027577
3.39,0.0027385
3.395,0.0027195
3.4,0.0027007
3.405,0.002682
3.41,0.0026634
3.415,0.002645
3.42,0.0026268
3.425,0.0026087
3.43,0.0025907
3.435,0.0025729
3.44,0.0025552
3.445,0.0025377
3.45,0.0025203
3.455,0.002503
3.46,0.0024859
3.465,0.0024689
3.47,0.0024521
3.475,0.0024354
3.48,0.0024188
3.485,0.0024023
3.49,0.002386
3.495,0.0023698
3.5,0.0023538
3.505,0.0023378
3.51,0.002322
3.515,0.0023063
3.52,0.0022908
3.525,0.0022753
3.53,0.00226
3.535,0.0022448
3.54,0.0022298
3.545,0.0022148
3.55,0.0022
3.555,0.0021852
3.56,0.0021706
3.565,0.0021561
3.57,0.0021417
3.575,0.0021275
3.58,0.0021133
3.585,0.0020993
3.59,0.0020853
3.595,0.0020715
3.6,0.0020578
3.605,0.0020442
3.61,0.0020306
3.615,0.0020172
3.62,0.0020039
3.625,0.0019907
3.63,0.0019776
3.635,0.0019646
3.64,0.0019517
3.645,0.0019389
3.65,0.0019262
3.655,0.0019136
3.66,0.0019011
3.665,0.0018887
3.67,0.0018764
3.675,0.0018642
3.68,0.001852
3.685,0.00184
3.69,0.0018281
3.695,0.0018162
3.7,0.0018044
3.705,0.0017928
3.71,0.0017812
3.715,0.0017697
3.72,0.0017583
3.725,0.001747
3.73,0.0017357
3.735,0.0017246
3.74,0.0017135
3.745,0.0017025
3.75,0.0016916
3.755,0.0016808
3.76,0.00167
3.765,0.0016594
3.77,0.0016488
3.775,0.0016383
3.78,0.0016279
3.785,0.0016175
3.79,0.0016073
3.795,0.0015971
3.8,0.001587
3.805,0.0015769
3.81,0.001567
3.815,0.0015571
3.82,0.0015473
3.825,0.0015375
3.83,0.0015278
3.835,0.0015182
3.84,0.0015087
3.845,0.0014993
3.85,0.0014899
3.855,0.0014805
3.86,0.0014713
3.865,0.0014621
3.87,0.001453
3.875,0.001444
3.88,0.001435
3.885,0.0014261
3.89,0.0014172
3.895,0.0014084
3.9,0.0013997
3.905,0.001391
3.91,0.0013824
3.915,0.0013739
3.92,0.0013654
3.925,0.001357
3.93,0.0013487
3.935,0.0013404
3.94,0.0013322
3.945,0.001324
3.95,0.0013159
3.955,0.0013078
3.96,0.0012998
3.965,0.0012919
3.97,0.001284
3.975,0.0012762
3.98,0.0012685
3.985,0.0012607
3.99,0.0012531
3.995,0.0012455
4,0.0012379
4.005,0.0012305
4.01,0.001223
4.015,0.0012156
4.02,0.0012083
4.025,0.001201
4.03,0.0011938
4.035,0.0011866
4.04,0.0011795
4.045,0.0011724
4.05,0.0011654
4.055,0.0011584
4.06,0.0011515
4.065,0.0011446
4.07,0.0011378
4.075,0.001131
4.08,0.0011243
4.085,0.0011176
4.09,0.001111
4.095,0.0011044
4.1,0.0010978
4.105,0.0010913
4.11,0.0010849
4.115,0.0010785
4.12,0.0010721
4.125,0.0010658
4.13,0.0010595
4.135,0.0010533
4.14,0.0010471
4.145,0.0010409
4.15,0.0010348
4.155,0.0010288
4.16,0.0010228
4.165,0.0010168
4.17,0.0010109
4.175,0.001005
4.18,0.00099911
4.185,0.00099329
4.19,0.00098752
4.195,0.00098179
4.2,0.00097609
4.205,0.00097044
4.21,0.00096482
4.215,0.00095925
4.22,0.00095371
4.225,0.00094821
4.23,0.00094274
4.235,0.00093732
4.24,0.00093193
4.245,0.00092657
4.25,0.00092126
4.255,0.00091598
4.26,0.00091073
4.265,0.00090552
4.27,0.00090035
4.275,0.00089521
4.28,0.00089011
4.285,0.00088504
4.29,0.00088
4.295,0.000875
4.3,0.00087004
4.305,0.0008651
4.31,0.0008602
4.315,0.00085533
4.32,0.0008505
4.325,0.00084569
4.33,0.00084092
4.335,0.00083618
4.34,0.00083148
4.345,0.0008268
4.35,0.00082216
4.355,0.00081754
4.36,0.00081296
4.365,0.00080841
4.37,0.00080389
4.375,0.00079939
4.38,0.00079493
4.385,0.0007905
4.39,0.0007861
4.395,0.00078172
4.4,0.00077738
4.405,0.00077306
4.41,0.00076877
4.415,0.00076451
4.42,0.00076028
4.425,0.00075607
4.43,0.0007519
4.435,0.00074775
4.44,0.00074363
4.445,0.00073953
4.45,0.00073546
4.455,0.00073142
4.46,0.0007274
4.465,0.00072342
4.47,0.00071945
4.475,0.00071551
4.48,0.0007116
4.485,0.00070772
4.49,0.00070385
4.495,0.00070002
4.5,0.00069621
4.505,0.00069242
4.51,0.00068866
4.515,0.00068492
4.52,0.00068121
4.525,0.00067752
4.53,0.00067385
4.535,0.00067021
4.54,0.00066659
4.545,0.00066299
4.55,0.00065942
4.555,0.00065587
4.56,0.00065234
4.565,0.00064884
4.57,0.00064535
4.575,0.00064189
4.58,0.00063845
4.585,0.00063504
4.59,0.00063164
4.595,0.00062827
4.6,0.00062492
4.605,0.00062159
4.61,0.00061828
4.615,0.00061499
4.62,0.00061172
4.625,0.00060847
4.63,0.00060525
4.635,0.00060204
4.64,0.00059886
4.645,0.00059569
4.65,0.00059254
4.655,0.00058942
4.66,0.00058631
4.665,0.00058322
4.67,0.00058016
4.675,0.00057711
4.68,0.00057408
4.685,0.00057107
4.69,0.00056808
4.695,0.0005651
4.7,0.00056215
4.705,0.00055921
4.71,0.00055629
4.715,0.00055339
4.72,0.00055051
4.725,0.00054765
4.73,0.0005448
4.735,0.00054197
4.74,0.00053916
4.745,0.00053637
4.75,0.00053359
4.755,0.00053083
4.76,0.00052809
4.765,0.00052536
4.77,0.00052265
4.775,0.00051996
4.78,0.00051728
4.785,0.00051462
4.79,0.00051198
4.795,0.00050935
4.8,0.00050674
4.805,0.00050415
4.81,0.00050157
4.815,0.000499
4.82,0.00049646
4.825,0.00049392
4.83,0.00049141
4.835,0.0004889
4.84,0.00048642
4.845,0.00048395
4.85,0.00048149
4.855,0.00047905
4.86,0.00047662
4.865,0.00047421
4.87,0.00047181
4.875,0.00046943
4.88,0.00046706
4.885,0.0004647
4.89,0.00046236
4.895,0.00046004
4.9,0.00045772
4.905,0.00045542
4.91,0.00045314
4.915,0.00045087
4.92,0.00044861
4.925,0.00044636
4.93,0.00044413
4.935,0.00044192
4.94,0.00043971
4.945,0.00043752
4.95,0.00043534
4.955,0.00043318
4.96,0.00043102
4.965,0.00042888
4.97,0.00042676
4.975,0.00042464
4.98,0.00042254
4.985,0.00042045
4.99,0.00041837
4.995,0.00041631
5,0.00041425
5.005,0.00041221
5.01,0.00041018
5.015,0.00040816
5.02,0.00040616
5.025,0.00040417
5.03,0.00040218
5.035,0.00040021
5.04,0.00039825
5.045,0.00039631
5.05,0.00039437
5.055,0.00039245
5.06,0.00039053
5.065,0.00038863
5.07,0.00038674
5.075,0.00038486
5.08,0.00038299
5.085,0.00038113
5.09,0.00037928
5.095,0.00037744
5.1,0.00037562
5.105,0.0003738
5.11,0.000372
5.115,0.0003702
5.12,0.00036842
5.125,0.00036664
5.13,0.00036488
5.135,0.00036312
5.14,0.00036138
5.145,0.00035964
5.15,0.00035792
5.155,0.0003562
5.16,0.0003545
5.165,0.0003528
5.17,0.00035112
5.175,0.00034944
5.18,0.00034778
5.185,0.00034612
5.19,0.00034447
5.195,0.00034283
5.2,0.00034121
5.205,0.00033959
5.21,0.00033798
5.215,0.00033637
5.22,0.00033478
5.225,0.0003332
5.23,0.00033163
5.235,0.00033006
5.24,0.0003285
5.245,0.00032696
5.25,0.00032542
5.255,0.00032389
5.26,0.00032236
5.265,0.00032085
5.27,0.00031935
5.275,0.00031785
5.28,0.00031636
5.285,0.00031488
5.29,0.00031341
5.295,0.00031195
5.3,0.00031049
5.305,0.00030904
5.31,0.00030761
5.315,0.00030617
5.32,0.00030475
5.325,0.00030334
5.33,0.00030193
5.335,0.00030053
5.34,0.00029914
5.345,0.00029775
5.35,0.00029638
5.355,0.00029501
5.36,0.00029365
5.365,0.00029229
5.37,0.00029095
5.375,0.00028961
5.38,0.00028828
5.385,0.00028695
5.39,0.00028564
5.395,0.00028433
5.4,0.00028302
5.405,0.00028173
5.41,0.00028044
5.415,0.00027916
5.42,0.00027788
5.425,0.00027662
5.43,0.00027536
5.435,0.0002741
5.44,0.00027285
5.445,0.00027161
5.45,0.00027038
5.455,0.00026915
5.46,0.00026793
5.465,0.00026672
5.47,0.00026551
5.475,0.00026431
5.48,0.00026312
5.485,0.00026193
5.49,0.00026075
5.495,0.00025958
5.5,0.00025841
5.505,0.00025725
5.51,0.00025609
5.515,0.00025494
5.52,0.0002538
5.525,0.00025266
5.53,0.00025153
5.535,0.0002504
5.54,0.00024928
5.545,0.00024817
5.55,0.00024706
5.555,0.00024596
5.56,0.00024487
5.565,0.00024378
5.57,0.00024269
5.575,0.00024161
5.58,0.00024054
5.585,0.00023948
5.59,0.00023841
5.595,0.00023736
5.6,0.00023631
5.605,0.00023526
5.61,0.00023423
5.615,0.00023319
5.62,0.00023216
5.625,0.00023114
5.63,0.00023012
5.635,0.00022911
5.64,0.00022811
5.645,0.0002271
5.65,0.00022611
5.655,0.00022512
5.66,0.00022413
5.665,0.00022315
5.67,0.00022218
5.675,0.00022121
5.68,0.00022024
5.685,0.00021928
5.69,0.00021833
5.695,0.00021738
5.7,0.00021643
5.705,0.00021549
5.71,0.00021456
5.715,0.00021363
5.72,0.0002127
5.725,0.00021178
5.73,0.00021086
5.735,0.00020995
5.74,0.00020904
5.745,0.00020814
5.75,0.00020724
5.755,0.00020635
5.76,0.00020546
5.765,0.00020458
5.77,0.0002037
5.775,0.00020283
5.78,0.00020196
5.785,0.00020109
5.79,0.00020023
5.795,0.00019937
5.8,0.00019852
5.805,0.00019767
5.81,0.00019683
5.815,0.00019599
5.82,0.00019515
5.825,0.00019432
5.83,0.0001935
5.835,0.00019267
5.84,0.00019186
5.845,0.00019104
5.85,0.00019023
5.855,0.00018943
5.86,0.00018862
5.865,0.00018783
5.87,0.00018703
5.875,0.00018624
5.88,0.00018546
5.885,0.00018468
5.89,0.0001839
5.895,0.00018312
5.9,0.00018235
5.905,0.00018159
5.91,0.00018083
5.915,0.00018007
5.92,0.00017931
5.925,0.00017856
5.93,0.00017782
5.935,0.00017707
5.94,0.00017633
5.945,0.0001756
5.95,0.00017486
5.955,0.00017414
5.96,0.00017341
5.965,0.00017269
5.97,0.00017197
5.975,0.00017126
5.98,0.00017055
5.985,0.00016984
5.99,0.00016914
5.995,0.00016844
6,0.00016774
6.005,0.00016705
6.01,0.00016636
6.015,0.00016567
6.02,0.00016499
6.025,0.00016431
6.03,0.00016363
6.035,0.00016296
6.04,0.00016229
6.045,0.00016162
6.05,0.00016096
6.055,0.0001603
6.06,0.00015964
6.065,0.00015899
6.07,0.00015834
6.075,0.00015769
6.08,0.00015705
6.085,0.00015641
6.09,0.00015577
6.095,0.00015513
6.1,0.0001545
6.105,0.00015387
6.11,0.00015325
6.115,0.00015263
6.12,0.00015201
6.125,0.00015139
6.13,0.00015078
6.135,0.00015017
6.14,0.00014956
6.145,0.00014896
6.15,0.00014835
6.155,0.00014776
6.16,0.00014716
6.165,0.00014657
6.17,0.00014598
6.175,0.00014539
6.18,0.00014481
6.185,0.00014422
6.19,0.00014365
6.195,0.00014307
6.2,0.0001425
6.205,0.00014193
6.21,0.00014136
6.215,0.00014079
6.22,0.00014023
6.225,0.00013967
6.23,0.00013912
6.235,0.00013856
6.24,0.00013801
6.245,0.00013746
6.25,0.00013691
6.255,0.00013637
6.26,0.00013583
6.265,0.00013529
6.27,0.00013475
6.275,0.00013422
6.28,0.00013369
