0,0
0.005,0
0.01,0
0.015,0
0.02,0
0.025,0
0.03,0
0.035,0
0.04,0
0.045,0
0.05,0
0.055,0
0.06,0
0.065,0
0.07,0
0.075,0
0.08,0
0.085,0
0.09,0
0.095,0
0.1,0
0.105,0
0.11,0
0.115,0
0.12,0
0.125,0
0.13,0
0.135,0
0.14,0
0.145,0
0.15,0
0.155,0
0.16,0
0.165,0
0.17,0
0.175,0
0.18,0
0.185,0
0.19,0
0.195,0
0.2,0
0.205,0
0.21,0
0.215,0
0.22,0
0.225,0
0.23,0
0.235,0
0.24,0
0.245,0
0.25,0
0.255,0
0.26,0
0.265,0
0.27,0
0.275,0
0.28,0
0.285,0
0.29,0
0.295,0
0.3,0
0.305,0
0.31,0
0.315,0
0.32,0
0.325,0
0.33,0
0.335,0
0.34,0
0.345,0
0.35,0
0.355,0
0.36,0
0.365,0
0.37,0
0.375,0
0.38,0
0.385,0
0.39,0
0.395,0
0.4,0
0.405,0
0.41,0
0.415,0
0.42,0
0.425,0
0.43,0
0.435,0
0.44,0
0.445,0
0.45,0
0.455,0
0.46,0
0.465,0
0.47,0
0.475,0
0.48,0
0.485,0
0.49,0
0.495,0
0.5,0
0.505,0
0.51,0
0.515,0
0.52,0
0.525,0
0.53,0
0.535,0
0.54,0
0.545,0
0.55,0
0.555,0
0.56,0
0.565,0
0.57,1.6723e-312
0.575,9.1068e-302
0.58,1.7298e-291
0.585,1.2087e-281
0.59,3.2672e-272
0.595,3.5819e-263
0.6,1.6652e-254
0.605,3.4237e-246
0.61,3.239e-238
0.615,1.4638e-230
0.62,3.2736e-223
0.625,3.7458e-216
0.63,2.2633e-209
0.635,7.4401e-203
0.64,1.3686e-196
0.645,1.447e-190
0.65,9.018e-185
0.655,3.3931e-179
0.66,7.8847e-174
0.665,1.1561e-168
0.67,1.0918e-163
0.675,6.7696e-159
0.68,2.8072e-154
0.685,7.9217e-150
0.69,1.5467e-145
0.695,2.1226e-141
0.7,2.0783e-137
0.705,1.4726e-133
0.71,7.6541e-130
0.715,2.956e-126
0.72,8.5873e-123
0.725,1.8985e-119
0.73,3.2298e-116
0.735,4.2734e-113
0.74,4.4421e-110
0.745,3.6626e-107
0.75,2.4175e-104
0.755,1.2886e-101
0.76,5.5938e-099
0.765,1.9932e-096
0.77,5.8748e-094
0.775,1.4427e-091
0.78,2.9726e-089
0.785,5.173e-087
0.79,7.652e-085
0.795,9.6798e-083
0.8,1.0533e-080
0.805,9.9134e-079
0.81,8.1137e-077
0.815,5.8043e-075
0.82,3.6469e-073
0.825,2.0221e-071
0.83,9.9378e-070
0.835,4.348e-068
0.84,1.7005e-066
0.845,5.9685e-065
0.85,1.8872e-063
0.855,5.3948e-062
0.86,1.3992e-060
0.865,3.3038e-059
0.87,7.124e-058
0.875,1.4072e-056
0.88,2.5541e-055
0.885,4.2715e-054
0.89,6.6003e-053
0.895,9.4482e-052
0.9,1.2561e-050
0.905,1.5547e-049
0.91,1.7958e-048
0.915,1.94e-047
0.92,1.9644e-046
0.925,1.8683e-045
0.93,1.6724e-044
0.935,1.4116e-043
0.94,1.1257e-042
0.945,8.4962e-042
0.95,6.0794e-041
0.955,4.1311e-040
0.96,2.6701e-039
0.965,1.6441e-038
0.97,9.6585e-038
0.975,5.4212e-037
0.98,2.9113e-036
0.985,1.4979e-035
0.99,7.3928e-035
0.995,3.5046e-034
1,1.5976e-033
1.005,7.0119e-033
1.01,2.9662e-032
1.015,1.2107e-031
1.02,4.7732e-031
1.025,1.8195e-030
1.03,6.7125e-030
1.035,2.3989e-029
1.04,8.3129e-029
1.045,2.7955e-028
1.05,9.1313e-028
1.055,2.8994e-027
1.06,8.9567e-027
1.065,2.6938e-026
1.07,7.8943e-026
1.075,2.2557e-025
1.08,6.289e-025
1.085,1.712e-024
1.09,4.5536e-024
1.095,1.1841e-023
1.1,3.012e-023
1.105,7.4997e-023
1.11,1.8289e-022
1.115,4.3707e-022
1.12,1.0241e-021
1.125,2.354e-021
1.13,5.3106e-021
1.135,1.1765e-020
1.14,2.5606e-020
1.145,5.4777e-020
1.15,1.1523e-019
1.155,2.3846e-019
1.16,4.8568e-019
1.165,9.7395e-019
1.17,1.9238e-018
1.175,3.7442e-018
1.18,7.1832e-018
1.185,1.3589e-017
1.19,2.5359e-017
1.195,4.6697e-017
1.2,8.488e-017
1.205,1.5234e-016
1.21,2.7007e-016
1.215,4.7304e-016
1.22,8.1887e-016
1.225,1.4014e-015
1.23,2.3716e-015
1.235,3.9699e-015
1.24,6.5751e-015
1.245,1.0777e-014
1.25,1.7487e-014
1.255,2.8094e-014
1.26,4.47e-014
1.265,7.0456e-014
1.27,1.1003e-013
1.275,1.703e-013
1.28,2.6127e-013
1.285,3.9742e-013
1.29,5.9947e-013
1.295,8.9686e-013
1.3,1.3311e-012
1.305,1.9602e-012
1.31,2.8647e-012
1.315,4.1554e-012
1.32,5.9839e-012
1.325,8.5558e-012
1.33,1.2148e-011
1.335,1.7132e-011
1.34,2.4e-011
1.345,3.3403e-011
1.35,4.6195e-011
1.355,6.3491e-011
1.36,8.6732e-011
1.365,1.1778e-010
1.37,1.5901e-010
1.375,2.1346e-010
1.38,2.8496e-010
1.385,3.7834e-010
1.39,4.9966e-010
1.395,6.5645e-010
1.4,8.5804e-010
1.405,1.116e-009
1.41,1.4443e-009
1.415,1.8604e-009
1.42,2.3852e-009
1.425,3.0439e-009
1.43,3.8673e-009
1.435,4.8918e-009
1.44,6.1612e-009
1.445,7.7274e-009
1.45,9.6519e-009
1.455,1.2007e-008
1.46,1.4878e-008
1.465,1.8364e-008
1.47,2.2581e-008
1.475,2.7664e-008
1.48,3.3767e-008
1.485,4.1071e-008
1.49,4.978e-008
1.495,6.0129e-008
1.5,7.2387e-008
1.505,8.6857e-008
1.51,1.0389e-007
1.515,1.2386e-007
1.52,1.4722e-007
1.525,1.7445e-007
1.53,2.0611e-007
1.535,2.4281e-007
1.54,2.8522e-007
1.545,3.3411e-007
1.55,3.903e-007
1.555,4.5471e-007
1.56,5.2835e-007
1.565,6.1234e-007
1.57,7.0787e-007
1.575,8.1628e-007
1.58,9.3898e-007
1.585,1.0775e-006
1.59,1.2337e-006
1.595,1.4091e-006
1.6,1.6059e-006
1.605,1.8261e-006
1.61,2.072e-006
1.615,2.346e-006
1.62,2.6506e-006
1.625,2.9887e-006
1.63,3.363e-006
1.635,3.7768e-006
1.64,4.2332e-006
1.645,4.7357e-006
1.65,5.2879e-006
1.655,5.8936e-006
1.66,6.5569e-006
1.665,7.2819e-006
1.67,8.073e-006
1.675,8.9347e-006
1.68,9.8719e-006
1.685,1.0889e-005
1.69,1.1992e-005
1.695,1.3186e-005
1.7,1.4476e-005
1.705,1.5867e-005
1.71,1.7366e-005
1.715,1.8979e-005
1.72,2.0711e-005
1.725,2.2569e-005
1.73,2.456e-005
1.735,2.6689e-005
1.74,2.8963e-005
1.745,3.139e-005
1.75,3.3975e-005
1.755,3.6726e-005
1.76,3.965e-005
1.765,4.2753e-005
1.77,4.6043e-005
1.775,4.9527e-005
1.78,5.3212e-005
1.785,5.7104e-005
1.79,6.1212e-005
1.795,6.5542e-005
1.8,7.0101e-005
1.805,7.4897e-005
1.81,7.9935e-005
1.815,8.5223e-005
1.82,9.0768e-005
1.825,9.6576e-005
1.83,0.00010265
1.835,0.00010901
1.84,0.00011564
1.845,0.00012257
1.85,0.00012979
1.855,0.0001373
1.86,0.00014513
1.865,0.00015326
1.87,0.00016171
1.875,0.00017048
1.88,0.00017957
1.885,0.00018899
1.89,0.00019875
1.895,0.00020884
1.9,0.00021927
1.905,0.00023004
1.91,0.00024116
1.915,0.00025263
1.92,0.00026444
1.925,0.00027661
1.93,0.00028914
1.935,0.00030201
1.94,0.00031525
1.945,0.00032884
1.95,0.00034278
1.955,0.00035708
1.96,0.00037174
1.965,0.00038675
1.97,0.00040212
1.975,0.00041784
1.98,0.00043391
1.985,0.00045033
1.99,0.00046709
1.995,0.0004842
2,0.00050165
2.005,0.00051944
2.01,0.00053756
2.015,0.00055601
2.02,0.00057479
2.025,0.00059389
2.03,0.00061331
2.035,0.00063304
2.04,0.00065308
2.045,0.00067343
2.05,0.00069407
2.055,0.000715
2.06,0.00073622
2.065,0.00075772
2.07,0.0007795
2.075,0.00080155
2.08,0.00082386
2.085,0.00084643
2.09,0.00086925
2.095,0.00089232
2.1,0.00091562
2.105,0.00093916
2.11,0.00096293
2.115,0.00098692
2.12,0.0010111
2.125,0.0010356
2.13,0.0010602
2.135,0.001085
2.14,0.00111
2.145,0.0011352
2.15,0.0011607
2.155,0.0011862
2.16,0.001212
2.165,0.001238
2.17,0.0012641
2.175,0.0012904
2.18,0.0013168
2.185,0.0013435
2.19,0.0013702
2.195,0.0013972
2.2,0.0014243
2.205,0.0014517
2.21,0.0014791
2.215,0.0015068
2.22,0.0015346
2.225,0.0015626
2.23,0.0015908
2.235,0.0016192
2.24,0.0016478
2.245,0.0016766
2.25,0.0017056
2.255,0.0017348
2.26,0.0017643
2.265,0.0017941
2.27,0.001824
2.275,0.0018543
2.28,0.0018849
2.285,0.0019158
2.29,0.001947
2.295,0.0019785
2.3,0.0020104
2.305,0.0020428
2.31,0.0020755
2.315,0.0021087
2.32,0.0021423
2.325,0.0021764
2.33,0.0022111
2.335,0.0022463
2.34,0.0022821
2.345,0.0023185
2.35,0.0023556
2.355,0.0023934
2.36,0.0024319
2.365,0.0024712
2.37,0.0025114
2.375,0.0025523
2.38,0.0025942
2.385,0.0026371
2.39,0.0026809
2.395,0.0027258
2.4,0.0027719
2.405,0.002819
2.41,0.0028674
2.415,0.0029171
2.42,0.0029681
2.425,0.0030205
2.43,0.0030743
2.435,0.0031297
2.44,0.0031866
2.445,0.0032452
2.45,0.0033054
2.455,0.0033675
2.46,0.0034314
2.465,0.0034971
2.47,0.0035649
2.475,0.0036346
2.48,0.0037065
2.485,0.0037805
2.49,0.0038568
2.495,0.0039353
2.5,0.0040162
2.505,0.0040995
2.51,0.0041852
2.515,0.0042735
2.52,0.0043643
2.525,0.0044577
2.53,0.0045538
2.535,0.0046526
2.54,0.0047541
2.545,0.0048583
2.55,0.0049652
2.555,0.005075
2.56,0.0051874
2.565,0.0053027
2.57,0.0054206
2.575,0.0055412
2.58,0.0056645
2.585,0.0057904
2.59,0.0059187
2.595,0.0060495
2.6,0.0061827
2.605,0.006318
2.61,0.0064554
2.615,0.0065948
2.62,0.0067359
2.625,0.0068785
2.63,0.0070226
2.635,0.0071678
2.64,0.0073138
2.645,0.0074606
2.65,0.0076076
2.655,0.0077548
2.66,0.0079016
2.665,0.0080479
2.67,0.0081933
2.675,0.0083373
2.68,0.0084797
2.685,0.00862
2.69,0.0087578
2.695,0.0088928
2.7,0.0090245
2.705,0.0091525
2.71,0.0092763
2.715,0.0093957
2.72,0.0095101
2.725,0.0096191
2.73,0.0097224
2.735,0.0098196
2.74,0.0099102
2.745,0.0099941
2.75,0.010071
2.755,0.01014
2.76,0.010201
2.765,0.010255
2.77,0.0103
2.775,0.010337
2.78,0.010365
2.785,0.010385
2.79,0.010396
2.795,0.010398
2.8,0.010394
2.805,0.010384
2.81,0.010369
2.815,0.010348
2.82,0.010322
2.825,0.01029
2.83,0.010253
2.835,0.010212
2.84,0.010165
2.845,0.010113
2.85,0.010056
2.855,0.0099951
2.86,0.0099294
2.865,0.0098595
2.87,0.0097855
2.875,0.0097075
2.88,0.0096258
2.885,0.0095405
2.89,0.0094519
2.895,0.0093601
2.9,0.0092654
2.905,0.0091679
2.91,0.0090679
2.915,0.0089656
2.92,0.0088611
2.925,0.0087548
2.93,0.0086467
2.935,0.0085371
2.94,0.0084262
2.945,0.0083141
2.95,0.0082012
2.955,0.0080874
2.96,0.0079732
2.965,0.0078585
2.97,0.0077436
2.975,0.0076286
2.98,0.0075137
2.985,0.0073991
2.99,0.0072848
2.995,0.007171
3,0.0070579
3.005,0.0069455
3.01,0.006834
3.015,0.0067234
3.02,0.006614
3.025,0.0065056
3.03,0.0063985
3.035,0.0062928
3.04,0.0061884
3.045,0.0060854
3.05,0.005984
3.055,0.0058841
3.06,0.0057859
3.065,0.0056892
3.07,0.0055943
3.075,0.005501
3.08,0.0054095
3.085,0.0053197
3.09,0.0052316
3.095,0.0051454
3.1,0.0050609
3.105,0.0049782
3.11,0.0048973
3.115,0.0048181
3.12,0.0047408
3.125,0.0046651
3.13,0.0045913
3.135,0.0045191
3.14,0.0044487
3.145,0.00438
3.15,0.0043129
3.155,0.0042475
3.16,0.0041838
3.165,0.0041216
3.17,0.004061
3.175,0.004002
3.18,0.0039445
3.185,0.0038885
3.19,0.003834
3.195,0.0037809
3.2,0.0037292
3.205,0.0036789
3.21,0.00363
3.215,0.0035823
3.22,0.003536
3.225,0.0034909
3.23,0.003447
3.235,0.0034044
3.24,0.0033629
3.245,0.0033225
3.25,0.0032832
3.255,0.003245
3.26,0.0032079
3.265,0.0031718
3.27,0.0031366
3.275,0.0031024
3.28,0.0030692
3.285,0.0030368
3.29,0.0030054
3.295,0.0029747
3.3,0.0029449
3.305,0.002916
3.31,0.0028877
3.315,0.0028603
3.32,0.0028335
3.325,0.0028075
3.33,0.0027821
3.335,0.0027574
3.34,0.0027334
3.345,0.0027099
3.35,0.002687
3.355,0.0026648
3.36,0.002643
3.365,0.0026219
3.37,0.0026012
3.375,0.002581
3.38,0.0025613
3.385,0.0025421
3.39,0.0025233
3.395,0.002505
3.4,0.002487
3.405,0.0024695
3.41,0.0024524
3.415,0.0024356
3.42,0.0024192
3.425,0.0024031
3.43,0.0023874
3.435,0.0023719
3.44,0.0023568
3.445,0.002342
3.45,0.0023275
3.455,0.0023132
3.46,0.0022992
3.465,0.0022855
3.47,0.002272
3.475,0.0022587
3.48,0.0022456
3.485,0.0022328
3.49,0.0022202
3.495,0.0022077
3.5,0.0021955
3.505,0.0021834
3.51,0.0021716
3.515,0.0021598
3.52,0.0021483
3.525,0.0021369
3.53,0.0021256
3.535,0.0021145
3.54,0.0021036
3.545,0.0020927
3.55,0.002082
3.555,0.0020714
3.56,0.0020609
3.565,0.0020506
3.57,0.0020403
3.575,0.0020302
3.58,0.0020201
3.585,0.0020102
3.59,0.0020003
3.595,0.0019905
3.6,0.0019808
3.605,0.0019712
3.61,0.0019617
3.615,0.0019522
3.62,0.0019429
3.625,0.0019336
3.63,0.0019243
3.635,0.0019151
3.64,0.001906
3.645,0.001897
3.65,0.001888
3.655,0.0018791
3.66,0.0018702
3.665,0.0018614
3.67,0.0018526
3.675,0.0018439
3.68,0.0018353
3.685,0.0018267
3.69,0.0018181
3.695,0.0018096
3.7,0.0018011
3.705,0.0017927
3.71,0.0017843
3.715,0.001776
3.72,0.0017677
3.725,0.0017594
3.73,0.0017512
3.735,0.001743
3.74,0.0017349
3.745,0.0017268
3.75,0.0017187
3.755,0.0017107
3.76,0.0017027
3.765,0.0016948
3.77,0.0016869
3.775,0.001679
3.78,0.0016711
3.785,0.0016633
3.79,0.0016556
3.795,0.0016478
3.8,0.0016401
3.805,0.0016324
3.81,0.0016248
3.815,0.0016172
3.82,0.0016096
3.825,0.0016021
3.83,0.0015946
3.835,0.0015871
3.84,0.0015796
3.845,0.0015722
3.85,0.0015648
3.855,0.0015575
3.86,0.0015502
3.865,0.0015429
3.87,0.0015356
3.875,0.0015284
3.88,0.0015212
3.885,0.001514
3.89,0.0015069
3.895,0.0014998
3.9,0.0014927
3.905,0.0014857
3.91,0.0014787
3.915,0.0014717
3.92,0.0014647
3.925,0.0014578
3.93,0.0014509
3.935,0.001444
3.94,0.0014372
3.945,0.0014304
3.95,0.0014236
3.955,0.0014169
3.96,0.0014102
3.965,0.0014035
3.97,0.0013968
3.975,0.0013902
3.98,0.0013836
3.985,0.001377
3.99,0.0013705
3.995,0.001364
4,0.0013575
4.005,0.0013511
4.01,0.0013446
4.015,0.0013382
4.02,0.0013319
4.025,0.0013255
4.03,0.0013192
4.035,0.0013129
4.04,0.0013067
4.045,0.0013005
4.05,0.0012943
4.055,0.0012881
4.06,0.001282
4.065,0.0012759
4.07,0.0012698
4.075,0.0012637
4.08,0.0012577
4.085,0.0012517
4.09,0.0012457
4.095,0.0012398
4.1,0.0012339
4.105,0.001228
4.11,0.0012221
4.115,0.0012163
4.12,0.0012105
4.125,0.0012047
4.13,0.0011989
4.135,0.0011932
4.14,0.0011875
4.145,0.0011819
4.15,0.0011762
4.155,0.0011706
4.16,0.001165
4.165,0.0011594
4.17,0.0011539
4.175,0.0011484
4.18,0.0011429
4.185,0.0011374
4.19,0.001132
4.195,0.0011266
4.2,0.0011212
4.205,0.0011159
4.21,0.0011105
4.215,0.0011052
4.22,0.0011
4.225,0.0010947
4.23,0.0010895
4.235,0.0010843
4.24,0.0010791
4.245,0.001074
4.25,0.0010688
4.255,0.0010637
4.26,0.0010587
4.265,0.0010536
4.27,0.0010486
4.275,0.0010436
4.28,0.0010386
4.285,0.0010336
4.29,0.0010287
4.295,0.0010238
4.3,0.0010189
4.305,0.0010141
4.31,0.0010092
4.315,0.0010044
4.32,0.00099964
4.325,0.00099488
4.33,0.00099014
4.335,0.00098543
4.34,0.00098074
4.345,0.00097607
4.35,0.00097143
4.355,0.0009668
4.36,0.00096221
4.365,0.00095763
4.37,0.00095308
4.375,0.00094855
4.38,0.00094404
4.385,0.00093955
4.39,0.00093509
4.395,0.00093065
4.4,0.00092623
4.405,0.00092184
4.41,0.00091746
4.415,0.00091311
4.42,0.00090878
4.425,0.00090447
4.43,0.00090018
4.435,0.00089592
4.44,0.00089167
4.445,0.00088745
4.45,0.00088325
4.455,0.00087907
4.46,0.00087491
4.465,0.00087077
4.47,0.00086665
4.475,0.00086255
4.48,0.00085848
4.485,0.00085442
4.49,0.00085038
4.495,0.00084637
4.5,0.00084237
4.505,0.0008384
4.51,0.00083445
4.515,0.00083051
4.52,0.0008266
4.525,0.0008227
4.53,0.00081883
4.535,0.00081497
4.54,0.00081114
4.545,0.00080732
4.55,0.00080352
4.555,0.00079974
4.56,0.00079599
4.565,0.00079225
4.57,0.00078852
4.575,0.00078482
4.58,0.00078114
4.585,0.00077748
4.59,0.00077383
4.595,0.0007702
4.6,0.00076659
4.605,0.000763
4.61,0.00075943
4.615,0.00075588
4.62,0.00075234
4.625,0.00074882
4.63,0.00074532
4.635,0.00074184
4.64,0.00073838
4.645,0.00073493
4.65,0.0007315
4.655,0.00072809
4.66,0.0007247
4.665,0.00072132
4.67,0.00071796
4.675,0.00071462
4.68,0.00071129
4.685,0.00070798
4.69,0.00070469
4.695,0.00070142
4.7,0.00069816
4.705,0.00069492
4.71,0.00069169
4.715,0.00068848
4.72,0.00068529
4.725,0.00068211
4.73,0.00067895
4.735,0.00067581
4.74,0.00067268
4.745,0.00066957
4.75,0.00066647
4.755,0.00066339
4.76,0.00066033
4.765,0.00065728
4.77,0.00065425
4.775,0.00065123
4.78,0.00064823
4.785,0.00064524
4.79,0.00064227
4.795,0.00063931
4.8,0.00063637
4.805,0.00063344
4.81,0.00063053
4.815,0.00062764
4.82,0.00062475
4.825,0.00062189
4.83,0.00061903
4.835,0.00061619
4.84,0.00061337
4.845,0.00061056
4.85,0.00060777
4.855,0.00060499
4.86,0.00060222
4.865,0.00059947
4.87,0.00059673
4.875,0.000594
4.88,0.00059129
4.885,0.0005886
4.89,0.00058591
4.895,0.00058324
4.9,0.00058059
4.905,0.00057794
4.91,0.00057532
4.915,0.0005727
4.92,0.0005701
4.925,0.00056751
4.93,0.00056493
4.935,0.00056237
4.94,0.00055982
4.945,0.00055728
4.95,0.00055476
4.955,0.00055225
4.96,0.00054975
4.965,0.00054726
4.97,0.00054479
4.975,0.00054233
4.98,0.00053988
4.985,0.00053745
4.99,0.00053502
4.995,0.00053261
5,0.00053021
5.005,0.00052783
5.01,0.00052545
5.015,0.00052309
5.02,0.00052074
5.025,0.0005184
5.03,0.00051607
5.035,0.00051376
5.04,0.00051146
5.045,0.00050916
5.05,0.00050688
5.055,0.00050462
5.06,0.00050236
5.065,0.00050011
5.07,0.00049788
5.075,0.00049566
5.08,0.00049344
5.085,0.00049124
5.09,0.00048905
5.095,0.00048687
5.1,0.00048471
5.105,0.00048255
5.11,0.0004804
5.115,0.00047827
5.12,0.00047615
5.125,0.00047403
5.13,0.00047193
5.135,0.00046984
5.14,0.00046776
5.145,0.00046568
5.15,0.00046362
5.155,0.00046157
5.16,0.00045953
5.165,0.0004575
5.17,0.00045548
5.175,0.00045347
5.18,0.00045147
5.185,0.00044948
5.19,0.0004475
5.195,0.00044553
5.2,0.00044357
5.205,0.00044162
5.21,0.00043968
5.215,0.00043775
5.22,0.00043583
5.225,0.00043392
5.23,0.00043202
5.235,0.00043013
5.24,0.00042824
5.245,0.00042637
5.25,0.00042451
5.255,0.00042265
5.26,0.00042081
5.265,0.00041897
5.27,0.00041714
5.275,0.00041533
5.28,0.00041352
5.285,0.00041172
5.29,0.00040993
5.295,0.00040814
5.3,0.00040637
5.305,0.00040461
5.31,0.00040285
5.315,0.0004011
5.32,0.00039936
5.325,0.00039764
5.33,0.00039591
5.335,0.0003942
5.34,0.0003925
5.345,0.0003908
5.35,0.00038911
5.355,0.00038744
5.36,0.00038576
5.365,0.0003841
5.37,0.00038245
5.375,0.0003808
5.38,0.00037916
5.385,0.00037753
5.39,0.00037591
5.395,0.0003743
5.4,0.00037269
5.405,0.0003711
5.41,0.00036951
5.415,0.00036792
5.42,0.00036635
5.425,0.00036478
5.43,0.00036322
5.435,0.00036167
5.44,0.00036013
5.445,0.00035859
5.45,0.00035706
5.455,0.00035554
5.46,0.00035403
5.465,0.00035252
5.47,0.00035102
5.475,0.00034953
5.48,0.00034805
5.485,0.00034657
5.49,0.0003451
5.495,0.00034364
5.5,0.00034218
5.505,0.00034074
5.51,0.00033929
5.515,0.00033786
5.52,0.00033643
5.525,0.00033501
5.53,0.0003336
5.535,0.00033219
5.54,0.00033079
5.545,0.0003294
5.55,0.00032801
5.555,0.00032663
5.56,0.00032526
5.565,0.0003239
5.57,0.00032254
5.575,0.00032118
5.58,0.00031984
5.585,0.0003185
5.59,0.00031717
5.595,0.00031584
5.6,0.00031452
5.605,0.0003132
5.61,0.0003119
5.615,0.0003106
5.62,0.0003093
5.625,0.00030801
5.63,0.00030673
5.635,0.00030545
5.64,0.00030418
5.645,0.00030292
5.65,0.00030166
5.655,0.00030041
5.66,0.00029916
5.665,0.00029792
5.67,0.00029669
5.675,0.00029546
5.68,0.00029424
5.685,0.00029302
5.69,0.00029181
5.695,0.00029061
5.7,0.00028941
5.705,0.00028821
5.71,0.00028703
5.715,0.00028584
5.72,0.00028467
5.725,0.0002835
5.73,0.00028233
5.735,0.00028117
5.74,0.00028002
5.745,0.00027887
5.75,0.00027773
5.755,0.00027659
5.76,0.00027546
5.765,0.00027433
5.77,0.00027321
5.775,0.00027209
5.78,0.00027098
5.785,0.00026988
5.79,0.00026878
5.795,0.00026768
5.8,0.00026659
5.805,0.00026551
5.81,0.00026443
5.815,0.00026335
5.82,0.00026229
5.825,0.00026122
5.83,0.00026016
5.835,0.00025911
5.84,0.00025806
5.845,0.00025701
5.85,0.00025597
5.855,0.00025494
5.86,0.00025391
5.865,0.00025289
5.87,0.00025187
5.875,0.00025085
5.88,0.00024984
5.885,0.00024883
5.89,0.00024783
5.895,0.00024684
5.9,0.00024584
5.905,0.00024486
5.91,0.00024388
5.915,0.0002429
5.92,0.00024192
5.925,0.00024096
5.93,0.00023999
5.935,0.00023903
5.94,0.00023808
5.945,0.00023713
5.95,0.00023618
5.955,0.00023524
5.96,0.0002343
5.965,0.00023337
5.97,0.00023244
5.975,0.00023151
5.98,0.00023059
5.985,0.00022968
5.99,0.00022877
5.995,0.00022786
6,0.00022695
6.005,0.00022606
6.01,0.00022516
6.015,0.00022427
6.02,0.00022338
6.025,0.0002225
6.03,0.00022162
6.035,0.00022075
6.04,0.00021988
6.045,0.00021901
6.05,0.00021815
6.055,0.00021729
6.06,0.00021644
6.065,0.00021558
6.07,0.00021474
6.075,0.00021389
6.08,0.00021306
6.085,0.00021222
6.09,0.00021139
6.095,0.00021056
6.1,0.00020974
6.105,0.00020892
6.11,0.0002081
6.115,0.00020729
6.12,0.00020648
6.125,0.00020568
6.13,0.00020488
6.135,0.00020408
6.14,0.00020328
6.145,0.00020249
6.15,0.00020171
6.155,0.00020092
6.16,0.00020014
6.165,0.00019937
6.17,0.00019859
6.175,0.00019783
6.18,0.00019706
6.185,0.0001963
6.19,0.00019554
6.195,0.00019478
6.2,0.00019403
6.205,0.00019328
6.21,0.00019254
6.215,0.0001918
6.22,0.00019106
6.225,0.00019032
6.23,0.00018959
6.235,0.00018886
6.24,0.00018814
6.245,0.00018742
6.25,0.0001867
6.255,0.00018598
6.26,0.00018527
6.265,0.00018456
6.27,0.00018386
6.275,0.00018315
6.28,0.00018245
