0,NaN
2.5484e-006,0
1.0194e-005,0
2.2936e-005,0
4.0775e-005,0
6.371e-005,0
9.1743e-005,0
0.00012487,0
0.0001631,0
0.00020642,0
0.00025484,0
0.00030836,0
0.00036697,0
0.00043068,0
0.00049949,0
0.00057339,0
0.0006524,0
0.00073649,0
0.00082569,0
0.00091998,0
0.0010194,0
0.0011239,0
0.0012334,0
0.0013481,0
0.0014679,0
0.0015928,0
0.0017227,0
0.0018578,0
0.001998,0
0.0021432,0
0.0022936,0
0.002449,0
0.0026096,0
0.0027752,0
0.002946,0
0.0031218,0
0.0033028,0
0.0034888,0
0.0036799,0
0.0038761,0
0.0040775,0
0.0042839,1.7788e-313
0.0044954,2.3317e-284
0.004712,1.6242e-258
0.0049337,1.624e-235
0.0051606,5.4217e-215
0.0053925,1.2415e-196
0.0056295,3.6108e-180
0.0058716,2.2639e-165
0.0061188,4.8266e-152
0.006371,5.1882e-140
0.0066284,3.9558e-129
0.0068909,2.8784e-119
0.0071585,2.5889e-110
0.0074312,3.6082e-102
0.007709,9.499e-095
0.0079918,5.6211e-088
0.0082798,8.7145e-082
0.0085729,4.0515e-076
0.008871,6.3656e-071
0.0091743,3.7576e-066
0.0094827,9.1552e-062
0.0097961,1.0011e-057
0.010115,5.2926e-054
0.010438,1.4463e-050
0.010767,2.1681e-047
0.011101,1.881e-044
0.01144,9.9075e-042
0.011784,3.3081e-039
0.012133,7.2793e-037
0.012487,1.0933e-034
0.012847,1.1568e-032
0.013211,8.8734e-031
0.013581,5.0644e-029
0.013955,2.2018e-027
0.014335,7.4498e-026
0.01472,2.0002e-024
0.01511,4.3378e-023
0.015505,7.7222e-022
0.015905,1.1453e-020
0.01631,1.4342e-019
0.01672,1.5354e-018
0.017136,1.4213e-017
0.017556,1.1493e-016
0.017982,8.1969e-016
0.018412,5.2015e-015
0.018848,2.9604e-014
0.019289,1.5225e-013
0.019735,7.1234e-013
0.020186,3.0514e-012
0.020642,1.2037e-011
0.021103,4.396e-011
0.02157,1.4939e-010
0.022041,4.7452e-010
0.022518,1.415e-009
0.022999,3.9766e-009
0.023486,1.0572e-008
0.023978,2.6676e-008
0.024475,6.4095e-008
0.024977,1.4707e-007
0.025484,3.2317e-007
0.025996,6.8177e-007
0.026514,1.3842e-006
0.027036,2.7105e-006
0.027564,5.1301e-006
0.028096,9.4027e-006
0.028634,1.6719e-005
0.029177,2.8891e-005
0.029725,4.8592e-005
0.030278,7.9667e-005
0.030836,0.0001275
0.031399,0.00019945
0.031967,0.00030532
0.032541,0.00045793
0.033119,0.00067362
0.033703,0.00097288
0.034292,0.0013808
0.034885,0.0019277
0.035484,0.0026494
0.036088,0.0035874
0.036697,0.0047894
0.037311,0.0063088
0.037931,0.0082049
0.038555,0.010542
0.039185,0.01339
0.039819,0.016821
0.040459,0.020912
0.041103,0.02574
0.041753,0.031384
0.042408,0.037921
0.043068,0.045427
0.043733,0.053975
0.044404,0.06363
0.045079,0.074455
0.045759,0.086503
0.046445,0.099818
0.047136,0.11444
0.047831,0.13039
0.048532,0.14768
0.049238,0.16632
0.049949,0.18631
0.050665,0.20762
0.051386,0.23022
0.052113,0.25408
0.052844,0.27915
0.053581,0.30536
0.054322,0.33267
0.055069,0.36098
0.055821,0.39023
0.056577,0.42034
0.057339,0.45121
0.058107,0.48278
0.058879,0.51494
0.059656,0.54764
0.060438,0.58078
0.061226,0.61431
0.062018,0.64816
0.062816,0.6823
0.063619,0.7167
0.064427,0.75133
0.06524,0.78622
0.066058,0.82138
0.066881,0.85687
0.067709,0.89278
0.068542,0.9292
0.069381,0.96629
0.070224,1.0042
0.071073,1.0432
0.071927,1.0834
0.072785,1.1252
0.073649,1.1689
0.074518,1.2149
0.075392,1.2635
0.076272,1.3151
0.077156,1.3703
0.078045,1.4296
0.07894,1.4934
0.079839,1.5623
0.080744,1.6369
0.081654,1.7177
0.082569,1.8052
0.083489,1.9
0.084414,2.0025
0.085344,2.1129
0.086279,2.2315
0.08722,2.3583
0.088165,2.4931
0.089116,2.6354
0.090071,2.7842
0.091032,2.9385
0.091998,3.0966
0.092969,3.2563
0.093945,3.4153
0.094926,3.5706
0.095912,3.7191
0.096904,3.8572
0.0979,3.9813
0.098902,4.0881
0.099908,4.1742
0.10092,4.2369
0.10194,4.274
0.10296,4.2841
0.10399,4.2673
0.10502,4.2312
0.10606,4.1785
0.1071,4.1102
0.10814,4.0275
0.1092,3.9317
0.11025,3.8247
0.11132,3.7081
0.11239,3.5837
0.11346,3.4535
0.11454,3.3191
0.11562,3.1824
0.11671,3.0448
0.1178,2.9078
0.1189,2.7726
0.12,2.6404
0.12111,2.512
0.12222,2.3882
0.12334,2.2695
0.12447,2.1562
0.1256,2.0487
0.12673,1.9471
0.12787,1.8515
0.12901,1.7617
0.13016,1.6777
0.13132,1.5992
0.13248,1.5262
0.13364,1.4582
0.13481,1.3951
0.13599,1.3366
0.13717,1.2823
0.13835,1.2321
0.13954,1.1855
0.14074,1.1424
0.14194,1.1025
0.14314,1.0654
0.14435,1.0311
0.14557,0.99919
0.14679,0.96953
0.14801,0.94191
0.14925,0.91615
0.15048,0.89208
0.15172,0.86954
0.15297,0.84838
0.15422,0.82848
0.15548,0.80971
0.15674,0.79196
0.158,0.77513
0.15928,0.75913
0.16055,0.74388
0.16183,0.7293
0.16312,0.71533
0.16441,0.70191
0.16571,0.68898
0.16701,0.6765
0.16832,0.66443
0.16963,0.65272
0.17095,0.64135
0.17227,0.63029
0.1736,0.61951
0.17493,0.60899
0.17627,0.59871
0.17761,0.58866
0.17896,0.57881
0.18032,0.56916
0.18167,0.5597
0.18304,0.55042
0.18441,0.54131
0.18578,0.53235
0.18716,0.52356
0.18854,0.51491
0.18993,0.50641
0.19133,0.49806
0.19272,0.48984
0.19413,0.48176
0.19554,0.47381
0.19695,0.46598
0.19837,0.45829
0.1998,0.45072
0.20123,0.44328
0.20266,0.43596
0.2041,0.42876
0.20555,0.42167
0.207,0.4147
0.20845,0.40785
0.20991,0.40111
0.21138,0.39448
0.21285,0.38796
0.21432,0.38155
0.2158,0.37524
0.21729,0.36904
0.21878,0.36295
0.22028,0.35696
0.22178,0.35106
0.22328,0.34527
0.22479,0.33958
0.22631,0.33398
0.22783,0.32848
0.22936,0.32307
0.23089,0.31775
0.23243,0.31253
0.23397,0.30739
0.23551,0.30234
0.23707,0.29738
0.23862,0.2925
0.24019,0.28771
0.24175,0.283
0.24333,0.27837
0.2449,0.27382
0.24649,0.26935
0.24807,0.26496
0.24967,0.26064
0.25126,0.2564
