0,0
0.005,0
0.01,0
0.015,0
0.02,0
0.025,0
0.03,0
0.035,0
0.04,0
0.045,0
0.05,0
0.055,0
0.06,0
0.065,0
0.07,0
0.075,0
0.08,0
0.085,0
0.09,4.2613e-262
0.095,2.1393e-210
0.1,1.0725e-170
0.105,8.2867e-140
0.11,1.7252e-115
0.115,3.8908e-096
0.12,1.3913e-080
0.125,5.6949e-068
0.13,1.1664e-057
0.135,3.6403e-049
0.14,4.0509e-042
0.145,3.0952e-036
0.15,2.7042e-031
0.155,4.0313e-027
0.16,1.4077e-023
0.165,1.4823e-020
0.17,5.7649e-018
0.175,9.757e-016
0.18,8.2117e-014
0.185,3.8331e-012
0.19,1.0856e-010
0.195,2.0093e-009
0.2,2.5852e-008
0.205,2.4347e-007
0.21,1.7526e-006
0.215,1e-005
0.22,4.6652e-005
0.225,0.00018265
0.23,0.0006137
0.235,0.0018037
0.24,0.0047141
0.245,0.011111
0.25,0.023908
0.255,0.047463
0.26,0.087734
0.265,0.15221
0.27,0.24959
0.275,0.3892
0.28,0.58023
0.285,0.83093
0.29,1.1478
0.295,1.5351
0.3,1.9942
0.305,2.5237
0.31,3.1196
0.315,3.7757
0.32,4.4846
0.325,5.2385
0.33,6.0308
0.335,6.8579
0.34,7.7206
0.345,8.6269
0.35,9.5937
0.355,10.649
0.36,11.833
0.365,13.2
0.37,14.82
0.375,16.771
0.38,19.141
0.385,22.009
0.39,25.423
0.395,29.369
0.4,33.723
0.405,38.214
0.41,42.419
0.415,45.81
0.42,47.874
0.425,48.292
0.43,47.433
0.435,45.572
0.44,42.91
0.445,39.71
0.45,36.239
0.455,32.735
0.46,29.382
0.465,26.3
0.47,23.555
0.475,21.167
0.48,19.127
0.485,17.404
0.49,15.962
0.495,14.76
0.5,13.759
0.505,12.922
0.51,12.218
0.515,11.621
0.52,11.107
0.525,10.658
0.53,10.259
0.535,9.8987
0.54,9.5679
0.545,9.2597
0.55,8.969
0.555,8.692
0.56,8.4262
0.565,8.1698
0.57,7.9216
0.575,7.6807
0.58,7.4467
0.585,7.2192
0.59,6.998
0.595,6.783
0.6,6.5741
0.605,6.3711
0.61,6.1739
0.615,5.9826
0.62,5.797
0.625,5.6169
0.63,5.4424
0.635,5.2733
0.64,5.1094
0.645,4.9507
0.65,4.797
0.655,4.6482
0.66,4.5042
0.665,4.3648
0.67,4.23
0.675,4.0996
0.68,3.9734
0.685,3.8514
0.69,3.7333
0.695,3.6192
0.7,3.5089
0.705,3.4022
0.71,3.299
0.715,3.1992
0.72,3.1028
0.725,3.0095
0.73,2.9194
0.735,2.8322
0.74,2.748
0.745,2.6665
0.75,2.5877
0.755,2.5115
0.76,2.4378
0.765,2.3665
0.77,2.2976
0.775,2.231
0.78,2.1665
0.785,2.1042
0.79,2.0438
0.795,1.9855
0.8,1.929
0.805,1.8744
0.81,1.8215
0.815,1.7703
0.82,1.7208
0.825,1.6729
0.83,1.6264
0.835,1.5815
0.84,1.538
0.845,1.4959
0.85,1.4551
0.855,1.4155
0.86,1.3773
0.865,1.3402
0.87,1.3042
0.875,1.2694
0.88,1.2357
0.885,1.203
0.89,1.1713
0.895,1.1405
0.9,1.1107
0.905,1.0818
0.91,1.0538
0.915,1.0266
0.92,1.0003
0.925,0.97471
0.93,0.94991
0.935,0.92583
0.94,0.90247
0.945,0.8798
0.95,0.8578
0.955,0.83643
0.96,0.81569
0.965,0.79555
0.97,0.776
0.975,0.757
0.98,0.73855
0.985,0.72063
0.99,0.70322
0.995,0.6863
1,0.66986
1.005,0.65388
1.01,0.63835
1.015,0.62325
1.02,0.60857
1.025,0.5943
1.03,0.58043
1.035,0.56693
1.04,0.5538
1.045,0.54103
1.05,0.52861
1.055,0.51652
1.06,0.50476
1.065,0.49332
1.07,0.48218
1.075,0.47134
1.08,0.46078
1.085,0.45051
1.09,0.4405
1.095,0.43076
1.1,0.42127
1.105,0.41203
1.11,0.40303
1.115,0.39426
1.12,0.38571
1.125,0.37739
1.13,0.36928
1.135,0.36137
1.14,0.35366
1.145,0.34615
1.15,0.33883
1.155,0.33169
1.16,0.32473
1.165,0.31794
1.17,0.31132
1.175,0.30486
1.18,0.29856
1.185,0.29242
1.19,0.28643
1.195,0.28058
1.2,0.27487
1.205,0.2693
1.21,0.26387
1.215,0.25856
1.22,0.25338
1.225,0.24833
1.23,0.24339
1.235,0.23857
1.24,0.23386
1.245,0.22927
1.25,0.22478
1.255,0.22039
1.26,0.21611
1.265,0.21193
1.27,0.20784
1.275,0.20384
1.28,0.19994
1.285,0.19613
1.29,0.1924
1.295,0.18876
1.3,0.18519
1.305,0.18171
1.31,0.17831
1.315,0.17498
1.32,0.17173
1.325,0.16854
1.33,0.16543
1.335,0.16239
1.34,0.15941
1.345,0.1565
1.35,0.15365
1.355,0.15086
1.36,0.14814
1.365,0.14547
1.37,0.14286
1.375,0.1403
1.38,0.1378
1.385,0.13535
1.39,0.13296
1.395,0.13061
1.4,0.12831
1.405,0.12607
1.41,0.12386
1.415,0.12171
1.42,0.1196
1.425,0.11753
1.43,0.11551
1.435,0.11352
1.44,0.11158
1.445,0.10968
1.45,0.10781
1.455,0.10599
1.46,0.1042
1.465,0.10244
1.47,0.10072
1.475,0.09904
1.48,0.09739
1.485,0.095772
1.49,0.094186
1.495,0.092632
1.5,0.091108
1.505,0.089614
1.51,0.088149
1.515,0.086713
1.52,0.085304
1.525,0.083923
1.53,0.082569
1.535,0.081241
1.54,0.079938
1.545,0.07866
1.55,0.077407
1.555,0.076177
1.56,0.07497
1.565,0.073787
1.57,0.072625
1.575,0.071486
1.58,0.070368
1.585,0.069271
1.59,0.068194
1.595,0.067137
1.6,0.066099
1.605,0.065081
1.61,0.064082
1.615,0.0631
1.62,0.062137
1.625,0.061191
1.63,0.060263
1.635,0.059351
1.64,0.058456
1.645,0.057577
1.65,0.056713
1.655,0.055866
1.66,0.055033
1.665,0.054215
1.67,0.053411
1.675,0.052622
1.68,0.051847
1.685,0.051085
1.69,0.050337
1.695,0.049602
1.7,0.04888
1.705,0.04817
1.71,0.047472
1.715,0.046787
1.72,0.046113
1.725,0.045451
1.73,0.0448
1.735,0.044161
1.74,0.043532
1.745,0.042914
1.75,0.042307
1.755,0.04171
1.76,0.041122
1.765,0.040545
1.77,0.039978
1.775,0.03942
1.78,0.038871
1.785,0.038331
1.79,0.0378
1.795,0.037278
1.8,0.036765
1.805,0.03626
1.81,0.035764
1.815,0.035275
1.82,0.034795
1.825,0.034322
1.83,0.033857
1.835,0.0334
1.84,0.03295
1.845,0.032507
1.85,0.032071
1.855,0.031642
1.86,0.03122
1.865,0.030805
1.87,0.030397
1.875,0.029995
1.88,0.029599
1.885,0.029209
1.89,0.028826
1.895,0.028449
1.9,0.028077
1.905,0.027712
1.91,0.027352
1.915,0.026997
1.92,0.026648
1.925,0.026305
1.93,0.025967
1.935,0.025634
1.94,0.025306
1.945,0.024983
1.95,0.024665
1.955,0.024352
1.96,0.024044
1.965,0.02374
1.97,0.023441
1.975,0.023146
1.98,0.022856
1.985,0.02257
1.99,0.022289
1.995,0.022011
2,0.021738
2.005,0.021469
2.01,0.021204
2.015,0.020943
2.02,0.020685
2.025,0.020431
2.03,0.020182
2.035,0.019935
2.04,0.019693
2.045,0.019454
2.05,0.019218
2.055,0.018986
2.06,0.018757
2.065,0.018531
2.07,0.018309
2.075,0.01809
2.08,0.017874
2.085,0.017661
2.09,0.017451
2.095,0.017244
2.1,0.01704
2.105,0.016839
2.11,0.016641
2.115,0.016445
2.12,0.016252
2.125,0.016062
2.13,0.015875
2.135,0.01569
2.14,0.015508
2.145,0.015329
2.15,0.015151
2.155,0.014977
2.16,0.014804
2.165,0.014635
2.17,0.014467
2.175,0.014302
2.18,0.014139
2.185,0.013978
2.19,0.013819
2.195,0.013663
2.2,0.013508
2.205,0.013356
2.21,0.013206
2.215,0.013058
2.22,0.012912
2.225,0.012767
2.23,0.012625
2.235,0.012485
2.24,0.012346
2.245,0.012209
2.25,0.012075
2.255,0.011941
2.26,0.01181
2.265,0.01168
2.27,0.011553
2.275,0.011426
2.28,0.011302
2.285,0.011179
2.29,0.011057
2.295,0.010938
2.3,0.010819
2.305,0.010703
2.31,0.010587
2.315,0.010474
2.32,0.010361
2.325,0.010251
2.33,0.010141
2.335,0.010033
2.34,0.0099266
2.345,0.0098214
2.35,0.0097174
2.355,0.0096148
2.36,0.0095135
2.365,0.0094135
2.37,0.0093147
2.375,0.0092172
2.38,0.0091208
2.385,0.0090257
2.39,0.0089318
2.395,0.0088391
2.4,0.0087475
2.405,0.008657
2.41,0.0085676
2.415,0.0084794
2.42,0.0083922
2.425,0.0083062
2.43,0.0082211
2.435,0.0081372
2.44,0.0080542
2.445,0.0079723
2.45,0.0078913
2.455,0.0078113
2.46,0.0077324
2.465,0.0076543
2.47,0.0075772
2.475,0.0075011
2.48,0.0074258
2.485,0.0073515
2.49,0.007278
2.495,0.0072054
2.5,0.0071337
2.505,0.0070629
2.51,0.0069929
2.515,0.0069237
2.52,0.0068553
2.525,0.0067878
2.53,0.006721
2.535,0.0066551
2.54,0.0065899
2.545,0.0065254
2.55,0.0064618
2.555,0.0063988
2.56,0.0063366
2.565,0.0062751
2.57,0.0062144
2.575,0.0061543
2.58,0.006095
2.585,0.0060363
2.59,0.0059783
2.595,0.005921
2.6,0.0058643
2.605,0.0058083
2.61,0.0057529
2.615,0.0056981
2.62,0.005644
2.625,0.0055905
2.63,0.0055376
2.635,0.0054853
2.64,0.0054336
2.645,0.0053824
2.65,0.0053319
2.655,0.0052819
2.66,0.0052325
2.665,0.0051836
2.67,0.0051353
2.675,0.0050875
2.68,0.0050402
2.685,0.0049935
2.69,0.0049473
2.695,0.0049016
2.7,0.0048564
2.705,0.0048117
2.71,0.0047675
2.715,0.0047238
2.72,0.0046806
2.725,0.0046378
2.73,0.0045955
2.735,0.0045537
2.74,0.0045123
2.745,0.0044714
2.75,0.0044309
2.755,0.0043909
2.76,0.0043513
2.765,0.0043121
2.77,0.0042734
2.775,0.004235
2.78,0.0041971
2.785,0.0041596
2.79,0.0041224
2.795,0.0040857
2.8,0.0040494
2.805,0.0040135
2.81,0.0039779
2.815,0.0039427
2.82,0.0039079
2.825,0.0038734
2.83,0.0038394
2.835,0.0038056
2.84,0.0037723
2.845,0.0037393
2.85,0.0037066
2.855,0.0036743
2.86,0.0036423
2.865,0.0036106
2.87,0.0035793
2.875,0.0035483
2.88,0.0035176
2.885,0.0034873
2.89,0.0034572
2.895,0.0034275
2.9,0.003398
2.905,0.0033689
2.91,0.0033401
2.915,0.0033115
2.92,0.0032833
2.925,0.0032553
2.93,0.0032277
2.935,0.0032003
2.94,0.0031732
2.945,0.0031463
2.95,0.0031198
2.955,0.0030935
2.96,0.0030675
2.965,0.0030417
2.97,0.0030162
2.975,0.0029909
2.98,0.0029659
2.985,0.0029412
2.99,0.0029167
2.995,0.0028924
3,0.0028684
3.005,0.0028446
3.01,0.0028211
3.015,0.0027978
3.02,0.0027747
3.025,0.0027519
3.03,0.0027293
3.035,0.0027069
3.04,0.0026847
3.045,0.0026627
3.05,0.002641
3.055,0.0026194
3.06,0.0025981
3.065,0.002577
3.07,0.0025561
3.075,0.0025354
3.08,0.0025149
3.085,0.0024946
3.09,0.0024745
3.095,0.0024545
3.1,0.0024348
3.105,0.0024153
3.11,0.0023959
3.115,0.0023768
3.12,0.0023578
3.125,0.002339
3.13,0.0023204
3.135,0.0023019
3.14,0.0022837
3.145,0.0022656
3.15,0.0022477
3.155,0.0022299
3.16,0.0022124
3.165,0.0021949
3.17,0.0021777
3.175,0.0021606
3.18,0.0021437
3.185,0.0021269
3.19,0.0021103
3.195,0.0020938
3.2,0.0020775
3.205,0.0020614
3.21,0.0020454
3.215,0.0020295
3.22,0.0020138
3.225,0.0019983
3.23,0.0019829
3.235,0.0019676
3.24,0.0019525
3.245,0.0019375
3.25,0.0019226
3.255,0.0019079
3.26,0.0018933
3.265,0.0018789
3.27,0.0018645
3.275,0.0018504
3.28,0.0018363
3.285,0.0018224
3.29,0.0018086
3.295,0.0017949
3.3,0.0017813
3.305,0.0017679
3.31,0.0017546
3.315,0.0017414
3.32,0.0017283
3.325,0.0017154
3.33,0.0017026
3.335,0.0016898
3.34,0.0016772
3.345,0.0016647
3.35,0.0016523
3.355,0.0016401
3.36,0.0016279
3.365,0.0016159
3.37,0.0016039
3.375,0.0015921
3.38,0.0015803
3.385,0.0015687
3.39,0.0015572
3.395,0.0015457
3.4,0.0015344
3.405,0.0015232
3.41,0.001512
3.415,0.001501
3.42,0.0014901
3.425,0.0014792
3.43,0.0014685
3.435,0.0014578
3.44,0.0014473
3.445,0.0014368
3.45,0.0014264
3.455,0.0014161
3.46,0.0014059
3.465,0.0013958
3.47,0.0013858
3.475,0.0013758
3.48,0.001366
3.485,0.0013562
3.49,0.0013465
3.495,0.0013369
3.5,0.0013274
3.505,0.001318
3.51,0.0013086
3.515,0.0012993
3.52,0.0012901
3.525,0.001281
3.53,0.001272
3.535,0.001263
3.54,0.0012541
3.545,0.0012453
3.55,0.0012366
3.555,0.0012279
3.56,0.0012193
3.565,0.0012108
3.57,0.0012023
3.575,0.0011939
3.58,0.0011856
3.585,0.0011774
3.59,0.0011692
3.595,0.0011611
3.6,0.001153
3.605,0.0011451
3.61,0.0011372
3.615,0.0011293
3.62,0.0011216
3.625,0.0011138
3.63,0.0011062
3.635,0.0010986
3.64,0.0010911
3.645,0.0010836
3.65,0.0010762
3.655,0.0010689
3.66,0.0010616
3.665,0.0010544
3.67,0.0010472
3.675,0.0010401
3.68,0.0010331
3.685,0.0010261
3.69,0.0010192
3.695,0.0010123
3.7,0.0010055
3.705,0.00099869
3.71,0.00099198
3.715,0.00098532
3.72,0.00097872
3.725,0.00097217
3.73,0.00096567
3.735,0.00095923
3.74,0.00095283
3.745,0.00094649
3.75,0.0009402
3.755,0.00093396
3.76,0.00092776
3.765,0.00092162
3.77,0.00091553
3.775,0.00090948
3.78,0.00090348
3.785,0.00089753
3.79,0.00089163
3.795,0.00088577
3.8,0.00087996
3.805,0.00087419
3.81,0.00086847
3.815,0.0008628
3.82,0.00085717
3.825,0.00085158
3.83,0.00084604
3.835,0.00084054
3.84,0.00083508
3.845,0.00082967
3.85,0.00082429
3.855,0.00081896
3.86,0.00081367
3.865,0.00080842
3.87,0.00080322
3.875,0.00079805
3.88,0.00079292
3.885,0.00078783
3.89,0.00078278
3.895,0.00077777
3.9,0.0007728
3.905,0.00076786
3.91,0.00076297
3.915,0.00075811
3.92,0.00075329
3.925,0.0007485
3.93,0.00074375
3.935,0.00073904
3.94,0.00073436
3.945,0.00072972
3.95,0.00072512
3.955,0.00072054
3.96,0.00071601
3.965,0.0007115
3.97,0.00070704
3.975,0.0007026
3.98,0.0006982
3.985,0.00069383
3.99,0.0006895
3.995,0.00068519
4,0.00068092
4.005,0.00067668
4.01,0.00067247
4.015,0.0006683
4.02,0.00066415
4.025,0.00066004
4.03,0.00065595
4.035,0.0006519
4.04,0.00064788
4.045,0.00064388
4.05,0.00063992
4.055,0.00063598
4.06,0.00063208
4.065,0.0006282
4.07,0.00062435
4.075,0.00062053
4.08,0.00061674
4.085,0.00061297
4.09,0.00060924
4.095,0.00060553
4.1,0.00060184
4.105,0.00059819
4.11,0.00059456
4.115,0.00059096
4.12,0.00058738
4.125,0.00058383
4.13,0.0005803
4.135,0.0005768
4.14,0.00057333
4.145,0.00056988
4.15,0.00056645
4.155,0.00056305
4.16,0.00055968
4.165,0.00055633
4.17,0.000553
4.175,0.0005497
4.18,0.00054642
4.185,0.00054316
4.19,0.00053993
4.195,0.00053672
4.2,0.00053353
4.205,0.00053037
4.21,0.00052723
4.215,0.00052411
4.22,0.00052101
4.225,0.00051794
4.23,0.00051488
4.235,0.00051185
4.24,0.00050884
4.245,0.00050585
4.25,0.00050288
4.255,0.00049993
4.26,0.00049701
4.265,0.0004941
4.27,0.00049122
4.275,0.00048835
4.28,0.0004855
4.285,0.00048268
4.29,0.00047987
4.295,0.00047709
4.3,0.00047432
4.305,0.00047157
4.31,0.00046884
4.315,0.00046613
4.32,0.00046344
4.325,0.00046077
4.33,0.00045812
4.335,0.00045548
4.34,0.00045286
4.345,0.00045026
4.35,0.00044768
4.355,0.00044512
4.36,0.00044257
4.365,0.00044004
4.37,0.00043753
4.375,0.00043504
4.38,0.00043256
4.385,0.0004301
4.39,0.00042766
4.395,0.00042523
4.4,0.00042282
4.405,0.00042043
4.41,0.00041805
4.415,0.00041569
4.42,0.00041334
4.425,0.00041101
4.43,0.0004087
4.435,0.0004064
4.44,0.00040411
4.445,0.00040185
4.45,0.00039959
4.455,0.00039736
4.46,0.00039514
4.465,0.00039293
4.47,0.00039074
4.475,0.00038856
4.48,0.00038639
4.485,0.00038425
4.49,0.00038211
4.495,0.00037999
4.5,0.00037788
4.505,0.00037579
4.51,0.00037371
4.515,0.00037165
4.52,0.0003696
4.525,0.00036756
4.53,0.00036554
4.535,0.00036353
4.54,0.00036153
4.545,0.00035955
4.55,0.00035757
4.555,0.00035562
4.56,0.00035367
4.565,0.00035174
4.57,0.00034982
4.575,0.00034791
4.58,0.00034602
4.585,0.00034413
4.59,0.00034226
4.595,0.00034041
4.6,0.00033856
4.605,0.00033673
4.61,0.0003349
4.615,0.00033309
4.62,0.0003313
4.625,0.00032951
4.63,0.00032773
4.635,0.00032597
4.64,0.00032422
4.645,0.00032248
4.65,0.00032075
4.655,0.00031903
4.66,0.00031732
4.665,0.00031562
4.67,0.00031394
4.675,0.00031226
4.68,0.0003106
4.685,0.00030894
4.69,0.0003073
4.695,0.00030567
4.7,0.00030405
4.705,0.00030243
4.71,0.00030083
4.715,0.00029924
4.72,0.00029766
4.725,0.00029609
4.73,0.00029453
4.735,0.00029297
4.74,0.00029143
4.745,0.0002899
4.75,0.00028838
4.755,0.00028687
4.76,0.00028536
4.765,0.00028387
4.77,0.00028238
4.775,0.00028091
4.78,0.00027944
4.785,0.00027799
4.79,0.00027654
4.795,0.0002751
4.8,0.00027367
4.805,0.00027225
4.81,0.00027084
4.815,0.00026943
4.82,0.00026804
4.825,0.00026665
4.83,0.00026528
4.835,0.00026391
4.84,0.00026255
4.845,0.00026119
4.85,0.00025985
4.855,0.00025852
4.86,0.00025719
4.865,0.00025587
4.87,0.00025456
4.875,0.00025326
4.88,0.00025196
4.885,0.00025068
4.89,0.0002494
4.895,0.00024813
4.9,0.00024686
4.905,0.00024561
4.91,0.00024436
4.915,0.00024312
4.92,0.00024189
4.925,0.00024066
4.93,0.00023944
4.935,0.00023823
4.94,0.00023703
4.945,0.00023583
4.95,0.00023464
4.955,0.00023346
4.96,0.00023229
4.965,0.00023112
4.97,0.00022996
4.975,0.00022881
4.98,0.00022766
4.985,0.00022652
4.99,0.00022539
4.995,0.00022426
5,0.00022314
5.005,0.00022203
5.01,0.00022093
5.015,0.00021983
5.02,0.00021874
5.025,0.00021765
5.03,0.00021657
5.035,0.0002155
5.04,0.00021443
5.045,0.00021337
5.05,0.00021232
5.055,0.00021127
5.06,0.00021023
5.065,0.00020919
5.07,0.00020816
5.075,0.00020714
5.08,0.00020612
5.085,0.00020511
5.09,0.0002041
5.095,0.0002031
5.1,0.00020211
5.105,0.00020112
5.11,0.00020014
5.115,0.00019916
5.12,0.00019819
5.125,0.00019723
5.13,0.00019627
5.135,0.00019532
5.14,0.00019437
5.145,0.00019343
5.15,0.00019249
5.155,0.00019156
5.16,0.00019063
5.165,0.00018971
5.17,0.00018879
5.175,0.00018788
5.18,0.00018698
5.185,0.00018608
5.19,0.00018518
5.195,0.00018429
5.2,0.00018341
5.205,0.00018253
5.21,0.00018166
5.215,0.00018079
5.22,0.00017992
5.225,0.00017906
5.23,0.00017821
5.235,0.00017736
5.24,0.00017652
5.245,0.00017568
5.25,0.00017484
5.255,0.00017401
5.26,0.00017319
5.265,0.00017237
5.27,0.00017155
5.275,0.00017074
5.28,0.00016993
5.285,0.00016913
5.29,0.00016833
5.295,0.00016754
5.3,0.00016675
5.305,0.00016596
5.31,0.00016518
5.315,0.00016441
5.32,0.00016364
5.325,0.00016287
5.33,0.00016211
5.335,0.00016135
5.34,0.0001606
5.345,0.00015985
5.35,0.0001591
5.355,0.00015836
5.36,0.00015762
5.365,0.00015689
5.37,0.00015616
5.375,0.00015544
5.38,0.00015471
5.385,0.000154
5.39,0.00015329
5.395,0.00015258
5.4,0.00015187
5.405,0.00015117
5.41,0.00015047
5.415,0.00014978
5.42,0.00014909
5.425,0.0001484
5.43,0.00014772
5.435,0.00014704
5.44,0.00014637
5.445,0.0001457
5.45,0.00014503
5.455,0.00014437
5.46,0.00014371
5.465,0.00014305
5.47,0.0001424
5.475,0.00014175
5.48,0.0001411
5.485,0.00014046
5.49,0.00013982
5.495,0.00013919
5.5,0.00013856
5.505,0.00013793
5.51,0.00013731
5.515,0.00013668
5.52,0.00013607
5.525,0.00013545
5.53,0.00013484
5.535,0.00013423
5.54,0.00013363
5.545,0.00013303
5.55,0.00013243
5.555,0.00013183
5.56,0.00013124
5.565,0.00013065
5.57,0.00013007
5.575,0.00012949
5.58,0.00012891
5.585,0.00012833
5.59,0.00012776
5.595,0.00012719
5.6,0.00012662
5.605,0.00012606
5.61,0.0001255
5.615,0.00012494
5.62,0.00012438
5.625,0.00012383
5.63,0.00012328
5.635,0.00012274
5.64,0.00012219
5.645,0.00012165
5.65,0.00012112
5.655,0.00012058
5.66,0.00012005
5.665,0.00011952
5.67,0.000119
5.675,0.00011847
5.68,0.00011795
5.685,0.00011743
5.69,0.00011692
5.695,0.00011641
5.7,0.0001159
5.705,0.00011539
5.71,0.00011489
5.715,0.00011438
5.72,0.00011389
5.725,0.00011339
5.73,0.0001129
5.735,0.0001124
5.74,0.00011192
5.745,0.00011143
5.75,0.00011095
5.755,0.00011046
5.76,0.00010999
5.765,0.00010951
5.77,0.00010904
5.775,0.00010856
5.78,0.0001081
5.785,0.00010763
5.79,0.00010717
5.795,0.0001067
5.8,0.00010625
5.805,0.00010579
5.81,0.00010533
5.815,0.00010488
5.82,0.00010443
5.825,0.00010398
5.83,0.00010354
5.835,0.0001031
5.84,0.00010266
5.845,0.00010222
5.85,0.00010178
5.855,0.00010135
5.86,0.00010092
5.865,0.00010049
5.87,0.00010006
5.875,9.9635e-005
5.88,9.9212e-005
5.885,9.8791e-005
5.89,9.8372e-005
5.895,9.7956e-005
5.9,9.7542e-005
5.905,9.7129e-005
5.91,9.6719e-005
5.915,9.6311e-005
5.92,9.5905e-005
5.925,9.5501e-005
5.93,9.5099e-005
5.935,9.4699e-005
5.94,9.4301e-005
5.945,9.3906e-005
5.95,9.3512e-005
5.955,9.312e-005
5.96,9.273e-005
5.965,9.2342e-005
5.97,9.1956e-005
5.975,9.1572e-005
5.98,9.119e-005
5.985,9.0809e-005
5.99,9.0431e-005
5.995,9.0054e-005
6,8.968e-005
6.005,8.9307e-005
6.01,8.8936e-005
6.015,8.8567e-005
6.02,8.82e-005
6.025,8.7835e-005
6.03,8.7471e-005
6.035,8.7109e-005
6.04,8.6749e-005
6.045,8.6391e-005
6.05,8.6035e-005
6.055,8.568e-005
6.06,8.5327e-005
6.065,8.4976e-005
6.07,8.4627e-005
6.075,8.4279e-005
6.08,8.3933e-005
6.085,8.3589e-005
6.09,8.3246e-005
6.095,8.2906e-005
6.1,8.2566e-005
6.105,8.2229e-005
6.11,8.1893e-005
6.115,8.1559e-005
6.12,8.1226e-005
6.125,8.0895e-005
6.13,8.0566e-005
6.135,8.0238e-005
6.14,7.9912e-005
6.145,7.9587e-005
6.15,7.9264e-005
6.155,7.8943e-005
6.16,7.8623e-005
6.165,7.8305e-005
6.17,7.7988e-005
6.175,7.7673e-005
6.18,7.7359e-005
6.185,7.7047e-005
6.19,7.6736e-005
6.195,7.6427e-005
6.2,7.6119e-005
6.205,7.5813e-005
6.21,7.5508e-005
6.215,7.5205e-005
6.22,7.4903e-005
6.225,7.4603e-005
6.23,7.4304e-005
6.235,7.4007e-005
6.24,7.3711e-005
6.245,7.3416e-005
6.25,7.3123e-005
6.255,7.2831e-005
6.26,7.2541e-005
6.265,7.2252e-005
6.27,7.1964e-005
6.275,7.1678e-005
6.28,7.1393e-005
