0.6,7.7325e-006
0.605,1.1958e-005
0.61,1.8144e-005
0.615,2.7038e-005
0.62,3.9605e-005
0.625,5.7071e-005
0.63,8.097e-005
0.635,0.00011318
0.64,0.00015599
0.645,0.0002121
0.65,0.00028472
0.655,0.00037754
0.66,0.00049479
0.665,0.00064123
0.67,0.00082221
0.675,0.0010436
0.68,0.0013116
0.685,0.0016333
0.69,0.0020159
0.695,0.0024669
0.7,0.0029943
0.705,0.0036063
0.71,0.004311
0.715,0.0051167
0.72,0.0060315
0.725,0.0070634
0.73,0.00822
0.735,0.0095086
0.74,0.010936
0.745,0.012507
0.75,0.014229
0.755,0.016106
0.76,0.018141
0.765,0.020337
0.77,0.022697
0.775,0.025221
0.78,0.02791
0.785,0.030762
0.79,0.033776
0.795,0.036948
0.8,0.040276
0.805,0.043756
0.81,0.047381
0.815,0.051146
0.82,0.055046
0.825,0.059073
0.83,0.063221
0.835,0.067482
0.84,0.071851
0.845,0.07632
0.85,0.080882
0.855,0.085534
0.86,0.09027
0.865,0.095086
0.87,0.09998
0.875,0.10495
0.88,0.11
0.885,0.11514
0.89,0.12036
0.895,0.12568
0.9,0.13111
0.905,0.13666
0.91,0.14235
0.915,0.1482
0.92,0.15425
0.925,0.16051
0.93,0.16703
0.935,0.17384
0.94,0.18098
0.945,0.18852
0.95,0.19649
0.955,0.20496
0.96,0.21398
0.965,0.22363
0.97,0.23398
0.975,0.2451
0.98,0.25706
0.985,0.26995
0.99,0.28383
0.995,0.29878
1,0.31487
1.005,0.33215
1.01,0.35067
1.015,0.37046
1.02,0.39152
1.025,0.41382
1.03,0.43731
1.035,0.46189
1.04,0.48742
1.045,0.51369
1.05,0.54047
1.055,0.56745
1.06,0.59427
1.065,0.62053
1.07,0.64578
1.075,0.66957
1.08,0.69139
1.085,0.71077
1.09,0.72728
1.095,0.7405
1.1,0.7501
1.105,0.75584
1.11,0.75757
1.115,0.75611
1.12,0.7521
1.125,0.74563
1.13,0.73682
1.135,0.72581
1.14,0.71279
1.145,0.69795
1.15,0.68152
1.155,0.66373
1.16,0.64483
1.165,0.62506
1.17,0.60464
1.175,0.5838
1.18,0.56275
1.185,0.54168
1.19,0.52076
1.195,0.50015
1.2,0.47997
1.205,0.46033
1.21,0.44132
1.215,0.42301
1.22,0.40545
1.225,0.38868
1.23,0.37273
1.235,0.35759
1.24,0.34328
1.245,0.32977
1.25,0.31706
1.255,0.30512
1.26,0.29391
1.265,0.28343
1.27,0.27362
1.275,0.26445
1.28,0.25589
1.285,0.24791
1.29,0.24046
1.295,0.23351
1.3,0.22704
1.305,0.221
1.31,0.21536
1.315,0.21009
1.32,0.20518
1.325,0.20057
1.33,0.19627
1.335,0.19223
1.34,0.18843
1.345,0.18486
1.35,0.1815
1.355,0.17832
1.36,0.17531
1.365,0.17245
1.37,0.16974
1.375,0.16715
1.38,0.16468
1.385,0.16231
1.39,0.16004
1.395,0.15785
1.4,0.15573
1.405,0.15369
1.41,0.1517
1.415,0.14978
1.42,0.1479
1.425,0.14607
1.43,0.14428
1.435,0.14253
1.44,0.14081
1.445,0.13913
1.45,0.13747
1.455,0.13585
1.46,0.13424
1.465,0.13266
1.47,0.1311
1.475,0.12957
1.48,0.12805
1.485,0.12655
1.49,0.12507
1.495,0.1236
1.5,0.12215
1.505,0.12072
1.51,0.11931
1.515,0.11791
1.52,0.11652
1.525,0.11515
1.53,0.11379
1.535,0.11245
1.54,0.11112
1.545,0.10981
1.55,0.10851
1.555,0.10723
1.56,0.10595
1.565,0.1047
1.57,0.10345
1.575,0.10222
1.58,0.10101
1.585,0.099803
1.59,0.098613
1.595,0.097437
1.6,0.096274
1.605,0.095124
1.61,0.093987
1.615,0.092864
1.62,0.091753
1.625,0.090655
1.63,0.08957
1.635,0.088497
1.64,0.087437
1.645,0.08639
1.65,0.085355
1.655,0.084333
1.66,0.083322
1.665,0.082324
1.67,0.081338
1.675,0.080363
1.68,0.079401
1.685,0.07845
1.69,0.077511
1.695,0.076583
1.7,0.075667
1.705,0.074761
1.71,0.073867
1.715,0.072984
1.72,0.072112
1.725,0.071251
1.73,0.070401
1.735,0.069561
1.74,0.068731
1.745,0.067912
1.75,0.067104
1.755,0.066305
1.76,0.065517
1.765,0.064738
1.77,0.063969
1.775,0.06321
1.78,0.06246
1.785,0.06172
1.79,0.06099
1.795,0.060268
1.8,0.059556
