0,0
0.005,0
0.01,0
0.015,0
0.02,0
0.025,0
0.03,0
0.035,0
0.04,0
0.045,0
0.05,0
0.055,0
0.06,0
0.065,0
0.07,0
0.075,0
0.08,0
0.085,0
0.09,0
0.095,0
0.1,0
0.105,0
0.11,4.0014e-294
0.115,1.1617e-245
0.12,1.0837e-206
0.125,4.5253e-175
0.13,3.3656e-149
0.135,7.1962e-128
0.14,3.6966e-110
0.145,2.3445e-095
0.15,6.5629e-083
0.155,2.2042e-072
0.16,1.96e-063
0.165,8.674e-056
0.17,3.1714e-049
0.175,1.4432e-043
0.18,1.1409e-038
0.185,2.0583e-034
0.19,1.0608e-030
0.195,1.8804e-027
0.2,1.3381e-024
0.205,4.3486e-022
0.21,7.1923e-020
0.215,6.6324e-018
0.22,3.6838e-016
0.225,1.3159e-014
0.23,3.1969e-013
0.235,5.5413e-012
0.24,7.1401e-011
0.245,7.0856e-010
0.25,5.5834e-009
0.255,3.5874e-008
0.26,1.9232e-007
0.265,8.7766e-007
0.27,3.4699e-006
0.275,1.2069e-005
0.28,3.7428e-005
0.285,0.00010474
0.29,0.00026724
0.295,0.00062751
0.3,0.0013672
0.305,0.002784
0.31,0.0053328
0.315,0.0096651
0.32,0.016659
0.325,0.027432
0.33,0.043338
0.335,0.065927
0.34,0.096891
0.345,0.13799
0.35,0.19094
0.355,0.25736
0.36,0.3386
0.365,0.43574
0.37,0.54948
0.375,0.6801
0.38,0.82747
0.385,0.99103
0.39,1.1699
0.395,1.3628
0.4,1.5684
0.405,1.7852
0.41,2.0118
0.415,2.2471
0.42,2.4906
0.425,2.7422
0.43,3.0031
0.435,3.2755
0.44,3.5632
0.445,3.8716
0.45,4.2081
0.455,4.582
0.46,5.0048
0.465,5.4901
0.47,6.0531
0.475,6.7099
0.48,7.4763
0.485,8.3654
0.49,9.3842
0.495,10.529
0.5,11.781
0.505,13.099
0.51,14.419
0.515,15.656
0.52,16.71
0.525,17.48
0.53,17.887
0.535,17.905
0.54,17.645
0.545,17.145
0.55,16.442
0.555,15.58
0.56,14.612
0.565,13.586
0.57,12.547
0.575,11.533
0.58,10.57
0.585,9.6767
0.59,8.8637
0.595,8.1346
0.6,7.4886
0.605,6.9215
0.61,6.427
0.615,5.9979
0.62,5.6265
0.625,5.3054
0.63,5.0275
0.635,4.7864
0.64,4.5763
0.645,4.3921
0.65,4.2294
0.655,4.0843
0.66,3.9537
0.665,3.8348
0.67,3.7255
0.675,3.6238
0.68,3.5283
0.685,3.4378
0.69,3.3515
0.695,3.2685
0.7,3.1884
0.705,3.1108
0.71,3.0352
0.715,2.9616
0.72,2.8898
0.725,2.8196
0.73,2.751
0.735,2.6839
0.74,2.6184
0.745,2.5542
0.75,2.4915
0.755,2.4302
0.76,2.3703
0.765,2.3118
0.77,2.2547
0.775,2.1989
0.78,2.1444
0.785,2.0913
0.79,2.0394
0.795,1.9888
0.8,1.9395
0.805,1.8914
0.81,1.8445
0.815,1.7988
0.82,1.7542
0.825,1.7108
0.83,1.6685
0.835,1.6273
0.84,1.5872
0.845,1.5481
0.85,1.51
0.855,1.473
0.86,1.4368
0.865,1.4017
0.87,1.3675
0.875,1.3341
0.88,1.3017
0.885,1.2701
0.89,1.2393
0.895,1.2094
0.9,1.1802
0.905,1.1518
0.91,1.1242
0.915,1.0973
0.92,1.0711
0.925,1.0456
0.93,1.0208
0.935,0.99661
0.94,0.97308
0.945,0.95018
0.95,0.92787
0.955,0.90616
0.96,0.88501
0.965,0.86442
0.97,0.84437
0.975,0.82484
0.98,0.80583
0.985,0.78731
0.99,0.76927
0.995,0.7517
1,0.73459
1.005,0.71792
1.01,0.70169
1.015,0.68587
1.02,0.67045
1.025,0.65544
1.03,0.64081
1.035,0.62655
1.04,0.61266
1.045,0.59912
1.05,0.58592
1.055,0.57306
1.06,0.56052
1.065,0.5483
1.07,0.53638
1.075,0.52477
1.08,0.51344
1.085,0.5024
1.09,0.49163
1.095,0.48113
1.1,0.47089
1.105,0.4609
1.11,0.45116
1.115,0.44165
1.12,0.43238
1.125,0.42333
1.13,0.41451
1.135,0.40589
1.14,0.39749
1.145,0.38929
1.15,0.38128
1.155,0.37347
1.16,0.36584
1.165,0.3584
1.17,0.35113
1.175,0.34404
1.18,0.33711
1.185,0.33034
1.19,0.32374
1.195,0.31728
1.2,0.31098
1.205,0.30483
1.21,0.29882
1.215,0.29294
1.22,0.2872
1.225,0.2816
1.23,0.27612
1.235,0.27077
1.24,0.26554
1.245,0.26042
1.25,0.25543
1.255,0.25054
1.26,0.24577
1.265,0.2411
1.27,0.23653
1.275,0.23207
1.28,0.22771
1.285,0.22344
1.29,0.21927
1.295,0.21519
1.3,0.2112
1.305,0.2073
1.31,0.20348
1.315,0.19974
1.32,0.19609
1.325,0.19251
1.33,0.18901
1.335,0.18559
1.34,0.18223
1.345,0.17895
1.35,0.17574
1.355,0.1726
1.36,0.16953
1.365,0.16652
1.37,0.16357
1.375,0.16068
1.38,0.15786
1.385,0.15509
1.39,0.15238
1.395,0.14973
1.4,0.14713
1.405,0.14458
1.41,0.14209
1.415,0.13964
1.42,0.13725
1.425,0.13491
1.43,0.13261
1.435,0.13036
1.44,0.12815
1.445,0.12599
1.45,0.12387
1.455,0.1218
1.46,0.11976
1.465,0.11777
1.47,0.11581
1.475,0.1139
1.48,0.11202
1.485,0.11018
1.49,0.10837
1.495,0.1066
1.5,0.10486
1.505,0.10316
1.51,0.10149
1.515,0.099849
1.52,0.098242
1.525,0.096666
1.53,0.095119
1.535,0.093603
1.54,0.092114
1.545,0.090654
1.55,0.089222
1.555,0.087816
1.56,0.086437
1.565,0.085083
1.57,0.083755
1.575,0.082451
1.58,0.081171
1.585,0.079915
1.59,0.078682
1.595,0.077472
1.6,0.076284
1.605,0.075117
1.61,0.073972
1.615,0.072847
1.62,0.071743
1.625,0.070659
1.63,0.069594
1.635,0.068548
1.64,0.067521
1.645,0.066512
1.65,0.065521
1.655,0.064548
1.66,0.063592
1.665,0.062653
1.67,0.06173
1.675,0.060824
1.68,0.059933
1.685,0.059058
1.69,0.058198
1.695,0.057353
1.7,0.056522
1.705,0.055706
1.71,0.054904
1.715,0.054116
1.72,0.053341
1.725,0.05258
1.73,0.051831
1.735,0.051095
1.74,0.050371
1.745,0.04966
1.75,0.048961
1.755,0.048273
1.76,0.047597
1.765,0.046932
1.77,0.046278
1.775,0.045635
1.78,0.045003
1.785,0.044381
1.79,0.04377
1.795,0.043168
1.8,0.042577
1.805,0.041995
1.81,0.041422
1.815,0.040859
1.82,0.040305
1.825,0.03976
1.83,0.039223
1.835,0.038696
1.84,0.038176
1.845,0.037665
1.85,0.037163
1.855,0.036668
1.86,0.036181
1.865,0.035702
1.87,0.03523
1.875,0.034766
1.88,0.034309
1.885,0.033859
1.89,0.033417
1.895,0.032981
1.9,0.032552
1.905,0.032129
1.91,0.031714
1.915,0.031304
1.92,0.030901
1.925,0.030504
1.93,0.030113
1.935,0.029729
1.94,0.02935
1.945,0.028976
1.95,0.028609
1.955,0.028247
1.96,0.02789
1.965,0.027539
1.97,0.027193
1.975,0.026853
1.98,0.026517
1.985,0.026186
1.99,0.025861
1.995,0.02554
2,0.025224
2.005,0.024913
2.01,0.024606
2.015,0.024303
2.02,0.024006
2.025,0.023712
2.03,0.023423
2.035,0.023138
2.04,0.022857
2.045,0.02258
2.05,0.022307
2.055,0.022039
2.06,0.021774
2.065,0.021512
2.07,0.021255
2.075,0.021001
2.08,0.020751
2.085,0.020505
2.09,0.020262
2.095,0.020022
2.1,0.019786
2.105,0.019553
2.11,0.019323
2.115,0.019097
2.12,0.018873
2.125,0.018653
2.13,0.018436
2.135,0.018222
2.14,0.018011
2.145,0.017803
2.15,0.017598
2.155,0.017395
2.16,0.017196
2.165,0.016999
2.17,0.016804
2.175,0.016613
2.18,0.016424
2.185,0.016237
2.19,0.016054
2.195,0.015872
2.2,0.015693
2.205,0.015517
2.21,0.015343
2.215,0.015171
2.22,0.015001
2.225,0.014834
2.23,0.014669
2.235,0.014506
2.24,0.014346
2.245,0.014187
2.25,0.014031
2.255,0.013876
2.26,0.013724
2.265,0.013574
2.27,0.013425
2.275,0.013279
2.28,0.013134
2.285,0.012991
2.29,0.012851
2.295,0.012712
2.3,0.012575
2.305,0.012439
2.31,0.012305
2.315,0.012174
2.32,0.012043
2.325,0.011915
2.33,0.011788
2.335,0.011662
2.34,0.011539
2.345,0.011417
2.35,0.011296
2.355,0.011177
2.36,0.011059
2.365,0.010943
2.37,0.010828
2.375,0.010715
2.38,0.010603
2.385,0.010493
2.39,0.010384
2.395,0.010276
2.4,0.01017
2.405,0.010065
2.41,0.0099612
2.415,0.0098588
2.42,0.0097576
2.425,0.0096576
2.43,0.0095589
2.435,0.0094614
2.44,0.0093651
2.445,0.0092699
2.45,0.0091759
2.455,0.0090831
2.46,0.0089913
2.465,0.0089007
2.47,0.0088112
2.475,0.0087227
2.48,0.0086353
2.485,0.008549
2.49,0.0084637
2.495,0.0083794
2.5,0.0082961
2.505,0.0082138
2.51,0.0081325
2.515,0.0080521
2.52,0.0079727
2.525,0.0078942
2.53,0.0078167
2.535,0.0077401
2.54,0.0076643
2.545,0.0075895
2.55,0.0075155
2.555,0.0074424
2.56,0.0073701
2.565,0.0072987
2.57,0.0072281
2.575,0.0071583
2.58,0.0070894
2.585,0.0070212
2.59,0.0069538
2.595,0.0068872
2.6,0.0068213
2.605,0.0067562
2.61,0.0066919
2.615,0.0066283
2.62,0.0065654
2.625,0.0065032
2.63,0.0064417
2.635,0.0063809
2.64,0.0063208
2.645,0.0062614
2.65,0.0062026
2.655,0.0061446
2.66,0.0060871
2.665,0.0060303
2.67,0.0059741
2.675,0.0059186
2.68,0.0058637
2.685,0.0058094
2.69,0.0057557
2.695,0.0057026
2.7,0.00565
2.705,0.0055981
2.71,0.0055467
2.715,0.0054959
2.72,0.0054456
2.725,0.0053959
2.73,0.0053468
2.735,0.0052982
2.74,0.0052501
2.745,0.0052025
2.75,0.0051554
2.755,0.0051089
2.76,0.0050628
2.765,0.0050173
2.77,0.0049722
2.775,0.0049277
2.78,0.0048836
2.785,0.0048399
2.79,0.0047968
2.795,0.0047541
2.8,0.0047118
2.805,0.0046701
2.81,0.0046287
2.815,0.0045878
2.82,0.0045473
2.825,0.0045073
2.83,0.0044676
2.835,0.0044284
2.84,0.0043896
2.845,0.0043512
2.85,0.0043133
2.855,0.0042757
2.86,0.0042385
2.865,0.0042017
2.87,0.0041652
2.875,0.0041292
2.88,0.0040935
2.885,0.0040582
2.89,0.0040232
2.895,0.0039887
2.9,0.0039544
2.905,0.0039206
2.91,0.003887
2.915,0.0038538
2.92,0.003821
2.925,0.0037885
2.93,0.0037563
2.935,0.0037245
2.94,0.0036929
2.945,0.0036617
2.95,0.0036308
2.955,0.0036002
2.96,0.00357
2.965,0.00354
2.97,0.0035103
2.975,0.003481
2.98,0.0034519
2.985,0.0034231
2.99,0.0033946
2.995,0.0033664
3,0.0033385
3.005,0.0033108
3.01,0.0032834
3.015,0.0032563
3.02,0.0032295
3.025,0.0032029
3.03,0.0031766
3.035,0.0031505
3.04,0.0031247
3.045,0.0030992
3.05,0.0030739
3.055,0.0030488
3.06,0.003024
3.065,0.0029995
3.07,0.0029751
3.075,0.0029511
3.08,0.0029272
3.085,0.0029036
3.09,0.0028802
3.095,0.002857
3.1,0.0028341
3.105,0.0028113
3.11,0.0027888
3.115,0.0027665
3.12,0.0027445
3.125,0.0027226
3.13,0.0027009
3.135,0.0026795
3.14,0.0026582
3.145,0.0026372
3.15,0.0026163
3.155,0.0025957
3.16,0.0025752
3.165,0.002555
3.17,0.0025349
3.175,0.002515
3.18,0.0024953
3.185,0.0024758
3.19,0.0024565
3.195,0.0024374
3.2,0.0024184
3.205,0.0023996
3.21,0.002381
3.215,0.0023625
3.22,0.0023443
3.225,0.0023262
3.23,0.0023082
3.235,0.0022905
3.24,0.0022728
3.245,0.0022554
3.25,0.0022381
3.255,0.002221
3.26,0.002204
3.265,0.0021872
3.27,0.0021706
3.275,0.002154
3.28,0.0021377
3.285,0.0021215
3.29,0.0021054
3.295,0.0020895
3.3,0.0020737
3.305,0.0020581
3.31,0.0020426
3.315,0.0020273
3.32,0.0020121
3.325,0.001997
3.33,0.0019821
3.335,0.0019672
3.34,0.0019526
3.345,0.001938
3.35,0.0019236
3.355,0.0019093
3.36,0.0018952
3.365,0.0018812
3.37,0.0018673
3.375,0.0018535
3.38,0.0018398
3.385,0.0018263
3.39,0.0018129
3.395,0.0017995
3.4,0.0017864
3.405,0.0017733
3.41,0.0017603
3.415,0.0017475
3.42,0.0017348
3.425,0.0017222
3.43,0.0017096
3.435,0.0016972
3.44,0.001685
3.445,0.0016728
3.45,0.0016607
3.455,0.0016487
3.46,0.0016368
3.465,0.0016251
3.47,0.0016134
3.475,0.0016018
3.48,0.0015904
3.485,0.001579
3.49,0.0015677
3.495,0.0015565
3.5,0.0015455
3.505,0.0015345
3.51,0.0015236
3.515,0.0015128
3.52,0.0015021
3.525,0.0014915
3.53,0.0014809
3.535,0.0014705
3.54,0.0014601
3.545,0.0014499
3.55,0.0014397
3.555,0.0014296
3.56,0.0014196
3.565,0.0014097
3.57,0.0013998
3.575,0.0013901
3.58,0.0013804
3.585,0.0013708
3.59,0.0013613
3.595,0.0013519
3.6,0.0013425
3.605,0.0013332
3.61,0.001324
3.615,0.0013149
3.62,0.0013059
3.625,0.0012969
3.63,0.001288
3.635,0.0012791
3.64,0.0012704
3.645,0.0012617
3.65,0.0012531
3.655,0.0012445
3.66,0.0012361
3.665,0.0012277
3.67,0.0012193
3.675,0.0012111
3.68,0.0012029
3.685,0.0011947
3.69,0.0011867
3.695,0.0011786
3.7,0.0011707
3.705,0.0011628
3.71,0.001155
3.715,0.0011473
3.72,0.0011396
3.725,0.001132
3.73,0.0011244
3.735,0.0011169
3.74,0.0011095
3.745,0.0011021
3.75,0.0010947
3.755,0.0010875
3.76,0.0010803
3.765,0.0010731
3.77,0.001066
3.775,0.001059
3.78,0.001052
3.785,0.0010451
3.79,0.0010382
3.795,0.0010314
3.8,0.0010246
3.805,0.0010179
3.81,0.0010113
3.815,0.0010046
3.82,0.00099809
3.825,0.00099159
3.83,0.00098513
3.835,0.00097873
3.84,0.00097238
3.845,0.00096607
3.85,0.00095982
3.855,0.00095361
3.86,0.00094745
3.865,0.00094134
3.87,0.00093528
3.875,0.00092926
3.88,0.00092329
3.885,0.00091737
3.89,0.00091149
3.895,0.00090566
3.9,0.00089987
3.905,0.00089413
3.91,0.00088842
3.915,0.00088277
3.92,0.00087715
3.925,0.00087158
3.93,0.00086605
3.935,0.00086057
3.94,0.00085512
3.945,0.00084972
3.95,0.00084436
3.955,0.00083904
3.96,0.00083375
3.965,0.00082851
3.97,0.00082331
3.975,0.00081815
3.98,0.00081302
3.985,0.00080794
3.99,0.00080289
3.995,0.00079788
4,0.0007929
4.005,0.00078797
4.01,0.00078307
4.015,0.00077821
4.02,0.00077338
4.025,0.00076859
4.03,0.00076384
4.035,0.00075912
4.04,0.00075443
4.045,0.00074978
4.05,0.00074517
4.055,0.00074059
4.06,0.00073604
4.065,0.00073152
4.07,0.00072704
4.075,0.00072259
4.08,0.00071818
4.085,0.0007138
4.09,0.00070944
4.095,0.00070513
4.1,0.00070084
4.105,0.00069658
4.11,0.00069236
4.115,0.00068816
4.12,0.000684
4.125,0.00067986
4.13,0.00067576
4.135,0.00067168
4.14,0.00066764
4.145,0.00066362
4.15,0.00065963
4.155,0.00065568
4.16,0.00065175
4.165,0.00064785
4.17,0.00064397
4.175,0.00064013
4.18,0.00063631
4.185,0.00063252
4.19,0.00062875
4.195,0.00062501
4.2,0.0006213
4.205,0.00061762
4.21,0.00061396
4.215,0.00061033
4.22,0.00060672
4.225,0.00060314
4.23,0.00059959
4.235,0.00059606
4.24,0.00059255
4.245,0.00058907
4.25,0.00058562
4.255,0.00058218
4.26,0.00057878
4.265,0.00057539
4.27,0.00057203
4.275,0.0005687
4.28,0.00056538
4.285,0.00056209
4.29,0.00055883
4.295,0.00055558
4.3,0.00055236
4.305,0.00054916
4.31,0.00054598
4.315,0.00054283
4.32,0.00053969
4.325,0.00053658
4.33,0.00053349
4.335,0.00053042
4.34,0.00052737
4.345,0.00052435
4.35,0.00052134
4.355,0.00051836
4.36,0.00051539
4.365,0.00051245
4.37,0.00050952
4.375,0.00050662
4.38,0.00050373
4.385,0.00050087
4.39,0.00049802
4.395,0.0004952
4.4,0.00049239
4.405,0.0004896
4.41,0.00048684
4.415,0.00048409
4.42,0.00048135
4.425,0.00047864
4.43,0.00047595
4.435,0.00047327
4.44,0.00047061
4.445,0.00046797
4.45,0.00046535
4.455,0.00046275
4.46,0.00046016
4.465,0.00045759
4.47,0.00045503
4.475,0.0004525
4.48,0.00044998
4.485,0.00044748
4.49,0.00044499
4.495,0.00044252
4.5,0.00044007
4.505,0.00043763
4.51,0.00043521
4.515,0.00043281
4.52,0.00043042
4.525,0.00042805
4.53,0.00042569
4.535,0.00042335
4.54,0.00042103
4.545,0.00041872
4.55,0.00041642
4.555,0.00041414
4.56,0.00041188
4.565,0.00040963
4.57,0.00040739
4.575,0.00040517
4.58,0.00040296
4.585,0.00040077
4.59,0.00039859
4.595,0.00039643
4.6,0.00039428
4.605,0.00039214
4.61,0.00039002
4.615,0.00038791
4.62,0.00038582
4.625,0.00038374
4.63,0.00038167
4.635,0.00037962
4.64,0.00037758
4.645,0.00037555
4.65,0.00037354
4.655,0.00037154
4.66,0.00036955
4.665,0.00036757
4.67,0.00036561
4.675,0.00036366
4.68,0.00036172
4.685,0.00035979
4.69,0.00035788
4.695,0.00035598
4.7,0.00035409
4.705,0.00035221
4.71,0.00035035
4.715,0.00034849
4.72,0.00034665
4.725,0.00034482
4.73,0.000343
4.735,0.0003412
4.74,0.0003394
4.745,0.00033762
4.75,0.00033584
4.755,0.00033408
4.76,0.00033233
4.765,0.00033059
4.77,0.00032886
4.775,0.00032715
4.78,0.00032544
4.785,0.00032374
4.79,0.00032206
4.795,0.00032038
4.8,0.00031872
4.805,0.00031706
4.81,0.00031542
4.815,0.00031378
4.82,0.00031216
4.825,0.00031054
4.83,0.00030894
4.835,0.00030735
4.84,0.00030576
4.845,0.00030419
4.85,0.00030262
4.855,0.00030107
4.86,0.00029952
4.865,0.00029799
4.87,0.00029646
4.875,0.00029494
4.88,0.00029344
4.885,0.00029194
4.89,0.00029045
4.895,0.00028897
4.9,0.0002875
4.905,0.00028604
4.91,0.00028458
4.915,0.00028314
4.92,0.0002817
4.925,0.00028028
4.93,0.00027886
4.935,0.00027745
4.94,0.00027605
4.945,0.00027465
4.95,0.00027327
4.955,0.00027189
4.96,0.00027053
4.965,0.00026917
4.97,0.00026782
4.975,0.00026647
4.98,0.00026514
4.985,0.00026381
4.99,0.00026249
4.995,0.00026118
5,0.00025988
5.005,0.00025858
5.01,0.0002573
5.015,0.00025602
5.02,0.00025474
5.025,0.00025348
5.03,0.00025222
5.035,0.00025097
5.04,0.00024973
5.045,0.0002485
5.05,0.00024727
5.055,0.00024605
5.06,0.00024483
5.065,0.00024363
5.07,0.00024243
5.075,0.00024124
5.08,0.00024005
5.085,0.00023888
5.09,0.0002377
5.095,0.00023654
5.1,0.00023538
5.105,0.00023423
5.11,0.00023309
5.115,0.00023195
5.12,0.00023082
5.125,0.0002297
5.13,0.00022858
5.135,0.00022747
5.14,0.00022637
5.145,0.00022527
5.15,0.00022418
5.155,0.00022309
5.16,0.00022201
5.165,0.00022094
5.17,0.00021988
5.175,0.00021882
5.18,0.00021776
5.185,0.00021671
5.19,0.00021567
5.195,0.00021464
5.2,0.00021361
5.205,0.00021258
5.21,0.00021156
5.215,0.00021055
5.22,0.00020955
5.225,0.00020855
5.23,0.00020755
5.235,0.00020656
5.24,0.00020558
5.245,0.0002046
5.25,0.00020363
5.255,0.00020266
5.26,0.0002017
5.265,0.00020074
5.27,0.00019979
5.275,0.00019885
5.28,0.00019791
5.285,0.00019697
5.29,0.00019605
5.295,0.00019512
5.3,0.0001942
5.305,0.00019329
5.31,0.00019238
5.315,0.00019148
5.32,0.00019058
5.325,0.00018969
5.33,0.0001888
5.335,0.00018792
5.34,0.00018704
5.345,0.00018617
5.35,0.0001853
5.355,0.00018443
5.36,0.00018358
5.365,0.00018272
5.37,0.00018187
5.375,0.00018103
5.38,0.00018019
5.385,0.00017935
5.39,0.00017852
5.395,0.0001777
5.4,0.00017688
5.405,0.00017606
5.41,0.00017525
5.415,0.00017444
5.42,0.00017364
5.425,0.00017284
5.43,0.00017204
5.435,0.00017126
5.44,0.00017047
5.445,0.00016969
5.45,0.00016891
5.455,0.00016814
5.46,0.00016737
5.465,0.00016661
5.47,0.00016585
5.475,0.00016509
5.48,0.00016434
5.485,0.00016359
5.49,0.00016285
5.495,0.00016211
5.5,0.00016137
5.505,0.00016064
5.51,0.00015991
5.515,0.00015919
5.52,0.00015847
5.525,0.00015775
5.53,0.00015704
5.535,0.00015634
5.54,0.00015563
5.545,0.00015493
5.55,0.00015423
5.555,0.00015354
5.56,0.00015285
5.565,0.00015217
5.57,0.00015149
5.575,0.00015081
5.58,0.00015013
5.585,0.00014946
5.59,0.00014879
5.595,0.00014813
5.6,0.00014747
5.605,0.00014681
5.61,0.00014616
5.615,0.00014551
5.62,0.00014487
5.625,0.00014422
5.63,0.00014358
5.635,0.00014295
5.64,0.00014232
5.645,0.00014169
5.65,0.00014106
5.655,0.00014044
5.66,0.00013982
5.665,0.0001392
5.67,0.00013859
5.675,0.00013798
5.68,0.00013737
5.685,0.00013677
5.69,0.00013617
5.695,0.00013558
5.7,0.00013498
5.705,0.00013439
5.71,0.0001338
5.715,0.00013322
5.72,0.00013264
5.725,0.00013206
5.73,0.00013149
5.735,0.00013091
5.74,0.00013034
5.745,0.00012978
5.75,0.00012921
5.755,0.00012865
5.76,0.0001281
5.765,0.00012754
5.77,0.00012699
5.775,0.00012644
5.78,0.0001259
5.785,0.00012535
5.79,0.00012481
5.795,0.00012428
5.8,0.00012374
5.805,0.00012321
5.81,0.00012268
5.815,0.00012215
5.82,0.00012163
5.825,0.00012111
5.83,0.00012059
5.835,0.00012007
5.84,0.00011956
5.845,0.00011905
5.85,0.00011854
5.855,0.00011804
5.86,0.00011753
5.865,0.00011703
5.87,0.00011654
5.875,0.00011604
5.88,0.00011555
5.885,0.00011506
5.89,0.00011457
5.895,0.00011409
5.9,0.0001136
5.905,0.00011312
5.91,0.00011265
5.915,0.00011217
5.92,0.0001117
5.925,0.00011123
5.93,0.00011076
5.935,0.00011029
5.94,0.00010983
5.945,0.00010937
5.95,0.00010891
5.955,0.00010845
5.96,0.000108
5.965,0.00010755
5.97,0.0001071
5.975,0.00010665
5.98,0.00010621
5.985,0.00010576
5.99,0.00010532
5.995,0.00010488
6,0.00010445
6.005,0.00010401
6.01,0.00010358
6.015,0.00010315
6.02,0.00010272
6.025,0.0001023
6.03,0.00010188
6.035,0.00010145
6.04,0.00010104
6.045,0.00010062
6.05,0.0001002
6.055,9.979e-005
6.06,9.9379e-005
6.065,9.897e-005
6.07,9.8563e-005
6.075,9.8158e-005
6.08,9.7756e-005
6.085,9.7355e-005
6.09,9.6956e-005
6.095,9.6559e-005
6.1,9.6164e-005
6.105,9.577e-005
6.11,9.5379e-005
6.115,9.499e-005
6.12,9.4603e-005
6.125,9.4217e-005
6.13,9.3833e-005
6.135,9.3452e-005
6.14,9.3072e-005
6.145,9.2694e-005
6.15,9.2318e-005
6.155,9.1943e-005
6.16,9.1571e-005
6.165,9.12e-005
6.17,9.0831e-005
6.175,9.0464e-005
6.18,9.0099e-005
6.185,8.9735e-005
6.19,8.9373e-005
6.195,8.9013e-005
6.2,8.8655e-005
6.205,8.8298e-005
6.21,8.7944e-005
6.215,8.759e-005
6.22,8.7239e-005
6.225,8.6889e-005
6.23,8.6541e-005
6.235,8.6195e-005
6.24,8.585e-005
6.245,8.5507e-005
6.25,8.5165e-005
6.255,8.4825e-005
6.26,8.4487e-005
6.265,8.4151e-005
6.27,8.3816e-005
6.275,8.3482e-005
6.28,8.3151e-005
