0,0
0.005,0
0.01,0
0.015,0
0.02,0
0.025,0
0.03,0
0.035,0
0.04,0
0.045,0
0.05,0
0.055,0
0.06,0
0.065,0
0.07,0
0.075,0
0.08,0
0.085,0
0.09,0
0.095,0
0.1,0
0.105,0
0.11,0
0.115,0
0.12,0
0.125,0
0.13,0
0.135,0
0.14,0
0.145,0
0.15,0
0.155,0
0.16,0
0.165,0
0.17,0
0.175,0
0.18,0
0.185,0
0.19,0
0.195,0
0.2,0
0.205,0
0.21,0
0.215,0
0.22,0
0.225,0
0.23,0
0.235,2.4809e-296
0.24,3.1417e-272
0.245,1.6264e-250
0.25,6.5302e-231
0.255,3.543e-213
0.26,4.2085e-197
0.265,1.6666e-182
0.27,3.1781e-169
0.275,4.027e-157
0.28,4.4992e-146
0.285,5.6856e-136
0.29,1.0124e-126
0.295,3.0852e-118
0.3,1.9114e-110
0.305,2.8053e-103
0.31,1.1176e-096
0.315,1.3645e-090
0.32,5.6895e-085
0.325,8.9275e-080
0.33,5.7501e-075
0.335,1.6436e-070
0.34,2.2365e-066
0.345,1.5433e-062
0.35,5.7175e-059
0.355,1.1973e-055
0.36,1.4848e-052
0.365,1.1375e-049
0.37,5.5941e-047
0.375,1.8284e-044
0.38,4.0996e-042
0.385,6.4904e-040
0.39,7.4488e-038
0.395,6.3475e-036
0.4,4.1055e-034
0.405,2.0563e-032
0.41,8.1243e-031
0.415,2.5749e-029
0.42,6.649e-028
0.425,1.4189e-026
0.43,2.5354e-025
0.435,3.8394e-024
0.44,4.9826e-023
0.445,5.5984e-022
0.45,5.498e-021
0.455,4.7608e-020
0.46,3.6645e-019
0.465,2.5262e-018
0.47,1.5705e-017
0.475,8.8624e-017
0.48,4.5666e-016
0.485,2.1606e-015
0.49,9.435e-015
0.495,3.8211e-014
0.5,1.4416e-013
0.505,5.0878e-013
0.51,1.6863e-012
0.515,5.2678e-012
0.52,1.5562e-011
0.525,4.3617e-011
0.53,1.1632e-010
0.535,2.9599e-010
0.54,7.2049e-010
0.545,1.6818e-009
0.55,3.7731e-009
0.555,8.1531e-009
0.56,1.7003e-008
0.565,3.4285e-008
0.57,6.6965e-008
0.575,1.269e-007
0.58,2.3367e-007
0.585,4.1873e-007
0.59,7.3122e-007
0.595,1.246e-006
0.6,2.0741e-006
0.605,3.3771e-006
0.61,5.3839e-006
0.615,8.413e-006
0.62,1.2898e-005
0.625,1.9418e-005
0.63,2.8732e-005
0.635,4.1819e-005
0.64,5.9918e-005
0.645,8.4575e-005
0.65,0.00011769
0.655,0.00016154
0.66,0.00021888
0.665,0.0002929
0.67,0.00038734
0.675,0.00050646
0.68,0.00065509
0.685,0.0008386
0.69,0.0010629
0.695,0.0013346
0.7,0.0016606
0.705,0.0020484
0.71,0.0025058
0.715,0.0030411
0.72,0.0036629
0.725,0.0043796
0.73,0.0052001
0.735,0.006133
0.74,0.007187
0.745,0.0083703
0.75,0.009691
0.755,0.011157
0.76,0.012774
0.765,0.014549
0.77,0.016489
0.775,0.018597
0.78,0.020877
0.785,0.023333
0.79,0.025966
0.795,0.028778
0.8,0.031769
0.805,0.034937
0.81,0.038281
0.815,0.041799
0.82,0.045485
0.825,0.049337
0.83,0.053348
0.835,0.057513
0.84,0.061825
0.845,0.066278
0.85,0.070863
0.855,0.075575
0.86,0.080405
0.865,0.085347
0.87,0.090394
0.875,0.095539
0.88,0.10078
0.885,0.1061
0.89,0.11152
0.895,0.11702
0.9,0.1226
0.905,0.12827
0.91,0.13403
0.915,0.13989
0.92,0.14586
0.925,0.15196
0.93,0.15819
0.935,0.16458
0.94,0.17116
0.945,0.17795
0.95,0.18499
0.955,0.19231
0.96,0.19996
0.965,0.20798
0.97,0.21642
0.975,0.22535
0.98,0.23482
0.985,0.2449
0.99,0.25566
0.995,0.26718
1,0.27953
1.005,0.2928
1.01,0.30705
1.015,0.32239
1.02,0.33887
1.025,0.35658
1.03,0.37558
1.035,0.39591
1.04,0.41762
1.045,0.4407
1.05,0.46515
1.055,0.49092
1.06,0.51791
1.065,0.54599
1.07,0.57497
1.075,0.60462
1.08,0.63464
1.085,0.66468
1.09,0.69433
1.095,0.72314
1.1,0.75062
1.105,0.77628
1.11,0.79959
1.115,0.82007
1.12,0.83724
1.125,0.85072
1.13,0.86018
1.135,0.86538
1.14,0.86629
1.145,0.86403
1.15,0.85902
1.155,0.85136
1.16,0.84117
1.165,0.82862
1.17,0.81391
1.175,0.79724
1.18,0.77885
1.185,0.759
1.19,0.73794
1.195,0.71593
1.2,0.6932
1.205,0.67
1.21,0.64655
1.215,0.62305
1.22,0.5997
1.225,0.57664
1.23,0.55403
1.235,0.53198
1.24,0.5106
1.245,0.48996
1.25,0.47012
1.255,0.45113
1.26,0.43302
1.265,0.41579
1.27,0.39945
1.275,0.384
1.28,0.36943
1.285,0.3557
1.29,0.34279
1.295,0.33067
1.3,0.31931
1.305,0.30868
1.31,0.29873
1.315,0.28942
1.32,0.28072
1.325,0.2726
1.33,0.26501
1.335,0.25792
1.34,0.25129
1.345,0.24509
1.35,0.2393
1.355,0.23387
1.36,0.22879
1.365,0.22402
1.37,0.21954
1.375,0.21532
1.38,0.21135
1.385,0.2076
1.39,0.20405
1.395,0.20069
1.4,0.1975
1.405,0.19446
1.41,0.19156
1.415,0.18878
1.42,0.18612
1.425,0.18357
1.43,0.18111
1.435,0.17873
1.44,0.17643
1.445,0.1742
1.45,0.17203
1.455,0.16992
1.46,0.16786
1.465,0.16585
1.47,0.16388
1.475,0.16195
1.48,0.16006
1.485,0.15819
1.49,0.15636
1.495,0.15456
1.5,0.15278
1.505,0.15103
1.51,0.1493
1.515,0.1476
1.52,0.14591
1.525,0.14425
1.53,0.1426
1.535,0.14097
1.54,0.13936
1.545,0.13777
1.55,0.13619
1.555,0.13463
1.56,0.13309
1.565,0.13157
1.57,0.13005
1.575,0.12856
1.58,0.12708
1.585,0.12562
1.59,0.12417
1.595,0.12273
1.6,0.12131
1.605,0.11991
1.61,0.11852
1.615,0.11715
1.62,0.11579
1.625,0.11445
1.63,0.11312
1.635,0.1118
1.64,0.1105
1.645,0.10921
1.65,0.10794
1.655,0.10668
1.66,0.10544
1.665,0.10421
1.67,0.10299
1.675,0.10179
1.68,0.1006
1.685,0.09943
1.69,0.098269
1.695,0.097121
1.7,0.095987
1.705,0.094866
1.71,0.093758
1.715,0.092663
1.72,0.091581
1.725,0.090511
1.73,0.089455
1.735,0.088411
1.74,0.087379
1.745,0.08636
1.75,0.085353
1.755,0.084358
1.76,0.083375
1.765,0.082404
1.77,0.081445
1.775,0.080497
1.78,0.079561
1.785,0.078636
1.79,0.077723
1.795,0.07682
1.8,0.075929
1.805,0.075049
1.81,0.074179
1.815,0.07332
1.82,0.072472
1.825,0.071634
1.83,0.070806
1.835,0.069989
1.84,0.069182
1.845,0.068384
1.85,0.067597
1.855,0.066819
1.86,0.066051
1.865,0.065293
1.87,0.064544
1.875,0.063804
1.88,0.063074
1.885,0.062352
1.89,0.06164
1.895,0.060936
1.9,0.060241
1.905,0.059555
1.91,0.058878
1.915,0.058208
1.92,0.057548
1.925,0.056895
1.93,0.056251
1.935,0.055614
1.94,0.054986
1.945,0.054365
1.95,0.053752
1.955,0.053147
1.96,0.052549
1.965,0.051959
1.97,0.051376
1.975,0.0508
1.98,0.050232
1.985,0.04967
1.99,0.049116
1.995,0.048568
2,0.048028
2.005,0.047494
2.01,0.046966
2.015,0.046446
2.02,0.045931
2.025,0.045423
2.03,0.044922
2.035,0.044426
2.04,0.043937
2.045,0.043454
2.05,0.042977
2.055,0.042505
2.06,0.04204
2.065,0.04158
2.07,0.041126
2.075,0.040678
2.08,0.040235
2.085,0.039797
2.09,0.039365
2.095,0.038938
2.1,0.038517
2.105,0.0381
2.11,0.037689
2.115,0.037283
2.12,0.036882
2.125,0.036485
2.13,0.036094
2.135,0.035707
2.14,0.035325
2.145,0.034948
2.15,0.034575
2.155,0.034207
2.16,0.033843
2.165,0.033484
2.17,0.033129
2.175,0.032779
2.18,0.032432
2.185,0.03209
2.19,0.031752
2.195,0.031418
2.2,0.031088
2.205,0.030762
2.21,0.03044
2.215,0.030122
2.22,0.029808
2.225,0.029497
2.23,0.02919
2.235,0.028887
2.24,0.028587
2.245,0.028291
2.25,0.027999
2.255,0.02771
2.26,0.027424
2.265,0.027142
2.27,0.026864
2.275,0.026588
2.28,0.026316
2.285,0.026047
2.29,0.025781
2.295,0.025518
2.3,0.025259
2.305,0.025002
2.31,0.024749
2.315,0.024498
2.32,0.02425
2.325,0.024006
2.33,0.023764
2.335,0.023525
2.34,0.023288
2.345,0.023055
2.35,0.022824
2.355,0.022596
2.36,0.022371
2.365,0.022148
2.37,0.021928
2.375,0.02171
2.38,0.021495
2.385,0.021282
2.39,0.021072
2.395,0.020864
2.4,0.020658
2.405,0.020455
2.41,0.020254
2.415,0.020056
2.42,0.01986
2.425,0.019666
2.43,0.019474
2.435,0.019284
2.44,0.019097
2.445,0.018911
2.45,0.018728
2.455,0.018547
2.46,0.018368
2.465,0.018191
2.47,0.018016
2.475,0.017843
2.48,0.017671
2.485,0.017502
2.49,0.017335
2.495,0.017169
2.5,0.017006
2.505,0.016844
2.51,0.016684
2.515,0.016525
2.52,0.016369
2.525,0.016214
2.53,0.016061
2.535,0.01591
2.54,0.01576
2.545,0.015612
2.55,0.015466
2.555,0.015321
2.56,0.015178
2.565,0.015036
2.57,0.014896
2.575,0.014757
2.58,0.01462
2.585,0.014485
2.59,0.014351
2.595,0.014218
2.6,0.014087
2.605,0.013957
2.61,0.013829
2.615,0.013702
2.62,0.013576
2.625,0.013452
2.63,0.013329
2.635,0.013207
2.64,0.013087
2.645,0.012968
2.65,0.01285
2.655,0.012734
2.66,0.012619
2.665,0.012505
2.67,0.012392
2.675,0.01228
2.68,0.01217
2.685,0.012061
2.69,0.011952
2.695,0.011846
2.7,0.01174
2.705,0.011635
2.71,0.011531
2.715,0.011429
2.72,0.011327
2.725,0.011227
2.73,0.011128
2.735,0.011029
2.74,0.010932
2.745,0.010836
2.75,0.010741
2.755,0.010646
2.76,0.010553
2.765,0.010461
2.77,0.010369
2.775,0.010279
2.78,0.010189
2.785,0.010101
2.79,0.010013
2.795,0.0099262
2.8,0.0098403
2.805,0.0097553
2.81,0.0096711
2.815,0.0095878
2.82,0.0095054
2.825,0.0094238
2.83,0.009343
2.835,0.009263
2.84,0.0091839
2.845,0.0091055
2.85,0.0090279
2.855,0.0089512
2.86,0.0088751
2.865,0.0087999
2.87,0.0087254
2.875,0.0086516
2.88,0.0085786
2.885,0.0085063
2.89,0.0084348
2.895,0.0083639
2.9,0.0082938
2.905,0.0082243
2.91,0.0081556
2.915,0.0080875
2.92,0.0080201
2.925,0.0079533
2.93,0.0078872
2.935,0.0078218
2.94,0.007757
2.945,0.0076928
2.95,0.0076293
2.955,0.0075664
2.96,0.0075041
2.965,0.0074424
2.97,0.0073813
2.975,0.0073208
2.98,0.0072609
2.985,0.0072016
2.99,0.0071428
2.995,0.0070846
3,0.007027
3.005,0.0069699
3.01,0.0069134
3.015,0.0068574
3.02,0.006802
3.025,0.0067471
3.03,0.0066927
3.035,0.0066389
3.04,0.0065855
3.045,0.0065327
3.05,0.0064803
3.055,0.0064285
3.06,0.0063772
3.065,0.0063263
3.07,0.0062759
3.075,0.006226
3.08,0.0061766
3.085,0.0061276
3.09,0.0060791
3.095,0.0060311
3.1,0.0059835
3.105,0.0059363
3.11,0.0058896
3.115,0.0058433
3.12,0.0057975
3.125,0.0057521
3.13,0.0057071
3.135,0.0056625
3.14,0.0056183
3.145,0.0055746
3.15,0.0055312
3.155,0.0054883
3.16,0.0054457
3.165,0.0054035
3.17,0.0053618
3.175,0.0053204
3.18,0.0052794
3.185,0.0052387
3.19,0.0051985
3.195,0.0051586
3.2,0.005119
3.205,0.0050799
3.21,0.005041
3.215,0.0050026
3.22,0.0049645
3.225,0.0049267
3.23,0.0048893
3.235,0.0048522
3.24,0.0048154
3.245,0.004779
3.25,0.0047429
3.255,0.0047071
3.26,0.0046717
3.265,0.0046365
3.27,0.0046017
3.275,0.0045672
3.28,0.004533
3.285,0.0044991
3.29,0.0044655
3.295,0.0044322
3.3,0.0043992
3.305,0.0043665
3.31,0.0043341
3.315,0.004302
3.32,0.0042701
3.325,0.0042385
3.33,0.0042072
3.335,0.0041762
3.34,0.0041455
3.345,0.004115
3.35,0.0040848
3.355,0.0040548
3.36,0.0040252
3.365,0.0039957
3.37,0.0039666
3.375,0.0039377
3.38,0.003909
3.385,0.0038806
3.39,0.0038524
3.395,0.0038245
3.4,0.0037968
3.405,0.0037693
3.41,0.0037421
3.415,0.0037152
3.42,0.0036884
3.425,0.0036619
3.43,0.0036356
3.435,0.0036095
3.44,0.0035837
3.445,0.0035581
3.45,0.0035327
3.455,0.0035075
3.46,0.0034825
3.465,0.0034577
3.47,0.0034332
3.475,0.0034088
3.48,0.0033847
3.485,0.0033608
3.49,0.003337
3.495,0.0033135
3.5,0.0032902
3.505,0.003267
3.51,0.0032441
3.515,0.0032213
3.52,0.0031988
3.525,0.0031764
3.53,0.0031542
3.535,0.0031322
3.54,0.0031104
3.545,0.0030887
3.55,0.0030673
3.555,0.003046
3.56,0.0030249
3.565,0.0030039
3.57,0.0029832
3.575,0.0029626
3.58,0.0029422
3.585,0.0029219
3.59,0.0029018
3.595,0.0028819
3.6,0.0028622
3.605,0.0028426
3.61,0.0028231
3.615,0.0028038
3.62,0.0027847
3.625,0.0027658
3.63,0.0027469
3.635,0.0027283
3.64,0.0027098
3.645,0.0026914
3.65,0.0026732
3.655,0.0026551
3.66,0.0026372
3.665,0.0026195
3.67,0.0026018
3.675,0.0025843
3.68,0.002567
3.685,0.0025498
3.69,0.0025327
3.695,0.0025158
3.7,0.002499
3.705,0.0024823
3.71,0.0024658
3.715,0.0024494
3.72,0.0024331
3.725,0.0024169
3.73,0.0024009
3.735,0.002385
3.74,0.0023693
3.745,0.0023536
3.75,0.0023381
3.755,0.0023227
3.76,0.0023075
3.765,0.0022923
3.77,0.0022773
3.775,0.0022623
3.78,0.0022475
3.785,0.0022329
3.79,0.0022183
3.795,0.0022038
3.8,0.0021895
3.805,0.0021753
3.81,0.0021611
3.815,0.0021471
3.82,0.0021332
3.825,0.0021194
3.83,0.0021057
3.835,0.0020921
3.84,0.0020787
3.845,0.0020653
3.85,0.002052
3.855,0.0020388
3.86,0.0020258
3.865,0.0020128
3.87,0.0019999
3.875,0.0019872
3.88,0.0019745
3.885,0.0019619
3.89,0.0019494
3.895,0.001937
3.9,0.0019247
3.905,0.0019125
3.91,0.0019004
3.915,0.0018884
3.92,0.0018765
3.925,0.0018646
3.93,0.0018529
3.935,0.0018412
3.94,0.0018297
3.945,0.0018182
3.95,0.0018068
3.955,0.0017955
3.96,0.0017842
3.965,0.0017731
3.97,0.001762
3.975,0.001751
3.98,0.0017401
3.985,0.0017293
3.99,0.0017186
3.995,0.0017079
4,0.0016974
4.005,0.0016869
4.01,0.0016764
4.015,0.0016661
4.02,0.0016558
4.025,0.0016456
4.03,0.0016355
4.035,0.0016255
4.04,0.0016155
4.045,0.0016056
4.05,0.0015958
4.055,0.001586
4.06,0.0015763
4.065,0.0015667
4.07,0.0015572
4.075,0.0015477
4.08,0.0015383
4.085,0.001529
4.09,0.0015197
4.095,0.0015105
4.1,0.0015014
4.105,0.0014923
4.11,0.0014833
4.115,0.0014744
4.12,0.0014655
4.125,0.0014567
4.13,0.0014479
4.135,0.0014393
4.14,0.0014306
4.145,0.0014221
4.15,0.0014136
4.155,0.0014051
4.16,0.0013968
4.165,0.0013884
4.17,0.0013802
4.175,0.001372
4.18,0.0013638
4.185,0.0013558
4.19,0.0013477
4.195,0.0013398
4.2,0.0013319
4.205,0.001324
4.21,0.0013162
4.215,0.0013085
4.22,0.0013008
4.225,0.0012931
4.23,0.0012855
4.235,0.001278
4.24,0.0012705
4.245,0.0012631
4.25,0.0012557
4.255,0.0012484
4.26,0.0012411
4.265,0.0012339
4.27,0.0012267
4.275,0.0012196
4.28,0.0012125
4.285,0.0012055
4.29,0.0011985
4.295,0.0011916
4.3,0.0011847
4.305,0.0011779
4.31,0.0011711
4.315,0.0011644
4.32,0.0011577
4.325,0.0011511
4.33,0.0011445
4.335,0.0011379
4.34,0.0011314
4.345,0.0011249
4.35,0.0011185
4.355,0.0011121
4.36,0.0011058
4.365,0.0010995
4.37,0.0010933
4.375,0.0010871
4.38,0.0010809
4.385,0.0010748
4.39,0.0010687
4.395,0.0010627
4.4,0.0010567
4.405,0.0010507
4.41,0.0010448
4.415,0.0010389
4.42,0.0010331
4.425,0.0010273
4.43,0.0010215
4.435,0.0010158
4.44,0.0010101
4.445,0.0010045
4.45,0.00099887
4.455,0.0009933
4.46,0.00098777
4.465,0.00098227
4.47,0.00097682
4.475,0.00097139
4.48,0.00096601
4.485,0.00096066
4.49,0.00095534
4.495,0.00095006
4.5,0.00094482
4.505,0.00093961
4.51,0.00093443
4.515,0.00092929
4.52,0.00092418
4.525,0.00091911
4.53,0.00091407
4.535,0.00090906
4.54,0.00090408
4.545,0.00089914
4.55,0.00089423
4.555,0.00088935
4.56,0.00088451
4.565,0.00087969
4.57,0.00087491
4.575,0.00087016
4.58,0.00086544
4.585,0.00086074
4.59,0.00085608
4.595,0.00085145
4.6,0.00084685
4.605,0.00084228
4.61,0.00083774
4.615,0.00083323
4.62,0.00082875
4.625,0.0008243
4.63,0.00081987
4.635,0.00081547
4.64,0.00081111
4.645,0.00080677
4.65,0.00080245
4.655,0.00079817
4.66,0.00079391
4.665,0.00078968
4.67,0.00078548
4.675,0.0007813
4.68,0.00077715
4.685,0.00077303
4.69,0.00076893
4.695,0.00076486
4.7,0.00076081
4.705,0.00075679
4.71,0.0007528
4.715,0.00074883
4.72,0.00074488
4.725,0.00074096
4.73,0.00073707
4.735,0.0007332
4.74,0.00072935
4.745,0.00072553
4.75,0.00072173
4.755,0.00071796
4.76,0.00071421
4.765,0.00071048
4.77,0.00070678
4.775,0.00070309
4.78,0.00069944
4.785,0.0006958
4.79,0.00069219
4.795,0.0006886
4.8,0.00068503
4.805,0.00068149
4.81,0.00067796
4.815,0.00067446
4.82,0.00067098
4.825,0.00066752
4.83,0.00066408
4.835,0.00066067
4.84,0.00065727
4.845,0.0006539
4.85,0.00065055
4.855,0.00064721
4.86,0.0006439
4.865,0.00064061
4.87,0.00063734
4.875,0.00063408
4.88,0.00063085
4.885,0.00062764
4.89,0.00062445
4.895,0.00062127
4.9,0.00061812
4.905,0.00061498
4.91,0.00061187
4.915,0.00060877
4.92,0.00060569
4.925,0.00060263
4.93,0.00059959
4.935,0.00059657
4.94,0.00059357
4.945,0.00059058
4.95,0.00058761
4.955,0.00058466
4.96,0.00058173
4.965,0.00057881
4.97,0.00057591
4.975,0.00057303
4.98,0.00057017
4.985,0.00056733
4.99,0.0005645
4.995,0.00056168
5,0.00055889
5.005,0.00055611
5.01,0.00055335
5.015,0.0005506
5.02,0.00054787
5.025,0.00054516
5.03,0.00054246
5.035,0.00053978
5.04,0.00053712
5.045,0.00053447
5.05,0.00053183
5.055,0.00052922
5.06,0.00052661
5.065,0.00052402
5.07,0.00052145
5.075,0.0005189
5.08,0.00051635
5.085,0.00051383
5.09,0.00051131
5.095,0.00050882
5.1,0.00050633
5.105,0.00050386
5.11,0.00050141
5.115,0.00049897
5.12,0.00049654
5.125,0.00049413
5.13,0.00049173
5.135,0.00048935
5.14,0.00048698
5.145,0.00048463
5.15,0.00048228
5.155,0.00047995
5.16,0.00047764
5.165,0.00047534
5.17,0.00047305
5.175,0.00047077
5.18,0.00046851
5.185,0.00046626
5.19,0.00046402
5.195,0.0004618
5.2,0.00045959
5.205,0.00045739
5.21,0.00045521
5.215,0.00045303
5.22,0.00045087
5.225,0.00044872
5.23,0.00044659
5.235,0.00044446
5.24,0.00044235
5.245,0.00044025
5.25,0.00043817
5.255,0.00043609
5.26,0.00043402
5.265,0.00043197
5.27,0.00042993
5.275,0.0004279
5.28,0.00042588
5.285,0.00042388
5.29,0.00042188
5.295,0.0004199
5.3,0.00041793
5.305,0.00041596
5.31,0.00041401
5.315,0.00041207
5.32,0.00041015
5.325,0.00040823
5.33,0.00040632
5.335,0.00040442
5.34,0.00040254
5.345,0.00040066
5.35,0.0003988
5.355,0.00039694
5.36,0.0003951
5.365,0.00039326
5.37,0.00039144
5.375,0.00038963
5.38,0.00038782
5.385,0.00038603
5.39,0.00038425
5.395,0.00038247
5.4,0.00038071
5.405,0.00037895
5.41,0.00037721
5.415,0.00037548
5.42,0.00037375
5.425,0.00037203
5.43,0.00037033
5.435,0.00036863
5.44,0.00036694
5.445,0.00036526
5.45,0.0003636
5.455,0.00036194
5.46,0.00036028
5.465,0.00035864
5.47,0.00035701
5.475,0.00035538
5.48,0.00035377
5.485,0.00035216
5.49,0.00035057
5.495,0.00034898
5.5,0.0003474
5.505,0.00034582
5.51,0.00034426
5.515,0.00034271
5.52,0.00034116
5.525,0.00033962
5.53,0.00033809
5.535,0.00033657
5.54,0.00033506
5.545,0.00033355
5.55,0.00033205
5.555,0.00033056
5.56,0.00032908
5.565,0.00032761
5.57,0.00032615
5.575,0.00032469
5.58,0.00032324
5.585,0.0003218
5.59,0.00032036
5.595,0.00031894
5.6,0.00031752
5.605,0.00031611
5.61,0.0003147
5.615,0.00031331
5.62,0.00031192
5.625,0.00031054
5.63,0.00030916
5.635,0.00030779
5.64,0.00030643
5.645,0.00030508
5.65,0.00030374
5.655,0.0003024
5.66,0.00030107
5.665,0.00029974
5.67,0.00029843
5.675,0.00029712
5.68,0.00029581
5.685,0.00029452
5.69,0.00029323
5.695,0.00029194
5.7,0.00029067
5.705,0.0002894
5.71,0.00028814
5.715,0.00028688
5.72,0.00028563
5.725,0.00028439
5.73,0.00028315
5.735,0.00028192
5.74,0.0002807
5.745,0.00027948
5.75,0.00027827
5.755,0.00027706
5.76,0.00027586
5.765,0.00027467
5.77,0.00027348
5.775,0.0002723
5.78,0.00027113
5.785,0.00026996
5.79,0.0002688
5.795,0.00026764
5.8,0.00026649
5.805,0.00026535
5.81,0.00026421
5.815,0.00026308
5.82,0.00026195
5.825,0.00026083
5.83,0.00025972
5.835,0.00025861
5.84,0.00025751
5.845,0.00025641
5.85,0.00025532
5.855,0.00025423
5.86,0.00025315
5.865,0.00025207
5.87,0.000251
5.875,0.00024994
5.88,0.00024888
5.885,0.00024782
5.89,0.00024677
5.895,0.00024573
5.9,0.00024469
5.905,0.00024366
5.91,0.00024263
5.915,0.00024161
5.92,0.00024059
5.925,0.00023958
5.93,0.00023857
5.935,0.00023757
5.94,0.00023658
5.945,0.00023558
5.95,0.0002346
5.955,0.00023361
5.96,0.00023264
5.965,0.00023167
5.97,0.0002307
5.975,0.00022974
5.98,0.00022878
5.985,0.00022783
5.99,0.00022688
5.995,0.00022593
6,0.000225
6.005,0.00022406
6.01,0.00022313
6.015,0.00022221
6.02,0.00022129
6.025,0.00022037
6.03,0.00021946
6.035,0.00021855
6.04,0.00021765
6.045,0.00021676
6.05,0.00021586
6.055,0.00021497
6.06,0.00021409
6.065,0.00021321
6.07,0.00021233
6.075,0.00021146
6.08,0.0002106
6.085,0.00020973
6.09,0.00020887
6.095,0.00020802
6.1,0.00020717
6.105,0.00020632
6.11,0.00020548
6.115,0.00020464
6.12,0.00020381
6.125,0.00020298
6.13,0.00020216
6.135,0.00020133
6.14,0.00020052
6.145,0.0001997
6.15,0.00019889
6.155,0.00019809
6.16,0.00019729
6.165,0.00019649
6.17,0.00019569
6.175,0.0001949
6.18,0.00019412
6.185,0.00019334
6.19,0.00019256
6.195,0.00019178
6.2,0.00019101
6.205,0.00019024
6.21,0.00018948
6.215,0.00018872
6.22,0.00018796
6.225,0.00018721
6.23,0.00018646
6.235,0.00018572
6.24,0.00018497
6.245,0.00018424
6.25,0.0001835
6.255,0.00018277
6.26,0.00018204
6.265,0.00018132
6.27,0.0001806
6.275,0.00017988
6.28,0.00017916
