0,NaN
2.5484e-006,0
1.0194e-005,0
2.2936e-005,0
4.0775e-005,0
6.371e-005,0
9.1743e-005,0
0.00012487,0
0.0001631,0
0.00020642,0
0.00025484,0
0.00030836,0
0.00036697,0
0.00043068,0
0.00049949,0
0.00057339,0
0.0006524,0
0.00073649,0
0.00082569,0
0.00091998,0
0.0010194,0
0.0011239,1.4923e-282
0.0012334,1.0394e-233
0.0013481,7.9456e-195
0.0014679,1.4489e-163
0.0015928,3.3204e-138
0.0017227,1.8422e-117
0.0018578,2.3092e-100
0.001998,3.5975e-086
0.0021432,2.5929e-074
0.0022936,2.4048e-064
0.002449,6.4067e-056
0.0026096,9.2562e-049
0.0027752,1.2038e-042
0.002946,2.1172e-037
0.0031218,6.997e-033
0.0033028,5.679e-029
0.0034888,1.4092e-025
0.0036799,1.2801e-022
0.0038761,4.9422e-020
0.0040775,9.179e-018
0.0042839,9.096e-016
0.0044954,5.246e-014
0.004712,1.8947e-012
0.0049337,4.559e-011
0.0051606,7.7036e-010
0.0053925,9.5606e-009
0.0056295,9.0558e-008
0.0058716,6.7659e-007
0.0061188,4.1021e-006
0.006371,2.0683e-005
0.0066284,8.8588e-005
0.0068909,0.00032833
0.0071585,0.00107
0.0074312,0.0031099
0.007709,0.0081601
0.0079918,0.01954
0.0082798,0.043112
0.0085729,0.088373
0.008871,0.16956
0.0091743,0.30652
0.0094827,0.52511
0.0097961,0.85695
0.010115,1.3383
0.010438,2.0085
0.010767,2.9073
0.011101,4.0723
0.01144,5.5362
0.011784,7.324
0.012133,9.4515
0.012487,11.924
0.012847,14.734
0.013211,17.865
0.013581,21.291
0.013955,24.975
0.014335,28.878
0.01472,32.956
0.01511,37.17
0.015505,41.482
0.015905,45.869
0.01631,50.318
0.01672,54.84
0.017136,59.469
0.017556,64.269
0.017982,69.339
0.018412,74.812
0.018848,80.863
0.019289,87.702
0.019735,95.578
0.020186,104.76
0.020642,115.53
0.021103,128.16
0.02157,142.82
0.022041,159.56
0.022518,178.19
0.022999,198.18
0.023486,218.58
0.023978,238.02
0.024475,254.8
0.024977,267.15
0.025484,273.54
0.025996,273.11
0.026514,267.43
0.027036,257.76
0.027564,244.78
0.028096,229.36
0.028634,212.42
0.029177,194.87
0.029725,177.45
0.030278,160.77
0.030836,145.25
0.031399,131.12
0.031967,118.49
0.032541,107.37
0.033119,97.675
0.033703,89.288
0.034292,82.07
0.034885,75.874
0.035484,70.558
0.036088,65.99
0.036697,62.05
0.037311,58.634
0.037931,55.65
0.038555,53.023
0.039185,50.685
0.039819,48.584
0.040459,46.675
0.041103,44.922
0.041753,43.296
0.042408,41.774
0.043068,40.339
0.043733,38.975
0.044404,37.674
0.045079,36.427
0.045759,35.227
0.046445,34.071
0.047136,32.954
0.047831,31.876
0.048532,30.832
0.049238,29.823
0.049949,28.846
0.050665,27.901
0.051386,26.987
0.052113,26.102
0.052844,25.247
0.053581,24.419
0.054322,23.619
0.055069,22.845
0.055821,22.097
0.056577,21.375
0.057339,20.676
0.058107,20.002
0.058879,19.35
0.059656,18.72
0.060438,18.112
0.061226,17.525
0.062018,16.957
0.062816,16.41
0.063619,15.881
0.064427,15.37
0.06524,14.877
0.066058,14.401
0.066881,13.941
0.067709,13.497
0.068542,13.068
0.069381,12.654
0.070224,12.255
0.071073,11.869
0.071927,11.496
0.072785,11.136
0.073649,10.788
0.074518,10.453
0.075392,10.129
0.076272,9.8156
0.077156,9.5131
0.078045,9.221
0.07894,8.9388
0.079839,8.6661
0.080744,8.4027
0.081654,8.1481
0.082569,7.9021
0.083489,7.6644
0.084414,7.4346
0.085344,7.2126
0.086279,6.9979
0.08722,6.7904
0.088165,6.5897
0.089116,6.3957
0.090071,6.2081
0.091032,6.0267
0.091998,5.8512
0.092969,5.6815
0.093945,5.5173
0.094926,5.3584
0.095912,5.2047
0.096904,5.056
0.0979,4.9121
0.098902,4.7728
0.099908,4.6379
0.10092,4.5074
0.10194,4.381
0.10296,4.2586
0.10399,4.1401
0.10502,4.0253
0.10606,3.9142
0.1071,3.8065
0.10814,3.7022
0.1092,3.6011
0.11025,3.5032
0.11132,3.4083
0.11239,3.3163
0.11346,3.2271
0.11454,3.1407
0.11562,3.0569
0.11671,2.9756
0.1178,2.8968
0.1189,2.8204
0.12,2.7463
0.12111,2.6744
0.12222,2.6047
0.12334,2.537
0.12447,2.4714
0.1256,2.4077
0.12673,2.3458
0.12787,2.2858
0.12901,2.2275
0.13016,2.171
0.13132,2.1161
0.13248,2.0627
0.13364,2.0109
0.13481,1.9606
0.13599,1.9118
0.13717,1.8643
0.13835,1.8182
0.13954,1.7734
0.14074,1.7298
0.14194,1.6875
0.14314,1.6464
0.14435,1.6064
0.14557,1.5676
0.14679,1.5298
0.14801,1.4931
0.14925,1.4573
0.15048,1.4226
0.15172,1.3888
0.15297,1.3559
0.15422,1.324
0.15548,1.2929
0.15674,1.2626
0.158,1.2332
0.15928,1.2045
0.16055,1.1766
0.16183,1.1495
0.16312,1.123
0.16441,1.0973
0.16571,1.0723
0.16701,1.0479
0.16832,1.0241
0.16963,1.001
0.17095,0.97846
0.17227,0.95651
0.1736,0.93514
0.17493,0.91431
0.17627,0.89402
0.17761,0.87425
0.17896,0.85498
0.18032,0.8362
0.18167,0.8179
0.18304,0.80006
0.18441,0.78267
0.18578,0.76572
0.18716,0.74919
0.18854,0.73307
0.18993,0.71735
0.19133,0.70202
0.19272,0.68707
0.19413,0.67249
0.19554,0.65826
0.19695,0.64438
0.19837,0.63084
0.1998,0.61763
0.20123,0.60474
0.20266,0.59216
0.2041,0.57988
0.20555,0.5679
0.207,0.5562
0.20845,0.54478
0.20991,0.53364
0.21138,0.52275
0.21285,0.51213
0.21432,0.50175
0.2158,0.49161
0.21729,0.48172
0.21878,0.47205
0.22028,0.46261
0.22178,0.45338
0.22328,0.44437
0.22479,0.43557
0.22631,0.42697
0.22783,0.41856
0.22936,0.41035
0.23089,0.40232
0.23243,0.39447
0.23397,0.38681
0.23551,0.37931
0.23707,0.37198
0.23862,0.36482
0.24019,0.35782
0.24175,0.35097
0.24333,0.34427
0.2449,0.33772
0.24649,0.33132
0.24807,0.32506
0.24967,0.31893
0.25126,0.31294
