0,NaN
2.5484e-006,0
1.0194e-005,0
2.2936e-005,0
4.0775e-005,0
6.371e-005,0
9.1743e-005,0
0.00012487,0
0.0001631,0
0.00020642,0
0.00025484,0
0.00030836,0
0.00036697,0
0.00043068,0
0.00049949,0
0.00057339,0
0.0006524,9.0485e-246
0.00073649,1.2856e-191
0.00082569,2.5567e-151
0.00091998,7.7453e-121
0.0010194,1.9153e-097
0.0011239,2.959e-079
0.0012334,6.0361e-065
0.0013481,1.4417e-053
0.0014679,1.9676e-044
0.0015928,4.9333e-037
0.0017227,5.4303e-031
0.0018578,5.066e-026
0.001998,6.6174e-022
0.0021432,1.7822e-018
0.0022936,1.3373e-015
0.002449,3.5414e-013
0.0026096,3.9901e-011
0.0027752,2.2203e-009
0.002946,6.8773e-008
0.0031218,1.3063e-006
0.0033028,1.6461e-005
0.0034888,0.00014675
0.0036799,0.000976
0.0038761,0.0050589
0.0040775,0.021194
0.0042839,0.073981
0.0044954,0.22072
0.004712,0.57502
0.0049337,1.3321
0.0051606,2.7868
0.0053925,5.3344
0.0056295,9.448
0.0058716,15.634
0.0061188,24.369
0.006371,36.041
0.0066284,50.887
0.0068909,68.965
0.0071585,90.138
0.0074312,114.09
0.007709,140.37
0.0079918,168.45
0.0082798,197.8
0.0085729,227.99
0.008871,258.8
0.0091743,290.32
0.0094827,323.1
0.0097961,358.21
0.010115,397.36
0.010438,442.94
0.010767,497.94
0.011101,565.83
0.01144,650.11
0.011784,753.4
0.012133,875.84
0.012487,1013
0.012847,1153.7
0.013211,1279.6
0.013581,1368.5
0.013955,1400.9
0.014335,1374.1
0.01472,1308
0.01511,1212
0.015505,1097.5
0.015905,975.85
0.01631,856.82
0.01672,747.09
0.017136,650.3
0.017556,567.68
0.017982,498.76
0.018412,442.14
0.018848,396.02
0.019289,358.55
0.019735,328.03
0.020186,303
0.020642,282.21
0.021103,264.68
0.02157,249.62
0.022041,236.43
0.022518,224.64
0.022999,213.92
0.023486,204.02
0.023978,194.77
0.024475,186.06
0.024977,177.8
0.025484,169.94
0.025996,162.43
0.026514,155.26
0.027036,148.4
0.027564,141.84
0.028096,135.57
0.028634,129.57
0.029177,123.84
0.029725,118.36
0.030278,113.14
0.030836,108.14
0.031399,103.38
0.031967,98.833
0.032541,94.495
0.033119,90.357
0.033703,86.41
0.034292,82.646
0.034885,79.056
0.035484,75.633
0.036088,72.368
0.036697,69.256
0.037311,66.288
0.037931,63.458
0.038555,60.759
0.039185,58.185
0.039819,55.731
0.040459,53.389
0.041103,51.156
0.041753,49.025
0.042408,46.993
0.043068,45.053
0.043733,43.202
0.044404,41.435
0.045079,39.749
0.045759,38.138
0.046445,36.601
0.047136,35.132
0.047831,33.73
0.048532,32.39
0.049238,31.109
0.049949,29.886
0.050665,28.716
0.051386,27.598
0.052113,26.528
0.052844,25.506
0.053581,24.528
0.054322,23.592
0.055069,22.696
0.055821,21.839
0.056577,21.019
0.057339,20.233
0.058107,19.481
0.058879,18.76
0.059656,18.069
0.060438,17.408
0.061226,16.774
0.062018,16.166
0.062816,15.583
0.063619,15.024
0.064427,14.488
0.06524,13.974
0.066058,13.48
0.066881,13.007
0.067709,12.552
0.068542,12.116
0.069381,11.696
0.070224,11.294
0.071073,10.907
0.071927,10.535
0.072785,10.178
0.073649,9.835
0.074518,9.5049
0.075392,9.1876
0.076272,8.8823
0.077156,8.5887
0.078045,8.3062
0.07894,8.0344
0.079839,7.7728
0.080744,7.5209
0.081654,7.2784
0.082569,7.0449
0.083489,6.82
0.084414,6.6033
0.085344,6.3946
0.086279,6.1934
0.08722,5.9995
0.088165,5.8126
0.089116,5.6324
0.090071,5.4586
0.091032,5.2909
0.091998,5.1292
0.092969,4.9732
0.093945,4.8227
0.094926,4.6773
0.095912,4.5371
0.096904,4.4017
0.0979,4.2709
0.098902,4.1446
0.099908,4.0226
0.10092,3.9048
0.10194,3.7909
0.10296,3.6809
0.10399,3.5745
0.10502,3.4717
0.10606,3.3723
0.1071,3.2762
0.10814,3.1833
0.1092,3.0934
0.11025,3.0064
0.11132,2.9222
0.11239,2.8408
0.11346,2.762
0.11454,2.6857
0.11562,2.6119
0.11671,2.5403
0.1178,2.4711
0.1189,2.404
0.12,2.3391
0.12111,2.2761
0.12222,2.2152
0.12334,2.1561
0.12447,2.0988
0.1256,2.0433
0.12673,1.9895
0.12787,1.9373
0.12901,1.8867
0.13016,1.8377
0.13132,1.7901
0.13248,1.7439
0.13364,1.6992
0.13481,1.6557
0.13599,1.6135
0.13717,1.5726
0.13835,1.5329
0.13954,1.4943
0.14074,1.4569
0.14194,1.4205
0.14314,1.3852
0.14435,1.351
0.14557,1.3177
0.14679,1.2853
0.14801,1.2539
0.14925,1.2233
0.15048,1.1937
0.15172,1.1648
0.15297,1.1368
0.15422,1.1095
0.15548,1.083
0.15674,1.0572
0.158,1.0322
0.15928,1.0078
0.16055,0.98412
0.16183,0.96107
0.16312,0.93864
0.16441,0.91682
0.16571,0.89558
0.16701,0.87492
0.16832,0.85481
0.16963,0.83523
0.17095,0.81618
0.17227,0.79763
0.1736,0.77956
0.17493,0.76198
0.17627,0.74485
0.17761,0.72817
0.17896,0.71192
0.18032,0.69609
0.18167,0.68067
0.18304,0.66565
0.18441,0.65101
0.18578,0.63674
0.18716,0.62284
0.18854,0.60929
0.18993,0.59608
0.19133,0.5832
0.19272,0.57065
0.19413,0.55841
0.19554,0.54648
0.19695,0.53484
0.19837,0.52348
0.1998,0.51241
0.20123,0.50161
0.20266,0.49108
0.2041,0.4808
0.20555,0.47077
0.207,0.46098
0.20845,0.45143
0.20991,0.44211
0.21138,0.43301
0.21285,0.42413
0.21432,0.41546
0.2158,0.407
0.21729,0.39874
0.21878,0.39067
0.22028,0.38279
0.22178,0.3751
0.22328,0.36758
0.22479,0.36024
0.22631,0.35307
0.22783,0.34607
0.22936,0.33923
0.23089,0.33254
0.23243,0.32601
0.23397,0.31962
0.23551,0.31339
0.23707,0.30729
0.23862,0.30133
0.24019,0.29551
0.24175,0.28981
0.24333,0.28424
0.2449,0.2788
0.24649,0.27348
0.24807,0.26828
0.24967,0.26319
0.25126,0.25821
