0,NaN
2.5484e-006,0
1.0194e-005,0
2.2936e-005,0
4.0775e-005,0
6.371e-005,0
9.1743e-005,0
0.00012487,0
0.0001631,0
0.00020642,0
0.00025484,0
0.00030836,0
0.00036697,0
0.00043068,0
0.00049949,0
0.00057339,0
0.0006524,0
0.00073649,0
0.00082569,0
0.00091998,0
0.0010194,0
0.0011239,0
0.0012334,0
0.0013481,0
0.0014679,0
0.0015928,0
0.0017227,6.3818e-304
0.0018578,1.094e-260
0.001998,8.8305e-225
0.0021432,9.2196e-195
0.0022936,1.6405e-169
0.002449,3.7661e-148
0.0026096,5.5359e-130
0.0027752,1.8693e-114
0.002946,4.0456e-101
0.0031218,1.2863e-089
0.0033028,1.18e-079
0.0034888,5.4259e-071
0.0036799,1.9703e-063
0.0038761,8.2297e-057
0.0040775,5.4057e-051
0.0042839,7.2509e-046
0.0044954,2.473e-041
0.004712,2.5797e-037
0.0049337,9.6242e-034
0.0051606,1.4665e-030
0.0053925,1.0222e-027
0.0056295,3.5906e-025
0.0058716,6.9083e-023
0.0061188,7.8209e-021
0.006371,5.5428e-019
0.0066284,2.5947e-017
0.0068909,8.4066e-016
0.0071585,1.9632e-014
0.0074312,3.4241e-013
0.007709,4.6016e-012
0.0079918,4.8966e-011
0.0082798,4.2264e-010
0.0085729,3.0223e-009
0.008871,1.8246e-008
0.0091743,9.4551e-008
0.0094827,4.2682e-007
0.0097961,1.7007e-006
0.010115,6.0515e-006
0.010438,1.9432e-005
0.010767,5.6838e-005
0.011101,0.00015271
0.01144,0.00037974
0.011784,0.00087984
0.012133,0.0019111
0.012487,0.0039128
0.012847,0.0075891
0.013211,0.014006
0.013581,0.024698
0.013955,0.041764
0.014335,0.067951
0.01472,0.1067
0.01511,0.16214
0.015505,0.23906
0.015905,0.34276
0.01631,0.47891
0.01672,0.65333
0.017136,0.87177
0.017556,1.1396
0.017982,1.4616
0.018412,1.8418
0.018848,2.283
0.019289,2.7871
0.019735,3.3544
0.020186,3.9841
0.020642,4.6741
0.021103,5.4211
0.02157,6.2207
0.022041,7.0677
0.022518,7.9562
0.022999,8.8801
0.023486,9.8332
0.023978,10.81
0.024475,11.804
0.024977,12.813
0.025484,13.833
0.025996,14.866
0.026514,15.912
0.027036,16.977
0.027564,18.07
0.028096,19.203
0.028634,20.393
0.029177,21.661
0.029725,23.032
0.030278,24.535
0.030836,26.206
0.031399,28.081
0.031967,30.202
0.032541,32.609
0.033119,35.342
0.033703,38.433
0.034292,41.905
0.034885,45.759
0.035484,49.969
0.036088,54.472
0.036697,59.159
0.037311,63.869
0.037931,68.394
0.038555,72.487
0.039185,75.886
0.039819,78.342
0.040459,79.655
0.041103,79.703
0.041753,78.691
0.042408,76.908
0.043068,74.435
0.043733,71.381
0.044404,67.874
0.045079,64.05
0.045759,60.043
0.046445,55.976
0.047136,51.954
0.047831,48.063
0.048532,44.367
0.049238,40.912
0.049949,37.723
0.050665,34.81
0.051386,32.174
0.052113,29.805
0.052844,27.688
0.053581,25.804
0.054322,24.132
0.055069,22.651
0.055821,21.34
0.056577,20.178
0.057339,19.147
0.058107,18.231
0.058879,17.413
0.059656,16.68
0.060438,16.02
0.061226,15.422
0.062018,14.877
0.062816,14.378
0.063619,13.916
0.064427,13.486
0.06524,13.084
0.066058,12.706
0.066881,12.347
0.067709,12.005
0.068542,11.678
0.069381,11.364
0.070224,11.062
0.071073,10.769
0.071927,10.486
0.072785,10.211
0.073649,9.9443
0.074518,9.6848
0.075392,9.4322
0.076272,9.1863
0.077156,8.9469
0.078045,8.7136
0.07894,8.4864
0.079839,8.265
0.080744,8.0493
0.081654,7.8392
0.082569,7.6345
0.083489,7.4352
0.084414,7.2411
0.085344,7.0521
0.086279,6.868
0.08722,6.6889
0.088165,6.5145
0.089116,6.3447
0.090071,6.1795
0.091032,6.0187
0.091998,5.8623
0.092969,5.7101
0.093945,5.562
0.094926,5.4179
0.095912,5.2778
0.096904,5.1414
0.0979,5.0088
0.098902,4.8798
0.099908,4.7543
0.10092,4.6323
0.10194,4.5136
0.10296,4.3982
0.10399,4.2859
0.10502,4.1767
0.10606,4.0705
0.1071,3.9672
0.10814,3.8668
0.1092,3.7691
0.11025,3.6741
0.11132,3.5817
0.11239,3.4918
0.11346,3.4044
0.11454,3.3193
0.11562,3.2366
0.11671,3.1562
0.1178,3.0779
0.1189,3.0018
0.12,2.9278
0.12111,2.8557
0.12222,2.7857
0.12334,2.7175
0.12447,2.6511
0.1256,2.5866
0.12673,2.5238
0.12787,2.4627
0.12901,2.4032
0.13016,2.3453
0.13132,2.289
0.13248,2.2342
0.13364,2.1809
0.13481,2.1289
0.13599,2.0784
0.13717,2.0292
0.13835,1.9813
0.13954,1.9346
0.14074,1.8892
0.14194,1.845
0.14314,1.802
0.14435,1.76
0.14557,1.7192
0.14679,1.6794
0.14801,1.6407
0.14925,1.603
0.15048,1.5663
0.15172,1.5305
0.15297,1.4956
0.15422,1.4616
0.15548,1.4285
0.15674,1.3962
0.158,1.3648
0.15928,1.3342
0.16055,1.3043
0.16183,1.2752
0.16312,1.2468
0.16441,1.2192
0.16571,1.1922
0.16701,1.166
0.16832,1.1403
0.16963,1.1154
0.17095,1.091
0.17227,1.0672
0.1736,1.0441
0.17493,1.0215
0.17627,0.99944
0.17761,0.97794
0.17896,0.95697
0.18032,0.93651
0.18167,0.91655
0.18304,0.89707
0.18441,0.87806
0.18578,0.85952
0.18716,0.84142
0.18854,0.82375
0.18993,0.80651
0.19133,0.78968
0.19272,0.77326
0.19413,0.75722
0.19554,0.74156
0.19695,0.72627
0.19837,0.71135
0.1998,0.69677
0.20123,0.68254
0.20266,0.66863
0.2041,0.65506
0.20555,0.64179
0.207,0.62884
0.20845,0.61619
0.20991,0.60382
0.21138,0.59174
0.21285,0.57994
0.21432,0.56841
0.2158,0.55714
0.21729,0.54613
0.21878,0.53536
0.22028,0.52484
0.22178,0.51456
0.22328,0.50451
0.22479,0.49468
0.22631,0.48508
0.22783,0.47569
0.22936,0.4665
0.23089,0.45752
0.23243,0.44874
0.23397,0.44016
0.23551,0.43176
0.23707,0.42355
0.23862,0.41551
0.24019,0.40765
0.24175,0.39996
0.24333,0.39244
0.2449,0.38509
0.24649,0.37789
0.24807,0.37084
0.24967,0.36395
0.25126,0.3572
