0,NaN
2.5484e-006,0
1.0194e-005,0
2.2936e-005,0
4.0775e-005,0
6.371e-005,0
9.1743e-005,0
0.00012487,0
0.0001631,0
0.00020642,0
0.00025484,0
0.00030836,0
0.00036697,0
0.00043068,0
0.00049949,0
0.00057339,0
0.0006524,0
0.00073649,0
0.00082569,0
0.00091998,0
0.0010194,0
0.0011239,0
0.0012334,0
0.0013481,0
0.0014679,0
0.0015928,0
0.0017227,0
0.0018578,0
0.001998,0
0.0021432,0
0.0022936,0
0.002449,0
0.0026096,0
0.0027752,1.675e-295
0.002946,8.8124e-262
0.0031218,1.1067e-232
0.0033028,1.8181e-207
0.0034888,1.5721e-185
0.0036799,2.2503e-166
0.0038761,1.376e-149
0.0040775,7.9068e-135
0.0042839,8.2486e-122
0.0044954,2.7153e-110
0.004712,4.4939e-100
0.0049337,5.5466e-091
0.0051606,7.1364e-083
0.0053925,1.2736e-075
0.0056295,4.0257e-069
0.0058716,2.78e-063
0.0061188,5.0254e-058
0.006371,2.7802e-053
0.0066284,5.3896e-049
0.0068909,4.1186e-045
0.0071585,1.3746e-041
0.0074312,2.1919e-038
0.007709,1.8062e-035
0.0079918,8.241e-033
0.0082798,2.2122e-030
0.0085729,3.6863e-028
0.008871,3.9981e-026
0.0091743,2.9433e-024
0.0094827,1.5267e-022
0.0097961,5.7675e-021
0.010115,1.6345e-019
0.010438,3.5682e-018
0.010767,6.1435e-017
0.011101,8.5209e-016
0.01144,9.7031e-015
0.011784,9.2283e-014
0.012133,7.444e-013
0.012487,5.1641e-012
0.012847,3.1198e-011
0.013211,1.6601e-010
0.013581,7.8616e-010
0.013955,3.344e-009
0.014335,1.2885e-008
0.01472,4.5327e-008
0.01511,1.4658e-007
0.015505,4.3858e-007
0.015905,1.2212e-006
0.01631,3.1817e-006
0.01672,7.7937e-006
0.017136,1.803e-005
0.017556,3.9553e-005
0.017982,8.2596e-005
0.018412,0.00016475
0.018848,0.00031489
0.019289,0.00057839
0.019735,0.0010238
0.020186,0.0017506
0.020642,0.0028983
0.021103,0.0046561
0.02157,0.0072724
0.022041,0.011063
0.022518,0.01642
0.022999,0.023814
0.023486,0.033798
0.023978,0.047004
0.024475,0.064135
0.024977,0.085957
0.025484,0.11328
0.025996,0.14696
0.026514,0.18783
0.027036,0.23673
0.027564,0.29446
0.028096,0.36175
0.028634,0.43925
0.029177,0.5275
0.029725,0.62693
0.030278,0.73782
0.030836,0.86031
0.031399,0.99439
0.031967,1.1399
0.032541,1.2965
0.033119,1.4638
0.033703,1.6412
0.034292,1.828
0.034885,2.0234
0.035484,2.2266
0.036088,2.4367
0.036697,2.6528
0.037311,2.8739
0.037931,3.0992
0.038555,3.3281
0.039185,3.5597
0.039819,3.7938
0.040459,4.03
0.041103,4.2682
0.041753,4.5089
0.042408,4.7527
0.043068,5.0004
0.043733,5.2536
0.044404,5.514
0.045079,5.7841
0.045759,6.0666
0.046445,6.3649
0.047136,6.6828
0.047831,7.0248
0.048532,7.3957
0.049238,7.8008
0.049949,8.2458
0.050665,8.7367
0.051386,9.2794
0.052113,9.8799
0.052844,10.543
0.053581,11.274
0.054322,12.075
0.055069,12.946
0.055821,13.885
0.056577,14.886
0.057339,15.935
0.058107,17.018
0.058879,18.11
0.059656,19.183
0.060438,20.203
0.061226,21.133
0.062018,21.934
0.062816,22.571
0.063619,23.009
0.064427,23.227
0.06524,23.21
0.066058,22.996
0.066881,22.639
0.067709,22.148
0.068542,21.537
0.069381,20.823
0.070224,20.025
0.071073,19.163
0.071927,18.256
0.072785,17.324
0.073649,16.383
0.074518,15.45
0.075392,14.537
0.076272,13.654
0.077156,12.811
0.078045,12.012
0.07894,11.262
0.079839,10.563
0.080744,9.9142
0.081654,9.3161
0.082569,8.7668
0.083489,8.2642
0.084414,7.8056
0.085344,7.388
0.086279,7.0083
0.08722,6.6634
0.088165,6.3503
0.089116,6.066
0.090071,5.8077
0.091032,5.5728
0.091998,5.3587
0.092969,5.1632
0.093945,4.9843
0.094926,4.8201
0.095912,4.6688
0.096904,4.529
0.0979,4.3993
0.098902,4.2784
0.099908,4.1653
0.10092,4.059
0.10194,3.9587
0.10296,3.8636
0.10399,3.7732
0.10502,3.6868
0.10606,3.6039
0.1071,3.5243
0.10814,3.4474
0.1092,3.3731
0.11025,3.301
0.11132,3.2311
0.11239,3.163
0.11346,3.0967
0.11454,3.0319
0.11562,2.9687
0.11671,2.907
0.1178,2.8466
0.1189,2.7875
0.12,2.7297
0.12111,2.673
0.12222,2.6176
0.12334,2.5633
0.12447,2.5101
0.1256,2.458
0.12673,2.4069
0.12787,2.3569
0.12901,2.308
0.13016,2.26
0.13132,2.2131
0.13248,2.1671
0.13364,2.1221
0.13481,2.078
0.13599,2.0348
0.13717,1.9925
0.13835,1.9512
0.13954,1.9107
0.14074,1.8711
0.14194,1.8323
0.14314,1.7943
0.14435,1.7571
0.14557,1.7208
0.14679,1.6852
0.14801,1.6504
0.14925,1.6163
0.15048,1.583
0.15172,1.5504
0.15297,1.5185
0.15422,1.4873
0.15548,1.4568
0.15674,1.4269
0.158,1.3977
0.15928,1.3692
0.16055,1.3412
0.16183,1.3139
0.16312,1.2871
0.16441,1.261
0.16571,1.2354
0.16701,1.2103
0.16832,1.1858
0.16963,1.1619
0.17095,1.1385
0.17227,1.1156
0.1736,1.0931
0.17493,1.0712
0.17627,1.0498
0.17761,1.0288
0.17896,1.0083
0.18032,0.98818
0.18167,0.96854
0.18304,0.94933
0.18441,0.93054
0.18578,0.91215
0.18716,0.89416
0.18854,0.87657
0.18993,0.85935
0.19133,0.84251
0.19272,0.82603
0.19413,0.8099
0.19554,0.79413
0.19695,0.77869
0.19837,0.76359
0.1998,0.74881
0.20123,0.73435
0.20266,0.7202
0.2041,0.70635
0.20555,0.6928
0.207,0.67953
0.20845,0.66655
0.20991,0.65385
0.21138,0.64142
0.21285,0.62925
0.21432,0.61733
0.2158,0.60567
0.21729,0.59426
0.21878,0.58309
0.22028,0.57215
0.22178,0.56144
0.22328,0.55096
0.22479,0.54069
0.22631,0.53064
0.22783,0.5208
0.22936,0.51117
0.23089,0.50174
0.23243,0.4925
0.23397,0.48345
0.23551,0.47459
0.23707,0.46591
0.23862,0.45742
0.24019,0.44909
0.24175,0.44094
0.24333,0.43296
0.2449,0.42513
0.24649,0.41747
0.24807,0.40997
0.24967,0.40261
0.25126,0.39541
