0,0
0.005,0
0.01,0
0.015,0
0.02,0
0.025,0
0.03,0
0.035,0
0.04,0
0.045,0
0.05,0
0.055,0
0.06,0
0.065,0
0.07,0
0.075,0
0.08,0
0.085,0
0.09,0
0.095,0
0.1,0
0.105,0
0.11,1.427e-266
0.115,1.3854e-222
0.12,3.2438e-187
0.125,1.6185e-158
0.13,4.8766e-135
0.135,1.1082e-115
0.14,1.3051e-099
0.145,3.52e-086
0.15,6.9113e-075
0.155,2.4488e-065
0.16,3.2121e-057
0.165,2.766e-050
0.17,2.4774e-044
0.175,3.3479e-039
0.18,9.2388e-035
0.185,6.6695e-031
0.19,1.5442e-027
0.195,1.3574e-024
0.2,5.2119e-022
0.205,9.8264e-020
0.21,1.0037e-017
0.215,6.0341e-016
0.22,2.29e-014
0.225,5.8227e-013
0.23,1.0436e-011
0.235,1.377e-010
0.24,1.3883e-009
0.245,1.1045e-008
0.25,7.1288e-008
0.255,3.8236e-007
0.26,1.7402e-006
0.265,6.8444e-006
0.27,2.3635e-005
0.275,7.2666e-005
0.28,0.00020136
0.285,0.00050831
0.29,0.0011802
0.295,0.0025415
0.3,0.0051139
0.305,0.0096788
0.31,0.017332
0.315,0.029518
0.32,0.048037
0.325,0.075011
0.33,0.11282
0.335,0.16397
0.34,0.231
0.345,0.3163
0.35,0.42197
0.355,0.5497
0.36,0.70066
0.365,0.87541
0.37,1.0739
0.375,1.2954
0.38,1.5388
0.385,1.8022
0.39,2.0838
0.395,2.3814
0.4,2.693
0.405,3.017
0.41,3.3524
0.415,3.6995
0.42,4.0596
0.425,4.4363
0.43,4.8351
0.435,5.2641
0.44,5.7342
0.445,6.2595
0.45,6.8571
0.455,7.5471
0.46,8.3518
0.465,9.2948
0.47,10.398
0.475,11.679
0.48,13.143
0.485,14.778
0.49,16.546
0.495,18.376
0.5,20.162
0.505,21.768
0.51,23.047
0.515,23.865
0.52,24.131
0.525,23.928
0.53,23.373
0.535,22.507
0.54,21.393
0.545,20.101
0.55,18.706
0.555,17.274
0.56,15.863
0.565,14.515
0.57,13.262
0.575,12.118
0.58,11.093
0.585,10.186
0.59,9.3917
0.595,8.7006
0.6,8.1027
0.605,7.5871
0.61,7.1428
0.615,6.7597
0.62,6.4284
0.625,6.1407
0.63,5.8891
0.635,5.6673
0.64,5.47
0.645,5.2925
0.65,5.1311
0.655,4.9826
0.66,4.8445
0.665,4.7147
0.67,4.5917
0.675,4.4741
0.68,4.3611
0.685,4.2519
0.69,4.146
0.695,4.043
0.7,3.9426
0.705,3.8446
0.71,3.7489
0.715,3.6554
0.72,3.564
0.725,3.4747
0.73,3.3874
0.735,3.3021
0.74,3.2189
0.745,3.1375
0.75,3.0581
0.755,2.9806
0.76,2.9051
0.765,2.8313
0.77,2.7594
0.775,2.6893
0.78,2.621
0.785,2.5544
0.79,2.4896
0.795,2.4264
0.8,2.3648
0.805,2.3049
0.81,2.2465
0.815,2.1897
0.82,2.1344
0.825,2.0806
0.83,2.0282
0.835,1.9772
0.84,1.9275
0.845,1.8793
0.85,1.8323
0.855,1.7865
0.86,1.742
0.865,1.6988
0.87,1.6566
0.875,1.6157
0.88,1.5758
0.885,1.537
0.89,1.4993
0.895,1.4626
0.9,1.4269
0.905,1.3921
0.91,1.3583
0.915,1.3254
0.92,1.2934
0.925,1.2623
0.93,1.232
0.935,1.2025
0.94,1.1738
0.945,1.1459
0.95,1.1187
0.955,1.0923
0.96,1.0665
0.965,1.0415
0.97,1.0171
0.975,0.99338
0.98,0.97028
0.985,0.94779
0.99,0.92589
0.995,0.90457
1,0.88382
1.005,0.8636
1.01,0.84392
1.015,0.82475
1.02,0.80608
1.025,0.7879
1.03,0.77018
1.035,0.75293
1.04,0.73612
1.045,0.71974
1.05,0.70379
1.055,0.68824
1.06,0.67309
1.065,0.65832
1.07,0.64393
1.075,0.6299
1.08,0.61623
1.085,0.6029
1.09,0.58991
1.095,0.57724
1.1,0.56488
1.105,0.55284
1.11,0.54109
1.115,0.52963
1.12,0.51846
1.125,0.50756
1.13,0.49693
1.135,0.48655
1.14,0.47643
1.145,0.46656
1.15,0.45692
1.155,0.44752
1.16,0.43834
1.165,0.42938
1.17,0.42064
1.175,0.41211
1.18,0.40377
1.185,0.39564
1.19,0.3877
1.195,0.37994
1.2,0.37237
1.205,0.36497
1.21,0.35774
1.215,0.35069
1.22,0.3438
1.225,0.33706
1.23,0.33048
1.235,0.32405
1.24,0.31777
1.245,0.31163
1.25,0.30564
1.255,0.29977
1.26,0.29404
1.265,0.28844
1.27,0.28297
1.275,0.27761
1.28,0.27238
1.285,0.26726
1.29,0.26226
1.295,0.25736
1.3,0.25258
1.305,0.2479
1.31,0.24332
1.315,0.23884
1.32,0.23446
1.325,0.23017
1.33,0.22598
1.335,0.22187
1.34,0.21786
1.345,0.21393
1.35,0.21008
1.355,0.20632
1.36,0.20263
1.365,0.19903
1.37,0.19549
1.375,0.19204
1.38,0.18865
1.385,0.18534
1.39,0.18209
1.395,0.17892
1.4,0.1758
1.405,0.17276
1.41,0.16977
1.415,0.16685
1.42,0.16398
1.425,0.16118
1.43,0.15843
1.435,0.15573
1.44,0.15309
1.445,0.15051
1.45,0.14797
1.455,0.14549
1.46,0.14305
1.465,0.14067
1.47,0.13833
1.475,0.13604
1.48,0.13379
1.485,0.13158
1.49,0.12942
1.495,0.12731
1.5,0.12523
1.505,0.12319
1.51,0.12119
1.515,0.11923
1.52,0.11731
1.525,0.11543
1.53,0.11358
1.535,0.11176
1.54,0.10999
1.545,0.10824
1.55,0.10653
1.555,0.10485
1.56,0.1032
1.565,0.10158
1.57,0.099992
1.575,0.098433
1.58,0.096904
1.585,0.095403
1.59,0.093929
1.595,0.092482
1.6,0.091062
1.605,0.089668
1.61,0.088299
1.615,0.086956
1.62,0.085636
1.625,0.08434
1.63,0.083068
1.635,0.081818
1.64,0.080591
1.645,0.079386
1.65,0.078202
1.655,0.077039
1.66,0.075897
1.665,0.074775
1.67,0.073673
1.675,0.07259
1.68,0.071526
1.685,0.070481
1.69,0.069453
1.695,0.068444
1.7,0.067452
1.705,0.066477
1.71,0.065519
1.715,0.064578
1.72,0.063652
1.725,0.062743
1.73,0.061849
1.735,0.06097
1.74,0.060106
1.745,0.059256
1.75,0.058421
1.755,0.0576
1.76,0.056793
1.765,0.055999
1.77,0.055218
1.775,0.05445
1.78,0.053695
1.785,0.052953
1.79,0.052223
1.795,0.051505
1.8,0.050798
1.805,0.050103
1.81,0.04942
1.815,0.048747
1.82,0.048086
1.825,0.047435
1.83,0.046795
1.835,0.046165
1.84,0.045545
1.845,0.044935
1.85,0.044335
1.855,0.043744
1.86,0.043163
1.865,0.042591
1.87,0.042028
1.875,0.041474
1.88,0.040928
1.885,0.040391
1.89,0.039863
1.895,0.039343
1.9,0.038831
1.905,0.038327
1.91,0.03783
1.915,0.037342
1.92,0.036861
1.925,0.036387
1.93,0.03592
1.935,0.035461
1.94,0.035009
1.945,0.034564
1.95,0.034125
1.955,0.033693
1.96,0.033267
1.965,0.032848
1.97,0.032436
1.975,0.032029
1.98,0.031629
1.985,0.031234
1.99,0.030846
1.995,0.030463
2,0.030086
2.005,0.029714
2.01,0.029348
2.015,0.028987
2.02,0.028632
2.025,0.028282
2.03,0.027936
2.035,0.027596
2.04,0.027261
2.045,0.026931
2.05,0.026606
2.055,0.026285
2.06,0.025969
2.065,0.025657
2.07,0.02535
2.075,0.025047
2.08,0.024749
2.085,0.024454
2.09,0.024164
2.095,0.023879
2.1,0.023597
2.105,0.023319
2.11,0.023045
2.115,0.022775
2.12,0.022508
2.125,0.022246
2.13,0.021987
2.135,0.021731
2.14,0.02148
2.145,0.021231
2.15,0.020986
2.155,0.020745
2.16,0.020507
2.165,0.020272
2.17,0.02004
2.175,0.019812
2.18,0.019586
2.185,0.019364
2.19,0.019144
2.195,0.018928
2.2,0.018715
2.205,0.018504
2.21,0.018296
2.215,0.018091
2.22,0.017889
2.225,0.01769
2.23,0.017493
2.235,0.017299
2.24,0.017107
2.245,0.016918
2.25,0.016731
2.255,0.016547
2.26,0.016365
2.265,0.016186
2.27,0.016009
2.275,0.015834
2.28,0.015662
2.285,0.015492
2.29,0.015324
2.295,0.015158
2.3,0.014994
2.305,0.014833
2.31,0.014673
2.315,0.014516
2.32,0.014361
2.325,0.014207
2.33,0.014056
2.335,0.013906
2.34,0.013759
2.345,0.013613
2.35,0.013469
2.355,0.013327
2.36,0.013187
2.365,0.013049
2.37,0.012912
2.375,0.012777
2.38,0.012643
2.385,0.012512
2.39,0.012382
2.395,0.012253
2.4,0.012126
2.405,0.012001
2.41,0.011877
2.415,0.011755
2.42,0.011635
2.425,0.011515
2.43,0.011398
2.435,0.011281
2.44,0.011167
2.445,0.011053
2.45,0.010941
2.455,0.01083
2.46,0.010721
2.465,0.010613
2.47,0.010506
2.475,0.0104
2.48,0.010296
2.485,0.010193
2.49,0.010092
2.495,0.009991
2.5,0.0098917
2.505,0.0097935
2.51,0.0096966
2.515,0.0096007
2.52,0.009506
2.525,0.0094125
2.53,0.00932
2.535,0.0092286
2.54,0.0091383
2.545,0.009049
2.55,0.0089608
2.555,0.0088736
2.56,0.0087874
2.565,0.0087023
2.57,0.0086181
2.575,0.0085349
2.58,0.0084526
2.585,0.0083713
2.59,0.008291
2.595,0.0082115
2.6,0.008133
2.605,0.0080554
2.61,0.0079786
2.615,0.0079028
2.62,0.0078278
2.625,0.0077536
2.63,0.0076803
2.635,0.0076078
2.64,0.0075361
2.645,0.0074653
2.65,0.0073952
2.655,0.007326
2.66,0.0072575
2.665,0.0071897
2.67,0.0071228
2.675,0.0070565
2.68,0.006991
2.685,0.0069263
2.69,0.0068622
2.695,0.0067989
2.7,0.0067363
2.705,0.0066743
2.71,0.0066131
2.715,0.0065525
2.72,0.0064926
2.725,0.0064333
2.73,0.0063747
2.735,0.0063167
2.74,0.0062593
2.745,0.0062026
2.75,0.0061465
2.755,0.006091
2.76,0.0060361
2.765,0.0059818
2.77,0.0059281
2.775,0.0058749
2.78,0.0058223
2.785,0.0057703
2.79,0.0057189
2.795,0.005668
2.8,0.0056176
2.805,0.0055678
2.81,0.0055185
2.815,0.0054697
2.82,0.0054214
2.825,0.0053737
2.83,0.0053264
2.835,0.0052797
2.84,0.0052334
2.845,0.0051876
2.85,0.0051423
2.855,0.0050975
2.86,0.0050531
2.865,0.0050093
2.87,0.0049658
2.875,0.0049228
2.88,0.0048803
2.885,0.0048382
2.89,0.0047965
2.895,0.0047553
2.9,0.0047145
2.905,0.0046741
2.91,0.0046341
2.915,0.0045945
2.92,0.0045554
2.925,0.0045166
2.93,0.0044783
2.935,0.0044403
2.94,0.0044027
2.945,0.0043655
2.95,0.0043286
2.955,0.0042922
2.96,0.0042561
2.965,0.0042203
2.97,0.004185
2.975,0.00415
2.98,0.0041153
2.985,0.004081
2.99,0.004047
2.995,0.0040134
3,0.0039801
3.005,0.0039471
3.01,0.0039144
3.015,0.0038821
3.02,0.0038501
3.025,0.0038184
3.03,0.0037871
3.035,0.003756
3.04,0.0037252
3.045,0.0036948
3.05,0.0036646
3.055,0.0036347
3.06,0.0036052
3.065,0.0035759
3.07,0.0035469
3.075,0.0035182
3.08,0.0034897
3.085,0.0034616
3.09,0.0034337
3.095,0.003406
3.1,0.0033787
3.105,0.0033516
3.11,0.0033247
3.115,0.0032982
3.12,0.0032718
3.125,0.0032458
3.13,0.00322
3.135,0.0031944
3.14,0.003169
3.145,0.003144
3.15,0.0031191
3.155,0.0030945
3.16,0.0030701
3.165,0.0030459
3.17,0.003022
3.175,0.0029983
3.18,0.0029748
3.185,0.0029516
3.19,0.0029285
3.195,0.0029057
3.2,0.0028831
3.205,0.0028607
3.21,0.0028385
3.215,0.0028165
3.22,0.0027947
3.225,0.0027731
3.23,0.0027517
3.235,0.0027306
3.24,0.0027096
3.245,0.0026888
3.25,0.0026682
3.255,0.0026477
3.26,0.0026275
3.265,0.0026075
3.27,0.0025876
3.275,0.0025679
3.28,0.0025484
3.285,0.0025291
3.29,0.00251
3.295,0.002491
3.3,0.0024722
3.305,0.0024536
3.31,0.0024351
3.315,0.0024168
3.32,0.0023987
3.325,0.0023807
3.33,0.0023629
3.335,0.0023452
3.34,0.0023277
3.345,0.0023104
3.35,0.0022932
3.355,0.0022762
3.36,0.0022593
3.365,0.0022426
3.37,0.002226
3.375,0.0022096
3.38,0.0021933
3.385,0.0021772
3.39,0.0021612
3.395,0.0021453
3.4,0.0021296
3.405,0.002114
3.41,0.0020986
3.415,0.0020832
3.42,0.0020681
3.425,0.002053
3.43,0.0020381
3.435,0.0020233
3.44,0.0020087
3.445,0.0019941
3.45,0.0019797
3.455,0.0019655
3.46,0.0019513
3.465,0.0019373
3.47,0.0019234
3.475,0.0019096
3.48,0.0018959
3.485,0.0018824
3.49,0.0018689
3.495,0.0018556
3.5,0.0018424
3.505,0.0018293
3.51,0.0018163
3.515,0.0018034
3.52,0.0017907
3.525,0.001778
3.53,0.0017655
3.535,0.001753
3.54,0.0017407
3.545,0.0017284
3.55,0.0017163
3.555,0.0017043
3.56,0.0016923
3.565,0.0016805
3.57,0.0016688
3.575,0.0016571
3.58,0.0016456
3.585,0.0016342
3.59,0.0016228
3.595,0.0016116
3.6,0.0016004
3.605,0.0015894
3.61,0.0015784
3.615,0.0015675
3.62,0.0015567
3.625,0.001546
3.63,0.0015354
3.635,0.0015249
3.64,0.0015144
3.645,0.0015041
3.65,0.0014938
3.655,0.0014836
3.66,0.0014735
3.665,0.0014635
3.67,0.0014536
3.675,0.0014437
3.68,0.0014339
3.685,0.0014242
3.69,0.0014146
3.695,0.0014051
3.7,0.0013956
3.705,0.0013862
3.71,0.0013769
3.715,0.0013677
3.72,0.0013585
3.725,0.0013494
3.73,0.0013404
3.735,0.0013315
3.74,0.0013226
3.745,0.0013138
3.75,0.0013051
3.755,0.0012964
3.76,0.0012878
3.765,0.0012793
3.77,0.0012708
3.775,0.0012624
3.78,0.0012541
3.785,0.0012458
3.79,0.0012376
3.795,0.0012295
3.8,0.0012215
3.805,0.0012135
3.81,0.0012055
3.815,0.0011976
3.82,0.0011898
3.825,0.0011821
3.83,0.0011744
3.835,0.0011667
3.84,0.0011592
3.845,0.0011517
3.85,0.0011442
3.855,0.0011368
3.86,0.0011295
3.865,0.0011222
3.87,0.0011149
3.875,0.0011078
3.88,0.0011007
3.885,0.0010936
3.89,0.0010866
3.895,0.0010796
3.9,0.0010727
3.905,0.0010659
3.91,0.0010591
3.915,0.0010523
3.92,0.0010456
3.925,0.001039
3.93,0.0010324
3.935,0.0010259
3.94,0.0010194
3.945,0.0010129
3.95,0.0010066
3.955,0.0010002
3.96,0.00099391
3.965,0.00098766
3.97,0.00098146
3.975,0.0009753
3.98,0.00096919
3.985,0.00096313
3.99,0.00095711
3.995,0.00095114
4,0.00094521
4.005,0.00093933
4.01,0.00093349
4.015,0.00092769
4.02,0.00092194
4.025,0.00091623
4.03,0.00091056
4.035,0.00090493
4.04,0.00089935
4.045,0.00089381
4.05,0.0008883
4.055,0.00088284
4.06,0.00087742
4.065,0.00087204
4.07,0.0008667
4.075,0.0008614
4.08,0.00085613
4.085,0.00085091
4.09,0.00084572
4.095,0.00084057
4.1,0.00083546
4.105,0.00083038
4.11,0.00082535
4.115,0.00082035
4.12,0.00081538
4.125,0.00081045
4.13,0.00080556
4.135,0.0008007
4.14,0.00079588
4.145,0.00079109
4.15,0.00078634
4.155,0.00078162
4.16,0.00077694
4.165,0.00077229
4.17,0.00076767
4.175,0.00076308
4.18,0.00075853
4.185,0.00075401
4.19,0.00074952
4.195,0.00074507
4.2,0.00074065
4.205,0.00073625
4.21,0.00073189
4.215,0.00072756
4.22,0.00072326
4.225,0.000719
4.23,0.00071476
4.235,0.00071055
4.24,0.00070637
4.245,0.00070222
4.25,0.0006981
4.255,0.00069401
4.26,0.00068995
4.265,0.00068591
4.27,0.00068191
4.275,0.00067793
4.28,0.00067398
4.285,0.00067006
4.29,0.00066616
4.295,0.0006623
4.3,0.00065846
4.305,0.00065464
4.31,0.00065085
4.315,0.00064709
4.32,0.00064336
4.325,0.00063965
4.33,0.00063596
4.335,0.00063231
4.34,0.00062867
4.345,0.00062506
4.35,0.00062148
4.355,0.00061792
4.36,0.00061439
4.365,0.00061088
4.37,0.00060739
4.375,0.00060393
4.38,0.00060049
4.385,0.00059708
4.39,0.00059368
4.395,0.00059032
4.4,0.00058697
4.405,0.00058365
4.41,0.00058035
4.415,0.00057707
4.42,0.00057381
4.425,0.00057058
4.43,0.00056737
4.435,0.00056418
4.44,0.00056101
4.445,0.00055786
4.45,0.00055473
4.455,0.00055163
4.46,0.00054854
4.465,0.00054548
4.47,0.00054243
4.475,0.00053941
4.48,0.00053641
4.485,0.00053343
4.49,0.00053046
4.495,0.00052752
4.5,0.0005246
4.505,0.00052169
4.51,0.00051881
4.515,0.00051594
4.52,0.00051309
4.525,0.00051027
4.53,0.00050746
4.535,0.00050467
4.54,0.00050189
4.545,0.00049914
4.55,0.0004964
4.555,0.00049369
4.56,0.00049099
4.565,0.0004883
4.57,0.00048564
4.575,0.00048299
4.58,0.00048036
4.585,0.00047775
4.59,0.00047515
4.595,0.00047257
4.6,0.00047001
4.605,0.00046746
4.61,0.00046493
4.615,0.00046242
4.62,0.00045993
4.625,0.00045745
4.63,0.00045498
4.635,0.00045253
4.64,0.0004501
4.645,0.00044768
4.65,0.00044528
4.655,0.0004429
4.66,0.00044053
4.665,0.00043817
4.67,0.00043583
4.675,0.0004335
4.68,0.00043119
4.685,0.0004289
4.69,0.00042662
4.695,0.00042435
4.7,0.0004221
4.705,0.00041986
4.71,0.00041764
4.715,0.00041543
4.72,0.00041323
4.725,0.00041105
4.73,0.00040888
4.735,0.00040673
4.74,0.00040459
4.745,0.00040246
4.75,0.00040035
4.755,0.00039825
4.76,0.00039616
4.765,0.00039409
4.77,0.00039203
4.775,0.00038998
4.78,0.00038794
4.785,0.00038592
4.79,0.00038391
4.795,0.00038191
4.8,0.00037993
4.805,0.00037796
4.81,0.000376
4.815,0.00037405
4.82,0.00037211
4.825,0.00037019
4.83,0.00036828
4.835,0.00036638
4.84,0.00036449
4.845,0.00036261
4.85,0.00036075
4.855,0.00035889
4.86,0.00035705
4.865,0.00035522
4.87,0.0003534
4.875,0.00035159
4.88,0.0003498
4.885,0.00034801
4.89,0.00034623
4.895,0.00034447
4.9,0.00034272
4.905,0.00034097
4.91,0.00033924
4.915,0.00033752
4.92,0.00033581
4.925,0.00033411
4.93,0.00033242
4.935,0.00033074
4.94,0.00032907
4.945,0.00032741
4.95,0.00032576
4.955,0.00032412
4.96,0.00032249
4.965,0.00032087
4.97,0.00031925
4.975,0.00031765
4.98,0.00031606
4.985,0.00031448
4.99,0.00031291
4.995,0.00031135
5,0.00030979
5.005,0.00030825
5.01,0.00030671
5.015,0.00030519
5.02,0.00030367
5.025,0.00030216
5.03,0.00030066
5.035,0.00029918
5.04,0.00029769
5.045,0.00029622
5.05,0.00029476
5.055,0.0002933
5.06,0.00029186
5.065,0.00029042
5.07,0.00028899
5.075,0.00028757
5.08,0.00028616
5.085,0.00028475
5.09,0.00028336
5.095,0.00028197
5.1,0.00028059
5.105,0.00027922
5.11,0.00027786
5.115,0.0002765
5.12,0.00027515
5.125,0.00027382
5.13,0.00027248
5.135,0.00027116
5.14,0.00026984
5.145,0.00026854
5.15,0.00026723
5.155,0.00026594
5.16,0.00026465
5.165,0.00026338
5.17,0.00026211
5.175,0.00026084
5.18,0.00025959
5.185,0.00025834
5.19,0.00025709
5.195,0.00025586
5.2,0.00025463
5.205,0.00025341
5.21,0.0002522
5.215,0.00025099
5.22,0.00024979
5.225,0.0002486
5.23,0.00024741
5.235,0.00024623
5.24,0.00024506
5.245,0.0002439
5.25,0.00024274
5.255,0.00024158
5.26,0.00024044
5.265,0.0002393
5.27,0.00023817
5.275,0.00023704
5.28,0.00023592
5.285,0.00023481
5.29,0.0002337
5.295,0.0002326
5.3,0.0002315
5.305,0.00023041
5.31,0.00022933
5.315,0.00022825
5.32,0.00022718
5.325,0.00022612
5.33,0.00022506
5.335,0.00022401
5.34,0.00022296
5.345,0.00022192
5.35,0.00022089
5.355,0.00021986
5.36,0.00021883
5.365,0.00021782
5.37,0.0002168
5.375,0.0002158
5.38,0.0002148
5.385,0.0002138
5.39,0.00021281
5.395,0.00021183
5.4,0.00021085
5.405,0.00020987
5.41,0.00020891
5.415,0.00020794
5.42,0.00020699
5.425,0.00020603
5.43,0.00020509
5.435,0.00020415
5.44,0.00020321
5.445,0.00020228
5.45,0.00020135
5.455,0.00020043
5.46,0.00019952
5.465,0.0001986
5.47,0.0001977
5.475,0.0001968
5.48,0.0001959
5.485,0.00019501
5.49,0.00019412
5.495,0.00019324
5.5,0.00019237
5.505,0.00019149
5.51,0.00019063
5.515,0.00018976
5.52,0.00018891
5.525,0.00018805
5.53,0.0001872
5.535,0.00018636
5.54,0.00018552
5.545,0.00018469
5.55,0.00018386
5.555,0.00018303
5.56,0.00018221
5.565,0.00018139
5.57,0.00018058
5.575,0.00017977
5.58,0.00017897
5.585,0.00017817
5.59,0.00017737
5.595,0.00017658
5.6,0.00017579
5.605,0.00017501
5.61,0.00017423
5.615,0.00017346
5.62,0.00017269
5.625,0.00017192
5.63,0.00017116
5.635,0.0001704
5.64,0.00016965
5.645,0.0001689
5.65,0.00016815
5.655,0.00016741
5.66,0.00016667
5.665,0.00016594
5.67,0.00016521
5.675,0.00016448
5.68,0.00016376
5.685,0.00016304
5.69,0.00016232
5.695,0.00016161
5.7,0.00016091
5.705,0.0001602
5.71,0.0001595
5.715,0.00015881
5.72,0.00015811
5.725,0.00015742
5.73,0.00015674
5.735,0.00015606
5.74,0.00015538
5.745,0.0001547
5.75,0.00015403
5.755,0.00015336
5.76,0.0001527
5.765,0.00015204
5.77,0.00015138
5.775,0.00015073
5.78,0.00015008
5.785,0.00014943
5.79,0.00014878
5.795,0.00014814
5.8,0.00014751
5.805,0.00014687
5.81,0.00014624
5.815,0.00014561
5.82,0.00014499
5.825,0.00014437
5.83,0.00014375
5.835,0.00014314
5.84,0.00014252
5.845,0.00014191
5.85,0.00014131
5.855,0.00014071
5.86,0.00014011
5.865,0.00013951
5.87,0.00013892
5.875,0.00013833
5.88,0.00013774
5.885,0.00013716
5.89,0.00013658
5.895,0.000136
5.9,0.00013542
5.905,0.00013485
5.91,0.00013428
5.915,0.00013371
5.92,0.00013315
5.925,0.00013259
5.93,0.00013203
5.935,0.00013148
5.94,0.00013092
5.945,0.00013037
5.95,0.00012983
5.955,0.00012928
5.96,0.00012874
5.965,0.0001282
5.97,0.00012767
5.975,0.00012713
5.98,0.0001266
5.985,0.00012608
5.99,0.00012555
5.995,0.00012503
6,0.00012451
6.005,0.00012399
6.01,0.00012348
6.015,0.00012296
6.02,0.00012245
6.025,0.00012195
6.03,0.00012144
6.035,0.00012094
6.04,0.00012044
6.045,0.00011994
6.05,0.00011945
6.055,0.00011896
6.06,0.00011847
6.065,0.00011798
6.07,0.00011749
6.075,0.00011701
6.08,0.00011653
6.085,0.00011605
6.09,0.00011558
6.095,0.0001151
6.1,0.00011463
6.105,0.00011416
6.11,0.0001137
6.115,0.00011323
6.12,0.00011277
6.125,0.00011231
6.13,0.00011185
6.135,0.0001114
6.14,0.00011095
6.145,0.0001105
6.15,0.00011005
6.155,0.0001096
6.16,0.00010916
6.165,0.00010872
6.17,0.00010828
6.175,0.00010784
6.18,0.0001074
6.185,0.00010697
6.19,0.00010654
6.195,0.00010611
6.2,0.00010568
6.205,0.00010526
6.21,0.00010483
6.215,0.00010441
6.22,0.00010399
6.225,0.00010358
6.23,0.00010316
6.235,0.00010275
6.24,0.00010234
6.245,0.00010193
6.25,0.00010152
6.255,0.00010112
6.26,0.00010071
6.265,0.00010031
6.27,9.9913e-005
6.275,9.9515e-005
6.28,9.912e-005
