0,0
0.005,0
0.01,0
0.015,0
0.02,0
0.025,0
0.03,0
0.035,0
0.04,0
0.045,0
0.05,0
0.055,0
0.06,0
0.065,0
0.07,0
0.075,0
0.08,0
0.085,0
0.09,0
0.095,0
0.1,0
0.105,0
0.11,0
0.115,0
0.12,0
0.125,0
0.13,0
0.135,0
0.14,0
0.145,0
0.15,0
0.155,0
0.16,0
0.165,5.6346e-297
0.17,3.0542e-263
0.175,3.9485e-234
0.18,6.6718e-209
0.185,5.9293e-187
0.19,8.7166e-168
0.195,5.4704e-151
0.2,3.224e-136
0.205,3.4474e-123
0.21,1.1625e-111
0.215,1.9698e-101
0.22,2.4878e-092
0.225,3.2736e-084
0.23,5.972e-077
0.235,1.9287e-070
0.24,1.3602e-064
0.245,2.5101e-059
0.25,1.417e-054
0.255,2.8019e-050
0.26,2.1831e-046
0.265,7.4267e-043
0.27,1.2066e-039
0.275,1.0127e-036
0.28,4.7044e-034
0.285,1.2854e-031
0.29,2.1795e-029
0.295,2.4046e-027
0.3,1.8002e-025
0.305,9.4931e-024
0.31,3.6451e-022
0.315,1.0497e-020
0.32,2.3279e-019
0.325,4.0706e-018
0.33,5.7327e-017
0.335,6.627e-016
0.34,6.3968e-015
0.345,5.2358e-014
0.35,3.6849e-013
0.355,2.258e-012
0.36,1.2185e-011
0.365,5.8501e-011
0.37,2.5225e-010
0.375,9.8513e-010
0.38,3.5116e-009
0.385,1.1505e-008
0.39,3.4872e-008
0.395,9.8347e-008
0.4,2.5947e-007
0.405,6.4351e-007
0.41,1.5071e-006
0.415,3.3465e-006
0.42,7.0724e-006
0.425,1.4275e-005
0.43,2.7605e-005
0.435,5.1295e-005
0.44,9.1837e-005
0.445,0.00015882
0.45,0.0002659
0.455,0.00043192
0.46,0.00068201
0.465,0.0010488
0.47,0.0015734
0.475,0.0023062
0.48,0.0033075
0.485,0.0046477
0.49,0.0064069
0.495,0.0086746
0.5,0.011548
0.505,0.01513
0.51,0.01953
0.515,0.024856
0.52,0.031217
0.525,0.03872
0.53,0.047462
0.535,0.057536
0.54,0.06902
0.545,0.08198
0.55,0.096467
0.555,0.11252
0.56,0.13014
0.565,0.14935
0.57,0.17011
0.575,0.1924
0.58,0.21616
0.585,0.24133
0.59,0.26783
0.595,0.29559
0.6,0.3245
0.605,0.35447
0.61,0.38543
0.615,0.41728
0.62,0.44996
0.625,0.48341
0.63,0.51761
0.635,0.55257
0.64,0.58832
0.645,0.62497
0.65,0.66264
0.655,0.70155
0.66,0.74195
0.665,0.78418
0.67,0.82867
0.675,0.8759
0.68,0.92647
0.685,0.98104
0.69,1.0404
0.695,1.1053
0.7,1.1768
0.705,1.2557
0.71,1.3432
0.715,1.4402
0.72,1.5476
0.725,1.6664
0.73,1.7971
0.735,1.94
0.74,2.0948
0.745,2.2609
0.75,2.4366
0.755,2.6195
0.76,2.806
0.765,2.9918
0.77,3.1715
0.775,3.3391
0.78,3.488
0.785,3.6122
0.79,3.7059
0.795,3.7646
0.8,3.7855
0.805,3.7741
0.81,3.7385
0.815,3.68
0.82,3.6004
0.825,3.5023
0.83,3.3885
0.835,3.2621
0.84,3.1264
0.845,2.9844
0.85,2.8391
0.855,2.6931
0.86,2.5487
0.865,2.408
0.87,2.2723
0.875,2.1429
0.88,2.0206
0.885,1.9058
0.89,1.7989
0.895,1.6999
0.9,1.6086
0.905,1.5248
0.91,1.4481
0.915,1.3782
0.92,1.3145
0.925,1.2566
0.93,1.204
0.935,1.1563
0.94,1.113
0.945,1.0737
0.95,1.0379
0.955,1.0053
0.96,0.97552
0.965,0.9483
0.97,0.9233
0.975,0.90027
0.98,0.87896
0.985,0.85917
0.99,0.84071
0.995,0.82339
1,0.80708
1.005,0.79163
1.01,0.77694
1.015,0.76291
1.02,0.74944
1.025,0.73647
1.03,0.72392
1.035,0.71175
1.04,0.69992
1.045,0.68837
1.05,0.67709
1.055,0.66605
1.06,0.65522
1.065,0.64459
1.07,0.63414
1.075,0.62387
1.08,0.61376
1.085,0.60381
1.09,0.59401
1.095,0.58435
1.1,0.57484
1.105,0.56547
1.11,0.55624
1.115,0.54714
1.12,0.53818
1.125,0.52935
1.13,0.52066
1.135,0.5121
1.14,0.50367
1.145,0.49536
1.15,0.48719
1.155,0.47914
1.16,0.47122
1.165,0.46343
1.17,0.45576
1.175,0.44821
1.18,0.44079
1.185,0.43348
1.19,0.4263
1.195,0.41923
1.2,0.41228
1.205,0.40545
1.21,0.39873
1.215,0.39213
1.22,0.38563
1.225,0.37925
1.23,0.37297
1.235,0.3668
1.24,0.36074
1.245,0.35478
1.25,0.34892
1.255,0.34316
1.26,0.33751
1.265,0.33195
1.27,0.32649
1.275,0.32112
1.28,0.31585
1.285,0.31066
1.29,0.30557
1.295,0.30057
1.3,0.29566
1.305,0.29083
1.31,0.28609
1.315,0.28143
1.32,0.27686
1.325,0.27236
1.33,0.26795
1.335,0.26361
1.34,0.25935
1.345,0.25516
1.35,0.25105
1.355,0.24701
1.36,0.24304
1.365,0.23915
1.37,0.23532
1.375,0.23156
1.38,0.22786
1.385,0.22423
1.39,0.22067
1.395,0.21717
1.4,0.21373
1.405,0.21035
1.41,0.20703
1.415,0.20377
1.42,0.20057
1.425,0.19742
1.43,0.19433
1.435,0.19129
1.44,0.18831
1.445,0.18537
1.45,0.18249
1.455,0.17966
1.46,0.17688
1.465,0.17415
1.47,0.17147
1.475,0.16883
1.48,0.16624
1.485,0.1637
1.49,0.16119
1.495,0.15874
1.5,0.15632
1.505,0.15395
1.51,0.15161
1.515,0.14932
1.52,0.14707
1.525,0.14486
1.53,0.14268
1.535,0.14054
1.54,0.13844
1.545,0.13637
1.55,0.13434
1.555,0.13235
1.56,0.13039
1.565,0.12846
1.57,0.12656
