0,NaN
2.5484e-006,0
1.0194e-005,0
2.2936e-005,0
4.0775e-005,0
6.371e-005,0
9.1743e-005,0
0.00012487,0
0.0001631,0
0.00020642,0
0.00025484,0
0.00030836,0
0.00036697,0
0.00043068,0
0.00049949,0
0.00057339,0
0.0006524,0
0.00073649,0
0.00082569,0
0.00091998,0
0.0010194,0
0.0011239,0
0.0012334,0
0.0013481,1.6991e-288
0.0014679,1.4393e-242
0.0015928,2.6578e-205
0.0017227,8.2187e-175
0.0018578,1.129e-149
0.001998,8.4115e-129
0.0021432,2.3399e-111
0.0022936,1.0908e-096
0.002449,2.7693e-084
0.0026096,9.7324e-074
0.0027752,9.9616e-065
0.002946,5.3969e-057
0.0031218,2.5086e-050
0.0033028,1.4819e-044
0.0034888,1.5346e-039
0.0036799,3.6295e-035
0.0038761,2.4405e-031
0.0040775,5.5969e-028
0.0042839,5.0967e-025
0.0044954,2.0937e-022
0.004712,4.3207e-020
0.0049337,4.9057e-018
0.0051606,3.3108e-016
0.0053925,1.4187e-014
0.0056295,4.0835e-013
0.0058716,8.2873e-012
0.0061188,1.2363e-010
0.006371,1.4055e-009
0.0066284,1.2563e-008
0.0068909,9.0712e-008
0.0071585,5.4181e-007
0.0074312,2.7327e-006
0.007709,1.1851e-005
0.0079918,4.4901e-005
0.0082798,0.00015071
0.0085729,0.00045374
0.008871,0.0012386
0.0091743,0.0030958
0.0094827,0.007145
0.0097961,0.015345
0.010115,0.030873
0.010438,0.058548
0.010767,0.10522
0.011101,0.18008
0.01144,0.29478
0.011784,0.46335
0.012133,0.7018
0.012487,1.0275
0.012847,1.4585
0.013211,2.0123
0.013581,2.7049
0.013955,3.5499
0.014335,4.5575
0.01472,5.7338
0.01511,7.0807
0.015505,8.5953
0.015905,10.27
0.01631,12.094
0.01672,14.051
0.017136,16.125
0.017556,18.297
0.017982,20.547
0.018412,22.858
0.018848,25.214
0.019289,27.605
0.019735,30.028
0.020186,32.485
0.020642,34.993
0.021103,37.576
0.02157,40.274
0.022041,43.142
0.022518,46.25
0.022999,49.683
0.023486,53.543
0.023978,57.944
0.024475,63.011
0.024977,68.869
0.025484,75.636
0.025996,83.403
0.026514,92.204
0.027036,101.99
0.027564,112.58
0.028096,123.65
0.028634,134.67
0.029177,144.98
0.029725,153.78
0.030278,160.28
0.030836,163.8
0.031399,163.95
0.031967,161.31
0.032541,156.63
0.033119,150.19
0.033703,142.36
0.034292,133.53
0.034885,124.14
0.035484,114.56
0.036088,105.12
0.036697,96.079
0.037311,87.612
0.037931,79.832
0.038555,72.793
0.039185,66.5
0.039819,60.93
0.040459,56.034
0.041103,51.753
0.041753,48.023
0.042408,44.777
0.043068,41.952
0.043733,39.49
0.044404,37.338
0.045079,35.448
0.045759,33.779
0.046445,32.295
0.047136,30.964
0.047831,29.762
0.048532,28.666
0.049238,27.657
0.049949,26.721
0.050665,25.845
0.051386,25.02
0.052113,24.237
0.052844,23.49
0.053581,22.775
0.054322,22.087
0.055069,21.424
0.055821,20.783
0.056577,20.163
0.057339,19.562
0.058107,18.979
0.058879,18.414
0.059656,17.866
0.060438,17.333
0.061226,16.817
0.062018,16.315
0.062816,15.829
0.063619,15.356
0.064427,14.898
0.06524,14.454
0.066058,14.023
0.066881,13.605
0.067709,13.2
0.068542,12.807
0.069381,12.426
0.070224,12.057
0.071073,11.7
0.071927,11.353
0.072785,11.017
0.073649,10.692
0.074518,10.377
0.075392,10.071
0.076272,9.7753
0.077156,9.4887
0.078045,9.211
0.07894,8.942
0.079839,8.6815
0.080744,8.4291
0.081654,8.1847
0.082569,7.9479
0.083489,7.7185
0.084414,7.4963
0.085344,7.2811
0.086279,7.0726
0.08722,6.8706
0.088165,6.6749
0.089116,6.4854
0.090071,6.3017
0.091032,6.1237
0.091998,5.9513
0.092969,5.7843
0.093945,5.6224
0.094926,5.4655
0.095912,5.3134
0.096904,5.1661
0.0979,5.0232
0.098902,4.8848
0.099908,4.7506
0.10092,4.6205
0.10194,4.4944
0.10296,4.3721
0.10399,4.2535
0.10502,4.1385
0.10606,4.027
0.1071,3.9189
0.10814,3.814
0.1092,3.7123
0.11025,3.6136
0.11132,3.5178
0.11239,3.425
0.11346,3.3348
0.11454,3.2474
0.11562,3.1625
0.11671,3.0801
0.1178,3.0001
0.1189,2.9225
0.12,2.8472
0.12111,2.774
0.12222,2.703
0.12334,2.634
0.12447,2.567
0.1256,2.502
0.12673,2.4388
0.12787,2.3774
0.12901,2.3178
0.13016,2.2599
0.13132,2.2036
0.13248,2.1489
0.13364,2.0958
0.13481,2.0441
0.13599,1.9939
0.13717,1.9451
0.13835,1.8977
0.13954,1.8516
0.14074,1.8067
0.14194,1.7631
0.14314,1.7207
0.14435,1.6795
0.14557,1.6394
0.14679,1.6004
0.14801,1.5624
0.14925,1.5255
0.15048,1.4895
0.15172,1.4546
0.15297,1.4205
0.15422,1.3874
0.15548,1.3552
0.15674,1.3238
0.158,1.2933
0.15928,1.2635
0.16055,1.2346
0.16183,1.2064
0.16312,1.1789
0.16441,1.1522
0.16571,1.1261
0.16701,1.1007
0.16832,1.076
0.16963,1.052
0.17095,1.0285
0.17227,1.0056
0.1736,0.98336
0.17493,0.96165
0.17627,0.94049
0.17761,0.91986
0.17896,0.89976
0.18032,0.88016
0.18167,0.86105
0.18304,0.84242
0.18441,0.82425
0.18578,0.80653
0.18716,0.78925
0.18854,0.7724
0.18993,0.75596
0.19133,0.73992
0.19272,0.72427
0.19413,0.70901
0.19554,0.69412
0.19695,0.67958
0.19837,0.6654
0.1998,0.65156
0.20123,0.63805
0.20266,0.62486
0.2041,0.61198
0.20555,0.59942
0.207,0.58715
0.20845,0.57516
0.20991,0.56347
0.21138,0.55204
0.21285,0.54088
0.21432,0.52999
0.2158,0.51934
0.21729,0.50895
0.21878,0.49879
0.22028,0.48887
0.22178,0.47917
0.22328,0.4697
0.22479,0.46044
0.22631,0.45139
0.22783,0.44255
0.22936,0.43391
0.23089,0.42547
0.23243,0.41721
0.23397,0.40914
0.23551,0.40125
0.23707,0.39353
0.23862,0.38599
0.24019,0.37861
0.24175,0.3714
0.24333,0.36434
0.2449,0.35744
0.24649,0.3507
0.24807,0.34409
0.24967,0.33764
0.25126,0.33132
