0,0
0.005,0
0.01,0
0.015,0
0.02,0
0.025,0
0.03,0
0.035,0
0.04,0
0.045,0
0.05,0
0.055,0
0.06,0
0.065,0
0.07,0
0.075,0
0.08,0
0.085,0
0.09,0
0.095,0
0.1,0
0.105,0
0.11,0
0.115,0
0.12,0
0.125,0
0.13,0
0.135,0
0.14,0
0.145,0
0.15,0
0.155,0
0.16,0
0.165,0
0.17,0
0.175,0
0.18,0
0.185,0
0.19,0
0.195,0
0.2,0
0.205,0
0.21,0
0.215,0
0.22,0
0.225,0
0.23,0
0.235,0
0.24,0
0.245,0
0.25,0
0.255,0
0.26,0
0.265,0
0.27,0
0.275,0
0.28,0
0.285,0
0.29,0
0.295,0
0.3,0
0.305,0
0.31,0
0.315,0
0.32,0
0.325,0
0.33,0
0.335,0
0.34,0
0.345,0
0.35,0
0.355,0
0.36,0
0.365,0
0.37,0
0.375,0
0.38,0
0.385,0
0.39,0
0.395,0
0.4,0
0.405,0
0.41,0
0.415,0
0.42,0
0.425,0
0.43,0
0.435,0
0.44,0
0.445,0
0.45,0
0.455,0
0.46,0
0.465,0
0.47,0
0.475,0
0.48,0
0.485,0
0.49,0
0.495,0
0.5,0
0.505,0
0.51,1.5071e-312
0.515,1.425e-300
0.52,3.6406e-289
0.525,2.7056e-278
0.53,6.2664e-268
0.535,4.8245e-258
0.54,1.3115e-248
0.545,1.332e-239
0.55,5.3295e-231
0.555,8.8288e-223
0.56,6.3444e-215
0.565,2.0662e-207
0.57,3.1775e-200
0.575,2.3984e-193
0.58,9.2148e-187
0.585,1.8647e-180
0.59,2.0526e-174
0.595,1.2668e-168
0.6,4.5107e-163
0.605,9.5198e-158
0.61,1.2215e-152
0.615,9.7598e-148
0.62,4.9675e-143
0.625,1.6453e-138
0.63,3.619e-134
0.635,5.3881e-130
0.64,5.5292e-126
0.645,3.9782e-122
0.65,2.0397e-118
0.655,7.5675e-115
0.66,2.0614e-111
0.665,4.1803e-108
0.67,6.3935e-105
0.675,7.4672e-102
0.68,6.7387e-099
0.685,4.7517e-096
0.69,2.646e-093
0.695,1.1754e-090
0.7,4.205e-088
0.705,1.2227e-085
0.71,2.915e-083
0.715,5.7446e-081
0.72,9.4324e-079
0.725,1.3001e-076
0.73,1.5149e-074
0.735,1.5026e-072
0.74,1.2768e-070
0.745,9.3529e-069
0.75,5.9406e-067
0.755,3.2902e-065
0.76,1.5976e-063
0.765,6.8354e-062
0.77,2.5897e-060
0.775,8.7287e-059
0.78,2.629e-057
0.785,7.1063e-056
0.79,1.7309e-054
0.795,3.8136e-053
0.8,7.6296e-052
0.805,1.3909e-050
0.81,2.3185e-049
0.815,3.5453e-048
0.82,4.9889e-047
0.825,6.4795e-046
0.83,7.7899e-045
0.835,8.693e-044
0.84,9.028e-043
0.845,8.748e-042
0.85,7.9282e-041
0.855,6.7359e-040
0.86,5.377e-039
0.865,4.0416e-038
0.87,2.8663e-037
0.875,1.9218e-036
0.88,1.2205e-035
0.885,7.3555e-035
0.89,4.2139e-034
0.895,2.2987e-033
0.9,1.1959e-032
0.905,5.9437e-032
0.91,2.826e-031
0.915,1.2873e-030
0.92,5.6257e-030
0.925,2.3619e-029
0.93,9.5382e-029
0.935,3.7098e-028
0.94,1.3913e-027
0.945,5.0372e-027
0.95,1.7625e-026
0.955,5.9663e-026
0.96,1.9559e-025
0.965,6.2162e-025
0.97,1.917e-024
0.975,5.7417e-024
0.98,1.6718e-023
0.985,4.7358e-023
0.99,1.3064e-022
0.995,3.5117e-022
1,9.2067e-022
1.005,2.3558e-021
1.01,5.8876e-021
1.015,1.4381e-020
1.02,3.4357e-020
1.025,8.033e-020
1.03,1.8392e-019
1.035,4.1264e-019
1.04,9.0767e-019
1.045,1.9586e-018
1.05,4.1485e-018
1.055,8.629e-018
1.06,1.7636e-017
1.065,3.5432e-017
1.07,7.0013e-017
1.075,1.3613e-016
1.08,2.6055e-016
1.085,4.9112e-016
1.09,9.121e-016
1.095,1.6696e-015
1.1,3.0136e-015
1.105,5.3656e-015
1.11,9.4269e-015
1.115,1.6349e-014
1.12,2.7999e-014
1.125,4.7365e-014
1.13,7.9176e-014
1.135,1.3082e-013
1.14,2.1372e-013
1.145,3.4531e-013
1.15,5.5198e-013
1.155,8.7316e-013
1.16,1.3672e-012
1.165,2.1196e-012
1.17,3.2546e-012
1.175,4.9502e-012
1.18,7.4606e-012
1.185,1.1144e-011
1.19,1.65e-011
1.195,2.4225e-011
1.2,3.5272e-011
1.205,5.0943e-011
1.21,7.2997e-011
1.215,1.038e-010
1.22,1.4649e-010
1.225,2.0524e-010
1.23,2.855e-010
1.235,3.9439e-010
1.24,5.4112e-010
1.245,7.3753e-010
1.25,9.9873e-010
1.255,1.3439e-009
1.26,1.7973e-009
1.265,2.3892e-009
1.27,3.1574e-009
1.275,4.1488e-009
1.28,5.4209e-009
1.285,7.0444e-009
1.29,9.1052e-009
1.295,1.1708e-008
1.3,1.4977e-008
1.305,1.9065e-008
1.31,2.415e-008
1.315,3.0447e-008
1.32,3.8207e-008
1.325,4.7728e-008
1.33,5.9357e-008
1.335,7.3499e-008
1.34,9.0626e-008
1.345,1.1128e-007
1.35,1.3609e-007
1.355,1.6578e-007
1.36,2.0115e-007
1.365,2.4315e-007
1.37,2.9284e-007
1.375,3.514e-007
1.38,4.2017e-007
1.385,5.0067e-007
1.39,5.9457e-007
1.395,7.0374e-007
1.4,8.3025e-007
1.405,9.764e-007
1.41,1.1447e-006
1.415,1.3379e-006
1.42,1.5591e-006
1.425,1.8116e-006
1.43,2.099e-006
1.435,2.4252e-006
1.44,2.7944e-006
1.445,3.2112e-006
1.45,3.6805e-006
1.455,4.2076e-006
1.46,4.7981e-006
1.465,5.458e-006
1.47,6.1937e-006
1.475,7.012e-006
1.48,7.9201e-006
1.485,8.9255e-006
1.49,1.0036e-005
1.495,1.1261e-005
1.5,1.2608e-005
1.505,1.4086e-005
1.51,1.5706e-005
1.515,1.7477e-005
1.52,1.941e-005
1.525,2.1515e-005
1.53,2.3803e-005
1.535,2.6286e-005
1.54,2.8975e-005
1.545,3.1883e-005
1.55,3.5021e-005
1.555,3.8403e-005
1.56,4.204e-005
1.565,4.5947e-005
1.57,5.0136e-005
1.575,5.462e-005
1.58,5.9414e-005
1.585,6.453e-005
1.59,6.9982e-005
1.595,7.5784e-005
1.6,8.1949e-005
1.605,8.8492e-005
1.61,9.5425e-005
1.615,0.00010276
1.62,0.00011052
1.625,0.0001187
1.63,0.00012733
1.635,0.00013641
1.64,0.00014596
1.645,0.000156
1.65,0.00016652
1.655,0.00017755
1.66,0.00018909
1.665,0.00020116
1.67,0.00021376
1.675,0.0002269
1.68,0.0002406
1.685,0.00025486
1.69,0.00026969
1.695,0.00028509
1.7,0.00030108
1.705,0.00031766
1.71,0.00033483
1.715,0.0003526
1.72,0.00037097
1.725,0.00038996
1.73,0.00040954
1.735,0.00042974
1.74,0.00045056
1.745,0.00047198
1.75,0.00049402
1.755,0.00051667
1.76,0.00053993
1.765,0.0005638
1.77,0.00058827
1.775,0.00061334
1.78,0.00063901
1.785,0.00066527
1.79,0.00069212
1.795,0.00071955
1.8,0.00074755
1.805,0.00077612
1.81,0.00080525
1.815,0.00083492
1.82,0.00086514
1.825,0.00089589
1.83,0.00092716
1.835,0.00095895
1.84,0.00099123
1.845,0.001024
1.85,0.0010573
1.855,0.001091
1.86,0.0011252
1.865,0.0011598
1.87,0.0011949
1.875,0.0012304
1.88,0.0012663
1.885,0.0013026
1.89,0.0013393
1.895,0.0013763
1.9,0.0014138
1.905,0.0014516
1.91,0.0014897
1.915,0.0015282
1.92,0.001567
1.925,0.0016061
1.93,0.0016456
1.935,0.0016853
1.94,0.0017254
1.945,0.0017658
1.95,0.0018064
1.955,0.0018474
1.96,0.0018886
1.965,0.0019301
1.97,0.0019719
1.975,0.002014
1.98,0.0020564
1.985,0.0020991
1.99,0.0021421
1.995,0.0021854
2,0.0022291
2.005,0.0022731
2.01,0.0023175
2.015,0.0023622
2.02,0.0024074
2.025,0.0024529
2.03,0.0024989
2.035,0.0025454
2.04,0.0025923
2.045,0.0026398
2.05,0.0026879
2.055,0.0027366
2.06,0.0027859
2.065,0.0028359
2.07,0.0028867
2.075,0.0029382
2.08,0.0029906
2.085,0.0030438
2.09,0.0030981
2.095,0.0031533
2.1,0.0032097
2.105,0.0032671
2.11,0.0033259
2.115,0.0033859
2.12,0.0034473
2.125,0.0035102
2.13,0.0035746
2.135,0.0036407
2.14,0.0037085
2.145,0.0037782
2.15,0.0038498
2.155,0.0039235
2.16,0.0039993
2.165,0.0040774
2.17,0.0041578
2.175,0.0042408
2.18,0.0043263
2.185,0.0044146
2.19,0.0045057
2.195,0.0045999
2.2,0.0046971
2.205,0.0047976
2.21,0.0049014
2.215,0.0050087
2.22,0.0051196
2.225,0.0052342
2.23,0.0053527
2.235,0.0054752
2.24,0.0056018
2.245,0.0057325
2.25,0.0058676
2.255,0.006007
2.26,0.0061509
2.265,0.0062994
2.27,0.0064526
2.275,0.0066103
2.28,0.0067729
2.285,0.0069401
2.29,0.0071121
2.295,0.0072888
2.3,0.0074702
2.305,0.0076562
2.31,0.0078467
2.315,0.0080417
2.32,0.0082409
2.325,0.0084442
2.33,0.0086514
2.335,0.0088623
2.34,0.0090764
2.345,0.0092936
2.35,0.0095135
2.355,0.0097356
2.36,0.0099596
2.365,0.010185
2.37,0.010411
2.375,0.010637
2.38,0.010863
2.385,0.011089
2.39,0.011312
2.395,0.011533
2.4,0.011751
2.405,0.011965
2.41,0.012175
2.415,0.012379
2.42,0.012577
2.425,0.012769
2.43,0.012952
2.435,0.013127
2.44,0.013292
2.445,0.013447
2.45,0.013592
2.455,0.013725
2.46,0.013846
2.465,0.013954
2.47,0.014048
2.475,0.01413
2.48,0.014196
2.485,0.014249
2.49,0.014286
2.495,0.014309
2.5,0.014316
2.505,0.014312
2.51,0.014297
2.515,0.014273
2.52,0.01424
2.525,0.014198
2.53,0.014146
2.535,0.014086
2.54,0.014016
2.545,0.013939
2.55,0.013853
2.555,0.013759
2.56,0.013657
2.565,0.013548
2.57,0.013432
2.575,0.01331
2.58,0.013181
2.585,0.013046
2.59,0.012906
2.595,0.01276
2.6,0.01261
2.605,0.012456
2.61,0.012298
2.615,0.012136
2.62,0.011971
2.625,0.011803
2.63,0.011633
2.635,0.011461
2.64,0.011287
2.645,0.011112
2.65,0.010936
2.655,0.010759
2.66,0.010582
2.665,0.010406
2.67,0.010229
2.675,0.010053
2.68,0.0098779
2.685,0.0097039
2.69,0.0095311
2.695,0.0093599
2.7,0.0091905
2.705,0.0090229
2.71,0.0088574
2.715,0.0086941
2.72,0.0085332
2.725,0.0083747
2.73,0.0082189
2.735,0.0080657
2.74,0.0079153
2.745,0.0077677
2.75,0.0076231
2.755,0.0074814
2.76,0.0073427
2.765,0.007207
2.77,0.0070743
2.775,0.0069447
2.78,0.0068182
2.785,0.0066948
2.79,0.0065743
2.795,0.0064569
2.8,0.0063426
2.805,0.0062312
2.81,0.0061227
2.815,0.0060172
2.82,0.0059146
2.825,0.0058147
2.83,0.0057177
2.835,0.0056234
2.84,0.0055318
2.845,0.0054429
2.85,0.0053565
2.855,0.0052727
2.86,0.0051913
2.865,0.0051123
2.87,0.0050357
2.875,0.0049614
2.88,0.0048894
2.885,0.0048195
2.89,0.0047517
2.895,0.004686
2.9,0.0046222
2.905,0.0045605
2.91,0.0045006
2.915,0.0044425
2.92,0.0043862
2.925,0.0043317
2.93,0.0042788
2.935,0.0042275
2.94,0.0041777
2.945,0.0041295
2.95,0.0040827
2.955,0.0040373
2.96,0.0039933
2.965,0.0039506
2.97,0.0039091
2.975,0.0038689
2.98,0.0038298
2.985,0.0037919
2.99,0.0037551
2.995,0.0037193
3,0.0036845
3.005,0.0036507
3.01,0.0036178
3.015,0.0035859
3.02,0.0035547
3.025,0.0035245
3.03,0.003495
3.035,0.0034662
3.04,0.0034383
3.045,0.003411
3.05,0.0033844
3.055,0.0033584
3.06,0.0033331
3.065,0.0033083
3.07,0.0032841
3.075,0.0032605
3.08,0.0032374
3.085,0.0032148
3.09,0.0031926
3.095,0.003171
3.1,0.0031497
3.105,0.0031289
3.11,0.0031085
3.115,0.0030885
3.12,0.0030688
3.125,0.0030495
3.13,0.0030305
3.135,0.0030118
3.14,0.0029935
3.145,0.0029754
3.15,0.0029576
3.155,0.0029401
3.16,0.0029228
3.165,0.0029058
3.17,0.002889
3.175,0.0028724
3.18,0.0028561
3.185,0.0028399
3.19,0.002824
3.195,0.0028082
3.2,0.0027926
3.205,0.0027772
3.21,0.0027619
3.215,0.0027468
3.22,0.0027318
3.225,0.002717
3.23,0.0027023
3.235,0.0026878
3.24,0.0026734
3.245,0.0026591
3.25,0.0026449
3.255,0.0026308
3.26,0.0026168
3.265,0.002603
3.27,0.0025892
3.275,0.0025756
3.28,0.002562
3.285,0.0025485
3.29,0.0025352
3.295,0.0025219
3.3,0.0025086
3.305,0.0024955
3.31,0.0024825
3.315,0.0024695
3.32,0.0024566
3.325,0.0024438
3.33,0.002431
3.335,0.0024183
3.34,0.0024057
3.345,0.0023932
3.35,0.0023807
3.355,0.0023683
3.36,0.0023559
3.365,0.0023437
3.37,0.0023314
3.375,0.0023193
3.38,0.0023072
3.385,0.0022951
3.39,0.0022831
3.395,0.0022712
3.4,0.0022593
3.405,0.0022475
3.41,0.0022358
3.415,0.0022241
3.42,0.0022125
3.425,0.0022009
3.43,0.0021893
3.435,0.0021779
3.44,0.0021664
3.445,0.0021551
3.45,0.0021438
3.455,0.0021325
3.46,0.0021213
3.465,0.0021102
3.47,0.0020991
3.475,0.002088
3.48,0.002077
3.485,0.0020661
3.49,0.0020552
3.495,0.0020444
3.5,0.0020336
3.505,0.0020229
3.51,0.0020122
3.515,0.0020016
3.52,0.001991
3.525,0.0019804
3.53,0.00197
3.535,0.0019596
3.54,0.0019492
3.545,0.0019389
3.55,0.0019286
3.555,0.0019184
3.56,0.0019082
3.565,0.0018981
3.57,0.001888
3.575,0.001878
3.58,0.001868
3.585,0.0018581
3.59,0.0018482
3.595,0.0018384
3.6,0.0018286
3.605,0.0018189
3.61,0.0018092
3.615,0.0017996
3.62,0.00179
3.625,0.0017805
3.63,0.001771
3.635,0.0017616
3.64,0.0017522
3.645,0.0017429
3.65,0.0017336
3.655,0.0017244
3.66,0.0017152
3.665,0.001706
3.67,0.0016969
3.675,0.0016879
3.68,0.0016789
3.685,0.0016699
3.69,0.001661
3.695,0.0016522
3.7,0.0016434
3.705,0.0016346
3.71,0.0016259
3.715,0.0016172
3.72,0.0016086
3.725,0.0016
3.73,0.0015915
3.735,0.001583
3.74,0.0015745
3.745,0.0015661
3.75,0.0015578
3.755,0.0015494
3.76,0.0015412
3.765,0.001533
3.77,0.0015248
3.775,0.0015166
3.78,0.0015086
3.785,0.0015005
3.79,0.0014925
3.795,0.0014845
3.8,0.0014766
3.805,0.0014688
3.81,0.0014609
3.815,0.0014531
3.82,0.0014454
3.825,0.0014377
3.83,0.00143
3.835,0.0014224
3.84,0.0014148
3.845,0.0014073
3.85,0.0013998
3.855,0.0013924
3.86,0.0013849
3.865,0.0013776
3.87,0.0013702
3.875,0.0013629
3.88,0.0013557
3.885,0.0013485
3.89,0.0013413
3.895,0.0013342
3.9,0.0013271
3.905,0.00132
3.91,0.001313
3.915,0.0013061
3.92,0.0012991
3.925,0.0012922
3.93,0.0012854
3.935,0.0012786
3.94,0.0012718
3.945,0.001265
3.95,0.0012583
3.955,0.0012517
3.96,0.001245
3.965,0.0012384
3.97,0.0012319
3.975,0.0012254
3.98,0.0012189
3.985,0.0012124
3.99,0.001206
3.995,0.0011997
4,0.0011933
4.005,0.001187
4.01,0.0011807
4.015,0.0011745
4.02,0.0011683
4.025,0.0011622
4.03,0.001156
4.035,0.0011499
4.04,0.0011439
4.045,0.0011379
4.05,0.0011319
4.055,0.0011259
4.06,0.00112
4.065,0.0011141
4.07,0.0011082
4.075,0.0011024
4.08,0.0010966
4.085,0.0010909
4.09,0.0010852
4.095,0.0010795
4.1,0.0010738
4.105,0.0010682
4.11,0.0010626
4.115,0.001057
4.12,0.0010515
4.125,0.001046
4.13,0.0010405
4.135,0.0010351
4.14,0.0010297
4.145,0.0010243
4.15,0.001019
4.155,0.0010136
4.16,0.0010084
4.165,0.0010031
4.17,0.00099788
4.175,0.00099269
4.18,0.00098752
4.185,0.00098238
4.19,0.00097728
4.195,0.0009722
4.2,0.00096715
4.205,0.00096213
4.21,0.00095714
4.215,0.00095218
4.22,0.00094724
4.225,0.00094234
4.23,0.00093746
4.235,0.00093261
4.24,0.00092779
4.245,0.00092299
4.25,0.00091822
4.255,0.00091348
4.26,0.00090877
4.265,0.00090408
4.27,0.00089942
4.275,0.00089478
4.28,0.00089018
4.285,0.0008856
4.29,0.00088104
4.295,0.00087651
4.3,0.00087201
4.305,0.00086753
4.31,0.00086308
4.315,0.00085865
4.32,0.00085425
4.325,0.00084987
4.33,0.00084552
4.335,0.00084119
4.34,0.00083689
4.345,0.00083261
4.35,0.00082836
4.355,0.00082413
4.36,0.00081993
4.365,0.00081575
4.37,0.00081159
4.375,0.00080745
4.38,0.00080334
4.385,0.00079926
4.39,0.00079519
4.395,0.00079115
4.4,0.00078713
4.405,0.00078314
4.41,0.00077917
4.415,0.00077522
4.42,0.00077129
4.425,0.00076739
4.43,0.0007635
4.435,0.00075964
4.44,0.0007558
4.445,0.00075199
4.45,0.00074819
4.455,0.00074442
4.46,0.00074066
4.465,0.00073693
4.47,0.00073322
4.475,0.00072953
4.48,0.00072587
4.485,0.00072222
4.49,0.00071859
4.495,0.00071499
4.5,0.0007114
4.505,0.00070783
4.51,0.00070429
4.515,0.00070076
4.52,0.00069726
4.525,0.00069377
4.53,0.00069031
4.535,0.00068686
4.54,0.00068343
4.545,0.00068002
4.55,0.00067664
4.555,0.00067327
4.56,0.00066992
4.565,0.00066658
4.57,0.00066327
4.575,0.00065998
4.58,0.0006567
4.585,0.00065345
4.59,0.00065021
4.595,0.00064699
4.6,0.00064378
4.605,0.0006406
4.61,0.00063743
4.615,0.00063428
4.62,0.00063115
4.625,0.00062804
4.63,0.00062494
4.635,0.00062186
4.64,0.0006188
4.645,0.00061576
4.65,0.00061273
4.655,0.00060972
4.66,0.00060672
4.665,0.00060375
4.67,0.00060079
4.675,0.00059784
4.68,0.00059492
4.685,0.000592
4.69,0.00058911
4.695,0.00058623
4.7,0.00058337
4.705,0.00058052
4.71,0.00057769
4.715,0.00057488
4.72,0.00057208
4.725,0.00056929
4.73,0.00056652
4.735,0.00056377
4.74,0.00056103
4.745,0.00055831
4.75,0.0005556
4.755,0.00055291
4.76,0.00055023
4.765,0.00054757
4.77,0.00054492
4.775,0.00054229
4.78,0.00053967
4.785,0.00053707
4.79,0.00053448
4.795,0.0005319
4.8,0.00052934
4.805,0.00052679
4.81,0.00052426
4.815,0.00052174
4.82,0.00051924
4.825,0.00051675
4.83,0.00051427
4.835,0.0005118
4.84,0.00050935
4.845,0.00050692
4.85,0.00050449
4.855,0.00050208
4.86,0.00049969
4.865,0.0004973
4.87,0.00049493
4.875,0.00049257
4.88,0.00049023
4.885,0.0004879
4.89,0.00048558
4.895,0.00048327
4.9,0.00048098
4.905,0.0004787
4.91,0.00047643
4.915,0.00047417
4.92,0.00047193
4.925,0.00046969
4.93,0.00046747
4.935,0.00046527
4.94,0.00046307
4.945,0.00046089
4.95,0.00045871
4.955,0.00045655
4.96,0.00045441
4.965,0.00045227
4.97,0.00045014
4.975,0.00044803
4.98,0.00044593
4.985,0.00044384
4.99,0.00044176
4.995,0.00043969
5,0.00043763
5.005,0.00043559
5.01,0.00043355
5.015,0.00043153
5.02,0.00042952
5.025,0.00042751
5.03,0.00042552
5.035,0.00042354
5.04,0.00042157
5.045,0.00041961
5.05,0.00041766
5.055,0.00041573
5.06,0.0004138
5.065,0.00041188
5.07,0.00040997
5.075,0.00040808
5.08,0.00040619
5.085,0.00040431
5.09,0.00040245
5.095,0.00040059
5.1,0.00039874
5.105,0.00039691
5.11,0.00039508
5.115,0.00039326
5.12,0.00039145
5.125,0.00038966
5.13,0.00038787
5.135,0.00038609
5.14,0.00038432
5.145,0.00038256
5.15,0.00038081
5.155,0.00037907
5.16,0.00037734
5.165,0.00037561
5.17,0.0003739
5.175,0.0003722
5.18,0.0003705
5.185,0.00036881
5.19,0.00036714
5.195,0.00036547
5.2,0.00036381
5.205,0.00036216
5.21,0.00036051
5.215,0.00035888
5.22,0.00035725
5.225,0.00035564
5.23,0.00035403
5.235,0.00035243
5.24,0.00035084
5.245,0.00034925
5.25,0.00034768
5.255,0.00034611
5.26,0.00034456
5.265,0.00034301
5.27,0.00034146
5.275,0.00033993
5.28,0.0003384
5.285,0.00033689
5.29,0.00033538
5.295,0.00033387
5.3,0.00033238
5.305,0.00033089
5.31,0.00032942
5.315,0.00032794
5.32,0.00032648
5.325,0.00032503
5.33,0.00032358
5.335,0.00032214
5.34,0.0003207
5.345,0.00031928
5.35,0.00031786
5.355,0.00031645
5.36,0.00031505
5.365,0.00031365
5.37,0.00031226
5.375,0.00031088
5.38,0.0003095
5.385,0.00030814
5.39,0.00030678
5.395,0.00030542
5.4,0.00030408
5.405,0.00030274
5.41,0.0003014
5.415,0.00030008
5.42,0.00029876
5.425,0.00029745
5.43,0.00029614
5.435,0.00029484
5.44,0.00029355
5.445,0.00029226
5.45,0.00029099
5.455,0.00028971
5.46,0.00028845
5.465,0.00028719
5.47,0.00028593
5.475,0.00028469
5.48,0.00028345
5.485,0.00028221
5.49,0.00028099
5.495,0.00027976
5.5,0.00027855
5.505,0.00027734
5.51,0.00027614
5.515,0.00027494
5.52,0.00027375
5.525,0.00027257
5.53,0.00027139
5.535,0.00027021
5.54,0.00026905
5.545,0.00026789
5.55,0.00026673
5.555,0.00026558
5.56,0.00026444
5.565,0.0002633
5.57,0.00026217
5.575,0.00026104
5.58,0.00025992
5.585,0.00025881
5.59,0.0002577
5.595,0.0002566
5.6,0.0002555
5.605,0.00025441
5.61,0.00025332
5.615,0.00025224
5.62,0.00025116
5.625,0.00025009
5.63,0.00024902
5.635,0.00024796
5.64,0.00024691
5.645,0.00024586
5.65,0.00024482
5.655,0.00024378
5.66,0.00024274
5.665,0.00024171
5.67,0.00024069
5.675,0.00023967
5.68,0.00023866
5.685,0.00023765
5.69,0.00023665
5.695,0.00023565
5.7,0.00023465
5.705,0.00023366
5.71,0.00023268
5.715,0.0002317
5.72,0.00023073
5.725,0.00022976
5.73,0.00022879
5.735,0.00022783
5.74,0.00022688
5.745,0.00022593
5.75,0.00022498
5.755,0.00022404
5.76,0.00022311
5.765,0.00022218
5.77,0.00022125
5.775,0.00022033
5.78,0.00021941
5.785,0.00021849
5.79,0.00021758
5.795,0.00021668
5.8,0.00021578
5.805,0.00021488
5.81,0.00021399
5.815,0.00021311
5.82,0.00021222
5.825,0.00021134
5.83,0.00021047
5.835,0.0002096
5.84,0.00020873
5.845,0.00020787
5.85,0.00020702
5.855,0.00020616
5.86,0.00020531
5.865,0.00020447
5.87,0.00020363
5.875,0.00020279
5.88,0.00020196
5.885,0.00020113
5.89,0.00020031
5.895,0.00019949
5.9,0.00019867
5.905,0.00019786
5.91,0.00019705
5.915,0.00019624
5.92,0.00019544
5.925,0.00019464
5.93,0.00019385
5.935,0.00019306
5.94,0.00019228
5.945,0.00019149
5.95,0.00019072
5.955,0.00018994
5.96,0.00018917
5.965,0.0001884
5.97,0.00018764
5.975,0.00018688
5.98,0.00018612
5.985,0.00018537
5.99,0.00018462
5.995,0.00018388
6,0.00018313
6.005,0.0001824
6.01,0.00018166
6.015,0.00018093
6.02,0.0001802
6.025,0.00017948
6.03,0.00017876
6.035,0.00017804
6.04,0.00017733
6.045,0.00017662
6.05,0.00017591
6.055,0.0001752
6.06,0.0001745
6.065,0.00017381
6.07,0.00017311
6.075,0.00017242
6.08,0.00017173
6.085,0.00017105
6.09,0.00017037
6.095,0.00016969
6.1,0.00016901
6.105,0.00016834
6.11,0.00016767
6.115,0.00016701
6.12,0.00016635
6.125,0.00016569
6.13,0.00016503
6.135,0.00016438
6.14,0.00016373
6.145,0.00016308
6.15,0.00016244
6.155,0.0001618
6.16,0.00016116
6.165,0.00016053
6.17,0.00015989
6.175,0.00015926
6.18,0.00015864
6.185,0.00015802
6.19,0.0001574
6.195,0.00015678
6.2,0.00015616
6.205,0.00015555
6.21,0.00015494
6.215,0.00015434
6.22,0.00015373
6.225,0.00015313
6.23,0.00015254
6.235,0.00015194
6.24,0.00015135
6.245,0.00015076
6.25,0.00015017
6.255,0.00014959
6.26,0.00014901
6.265,0.00014843
6.27,0.00014785
6.275,0.00014728
6.28,0.00014671
