0,NaN
2.5484e-006,0
1.0194e-005,0
2.2936e-005,0
4.0775e-005,0
6.371e-005,0
9.1743e-005,0
0.00012487,0
0.0001631,0
0.00020642,0
0.00025484,0
0.00030836,0
0.00036697,0
0.00043068,0
0.00049949,0
0.00057339,0
0.0006524,0
0.00073649,0
0.00082569,0
0.00091998,0
0.0010194,0
0.0011239,0
0.0012334,0
0.0013481,5.948e-298
0.0014679,1.457e-250
0.0015928,4.1298e-212
0.0017227,1.1943e-180
0.0018578,1.0374e-154
0.001998,3.5772e-133
0.0021432,3.5844e-115
0.0022936,4.9124e-100
0.002449,3.1069e-087
0.0026096,2.3741e-076
0.0027752,4.7217e-067
0.002946,4.5273e-059
0.0031218,3.4444e-052
0.0033028,3.1189e-046
0.0034888,4.6838e-041
0.0036799,1.5328e-036
0.0038761,1.3701e-032
0.0040775,4.036e-029
0.0042839,4.5841e-026
0.0044954,2.29e-023
0.004712,5.6217e-021
0.0049337,7.4498e-019
0.0051606,5.7716e-017
0.0053925,2.798e-015
0.0056295,8.9968e-014
0.0058716,2.017e-012
0.0061188,3.2914e-011
0.006371,4.0575e-010
0.0066284,3.9024e-009
0.0068909,3.0114e-008
0.0071585,1.9105e-007
0.0074312,1.018e-006
0.007709,4.6415e-006
0.0079918,1.8408e-005
0.0082798,6.4425e-005
0.0085729,0.00020153
0.008871,0.00056981
0.0091743,0.0014709
0.0094827,0.003497
0.0097961,0.0077185
0.010115,0.015926
0.010438,0.030915
0.010767,0.056771
0.011101,0.09912
0.01144,0.16528
0.011784,0.2643
0.012133,0.40675
0.012487,0.60445
0.012847,0.86992
0.013211,1.2158
0.013581,1.6539
0.013955,2.1951
0.014335,2.8478
0.01472,3.6181
0.01511,4.5091
0.015505,5.5205
0.015905,6.649
0.01631,7.8878
0.01672,9.2275
0.017136,10.656
0.017556,12.159
0.017982,13.721
0.018412,15.325
0.018848,16.954
0.019289,18.591
0.019735,20.219
0.020186,21.822
0.020642,23.385
0.021103,24.894
0.02157,26.338
0.022041,27.707
0.022518,28.99
0.022999,30.182
0.023486,31.278
0.023978,32.272
0.024475,33.163
0.024977,33.95
0.025484,34.632
0.025996,35.212
0.026514,35.69
0.027036,36.07
0.027564,36.356
0.028096,36.551
0.028634,36.66
0.029177,36.688
0.029725,36.639
0.030278,36.519
0.030836,36.333
0.031399,36.086
0.031967,35.783
0.032541,35.43
0.033119,35.03
0.033703,34.59
0.034292,34.112
0.034885,33.603
0.035484,33.065
0.036088,32.502
0.036697,31.919
0.037311,31.318
0.037931,30.702
0.038555,30.076
0.039185,29.44
0.039819,28.798
0.040459,28.152
0.041103,27.504
0.041753,26.856
0.042408,26.21
0.043068,25.566
0.043733,24.927
0.044404,24.294
0.045079,23.667
0.045759,23.048
0.046445,22.438
0.047136,21.837
0.047831,21.246
0.048532,20.665
0.049238,20.095
0.049949,19.536
0.050665,18.988
0.051386,18.453
0.052113,17.929
0.052844,17.417
0.053581,16.918
0.054322,16.43
0.055069,15.955
0.055821,15.491
0.056577,15.04
0.057339,14.6
0.058107,14.172
0.058879,13.756
0.059656,13.352
0.060438,12.958
0.061226,12.576
0.062018,12.204
0.062816,11.844
0.063619,11.493
0.064427,11.153
0.06524,10.823
0.066058,10.503
0.066881,10.192
0.067709,9.8906
0.068542,9.5983
0.069381,9.3148
0.070224,9.0399
0.071073,8.7734
0.071927,8.5151
0.072785,8.2646
0.073649,8.0219
0.074518,7.7867
0.075392,7.5587
0.076272,7.3378
0.077156,7.1237
0.078045,6.9163
0.07894,6.7153
0.079839,6.5206
0.080744,6.3319
0.081654,6.1491
0.082569,5.9719
0.083489,5.8003
0.084414,5.634
0.085344,5.4729
0.086279,5.3168
0.08722,5.1656
0.088165,5.019
0.089116,4.877
0.090071,4.7393
0.091032,4.606
0.091998,4.4767
0.092969,4.3515
0.093945,4.2301
0.094926,4.1124
0.095912,3.9984
0.096904,3.8878
0.0979,3.7806
0.098902,3.6768
0.099908,3.576
0.10092,3.4784
0.10194,3.3837
0.10296,3.2919
0.10399,3.2028
0.10502,3.1165
0.10606,3.0327
0.1071,2.9515
0.10814,2.8727
0.1092,2.7962
0.11025,2.722
0.11132,2.6501
0.11239,2.5803
0.11346,2.5125
0.11454,2.4467
0.11562,2.3829
0.11671,2.321
0.1178,2.2608
0.1189,2.2025
0.12,2.1458
0.12111,2.0908
0.12222,2.0373
0.12334,1.9854
0.12447,1.935
0.1256,1.8861
0.12673,1.8385
0.12787,1.7924
0.12901,1.7475
0.13016,1.7039
0.13132,1.6615
0.13248,1.6204
0.13364,1.5803
0.13481,1.5415
0.13599,1.5037
0.13717,1.4669
0.13835,1.4312
0.13954,1.3964
0.14074,1.3627
0.14194,1.3298
0.14314,1.2979
0.14435,1.2668
0.14557,1.2366
0.14679,1.2072
0.14801,1.1786
0.14925,1.1508
0.15048,1.1237
0.15172,1.0974
0.15297,1.0717
0.15422,1.0468
0.15548,1.0225
0.15674,0.99881
0.158,0.97579
0.15928,0.95337
0.16055,0.93155
0.16183,0.9103
0.16312,0.8896
0.16441,0.86944
0.16571,0.8498
0.16701,0.83068
0.16832,0.81204
0.16963,0.79389
0.17095,0.7762
0.17227,0.75896
0.1736,0.74216
0.17493,0.72579
0.17627,0.70984
0.17761,0.69428
0.17896,0.67912
0.18032,0.66434
0.18167,0.64993
0.18304,0.63588
0.18441,0.62217
0.18578,0.60881
0.18716,0.59578
0.18854,0.58306
0.18993,0.57066
0.19133,0.55856
0.19272,0.54676
0.19413,0.53525
0.19554,0.52401
0.19695,0.51305
0.19837,0.50235
0.1998,0.4919
0.20123,0.48171
0.20266,0.47176
0.2041,0.46205
0.20555,0.45256
0.207,0.4433
0.20845,0.43426
0.20991,0.42544
0.21138,0.41682
0.21285,0.4084
0.21432,0.40017
0.2158,0.39214
0.21729,0.38429
0.21878,0.37663
0.22028,0.36914
0.22178,0.36182
0.22328,0.35467
0.22479,0.34769
0.22631,0.34086
0.22783,0.33419
0.22936,0.32767
0.23089,0.32129
0.23243,0.31506
0.23397,0.30897
0.23551,0.30301
0.23707,0.29719
0.23862,0.29149
0.24019,0.28593
0.24175,0.28048
0.24333,0.27515
0.2449,0.26995
0.24649,0.26485
0.24807,0.25987
0.24967,0.25499
0.25126,0.25022
