0,0
2.5484e-006,0
1.0194e-005,0
2.2936e-005,0
4.0775e-005,0
6.371e-005,0
9.1743e-005,0
0.00012487,0
0.0001631,0
0.00020642,0
0.00025484,0
0.00030836,0
0.00036697,0
0.00043068,0
0.00049949,0
0.00057339,0
0.0006524,0
0.00073649,0
0.00082569,0
0.00091998,0
0.0010194,1.2888e-280
0.0011239,5.9411e-230
0.0012334,4.6739e-190
0.0013481,2.6719e-158
0.0014679,9.0205e-133
0.0015928,4.5915e-112
0.0017227,3.9527e-095
0.0018578,3.5707e-081
0.001998,1.3633e-069
0.0021432,6.4408e-060
0.0022936,8.6855e-052
0.002449,6.4439e-045
0.0026096,4.4212e-039
0.0027752,4.2442e-034
0.002946,7.9494e-030
0.0031218,3.8012e-026
0.0033028,5.7745e-023
0.0034888,3.3331e-020
0.0036799,8.4701e-018
0.0038761,1.0704e-015
0.0040775,7.4433e-014
0.0042839,3.0998e-012
0.0044954,8.2996e-011
0.004712,1.5168e-009
0.0049337,1.9902e-008
0.0051606,1.9573e-007
0.0053925,1.4967e-006
0.0056295,9.1814e-006
0.0058716,4.6418e-005
0.0061188,0.00019794
0.006371,0.00072633
0.0066284,0.0023336
0.0068909,0.0066643
0.0071585,0.01714
0.0074312,0.04016
0.007709,0.086588
0.0079918,0.17331
0.0082798,0.32453
0.0085729,0.57246
0.008871,0.95696
0.0091743,1.5242
0.0094827,2.324
0.0097961,3.4067
0.010115,4.8189
0.010438,6.6001
0.010767,8.7788
0.011101,11.37
0.01144,14.375
0.011784,17.778
0.012133,21.549
0.012487,25.647
0.012847,30.017
0.013211,34.599
0.013581,39.326
0.013955,44.128
0.014335,48.938
0.01472,53.689
0.01511,58.319
0.015505,62.774
0.015905,67.004
0.01631,70.969
0.01672,74.635
0.017136,77.978
0.017556,80.978
0.017982,83.625
0.018412,85.914
0.018848,87.845
0.019289,89.425
0.019735,90.663
0.020186,91.572
0.020642,92.168
0.021103,92.468
0.02157,92.492
0.022041,92.26
0.022518,91.792
0.022999,91.109
0.023486,90.231
0.023978,89.18
0.024475,87.974
0.024977,86.631
0.025484,85.17
0.025996,83.607
0.026514,81.958
0.027036,80.237
0.027564,78.458
0.028096,76.633
0.028634,74.773
0.029177,72.889
0.029725,70.99
0.030278,69.083
0.030836,67.177
0.031399,65.279
0.031967,63.393
0.032541,61.525
0.033119,59.68
0.033703,57.861
0.034292,56.072
0.034885,54.316
0.035484,52.594
0.036088,50.909
0.036697,49.262
0.037311,47.654
0.037931,46.087
0.038555,44.561
0.039185,43.076
0.039819,41.633
0.040459,40.231
0.041103,38.871
0.041753,37.552
0.042408,36.273
0.043068,35.035
0.043733,33.836
0.044404,32.676
0.045079,31.553
0.045759,30.469
0.046445,29.42
0.047136,28.407
0.047831,27.429
0.048532,26.484
0.049238,25.572
0.049949,24.692
0.050665,23.843
0.051386,23.024
0.052113,22.234
0.052844,21.472
0.053581,20.737
0.054322,20.028
0.055069,19.345
0.055821,18.687
0.056577,18.052
0.057339,17.44
0.058107,16.851
0.058879,16.282
0.059656,15.734
0.060438,15.206
0.061226,14.697
0.062018,14.207
0.062816,13.734
0.063619,13.279
0.064427,12.839
0.06524,12.416
0.066058,12.008
0.066881,11.615
0.067709,11.235
0.068542,10.87
0.069381,10.517
0.070224,10.177
0.071073,9.8495
0.071927,9.5334
0.072785,9.2285
0.073649,8.9345
0.074518,8.6508
0.075392,8.3772
0.076272,8.1133
0.077156,7.8586
0.078045,7.6128
0.07894,7.3756
0.079839,7.1467
0.080744,6.9257
0.081654,6.7124
0.082569,6.5064
0.083489,6.3076
0.084414,6.1156
0.085344,5.9302
0.086279,5.751
0.08722,5.578
0.088165,5.4109
0.089116,5.2494
0.090071,5.0933
0.091032,4.9425
0.091998,4.7968
0.092969,4.6559
0.093945,4.5197
0.094926,4.388
0.095912,4.2606
0.096904,4.1375
0.0979,4.0183
0.098902,3.9031
0.099908,3.7917
0.10092,3.6838
0.10194,3.5794
0.10296,3.4784
0.10399,3.3807
0.10502,3.2861
0.10606,3.1944
0.1071,3.1057
0.10814,3.0199
0.1092,2.9367
0.11025,2.8561
0.11132,2.7781
0.11239,2.7025
0.11346,2.6292
0.11454,2.5582
0.11562,2.4894
0.11671,2.4227
0.1178,2.3581
0.1189,2.2954
0.12,2.2347
0.12111,2.1757
0.12222,2.1186
0.12334,2.0632
0.12447,2.0094
0.1256,1.9573
0.12673,1.9067
0.12787,1.8576
0.12901,1.8099
0.13016,1.7637
0.13132,1.7188
0.13248,1.6752
0.13364,1.6329
0.13481,1.5918
0.13599,1.5519
0.13717,1.5132
0.13835,1.4756
0.13954,1.439
0.14074,1.4035
0.14194,1.369
0.14314,1.3354
0.14435,1.3029
0.14557,1.2712
0.14679,1.2404
0.14801,1.2105
0.14925,1.1814
0.15048,1.1531
0.15172,1.1256
0.15297,1.0988
0.15422,1.0728
0.15548,1.0475
0.15674,1.0229
0.158,0.9989
0.15928,0.97559
0.16055,0.95291
0.16183,0.93084
0.16312,0.90935
0.16441,0.88844
0.16571,0.86808
0.16701,0.84826
0.16832,0.82897
0.16963,0.81018
0.17095,0.79188
0.17227,0.77405
0.1736,0.7567
0.17493,0.73979
0.17627,0.72331
0.17761,0.70727
0.17896,0.69163
0.18032,0.67639
0.18167,0.66154
0.18304,0.64707
0.18441,0.63296
0.18578,0.61921
0.18716,0.6058
0.18854,0.59273
0.18993,0.57998
0.19133,0.56755
0.19272,0.55543
0.19413,0.54361
0.19554,0.53208
0.19695,0.52083
0.19837,0.50986
0.1998,0.49916
0.20123,0.48871
0.20266,0.47852
0.2041,0.46857
0.20555,0.45887
0.207,0.44939
0.20845,0.44014
0.20991,0.43112
0.21138,0.4223
0.21285,0.4137
0.21432,0.4053
0.2158,0.39709
0.21729,0.38908
0.21878,0.38126
0.22028,0.37361
0.22178,0.36615
0.22328,0.35886
0.22479,0.35173
0.22631,0.34477
0.22783,0.33797
0.22936,0.33133
0.23089,0.32483
0.23243,0.31849
0.23397,0.31228
0.23551,0.30622
0.23707,0.30029
0.23862,0.2945
0.24019,0.28884
0.24175,0.2833
0.24333,0.27788
0.2449,0.27259
0.24649,0.26741
0.24807,0.26235
0.24967,0.2574
0.25126,0.25255
0.25287,0.24781
0.25448,0.24318
0.25609,0.23864
0.25771,0.23421
0.25933,0.22986
0.26096,0.22562
0.26259,0.22146
0.26423,0.21739
0.26587,0.21341
0.26752,0.20951
0.26918,0.2057
0.27084,0.20197
0.2725,0.19831
0.27417,0.19473
0.27584,0.19123
0.27752,0.1878
0.27921,0.18444
0.2809,0.18115
0.28259,0.17793
0.28429,0.17478
0.286,0.17169
0.28771,0.16866
0.28942,0.16569
0.29114,0.16279
0.29287,0.15995
0.2946,0.15716
0.29633,0.15443
0.29807,0.15175
0.29982,0.14913
0.30157,0.14656
0.30333,0.14404
0.30509,0.14158
0.30685,0.13916
0.30862,0.13679
0.3104,0.13446
0.31218,0.13218
0.31397,0.12995
0.31576,0.12776
0.31756,0.12562
0.31936,0.12351
0.32116,0.12145
0.32298,0.11942
0.32479,0.11744
0.32662,0.11549
0.32844,0.11358
0.33028,0.11171
0.33211,0.10988
0.33396,0.10807
0.3358,0.10631
0.33766,0.10457
0.33951,0.10287
0.34138,0.1012
0.34324,0.099568
0.34512,0.097962
0.347,0.096385
0.34888,0.094839
0.35077,0.093321
0.35266,0.091831
0.35456,0.090369
0.35646,0.088934
0.35837,0.087526
0.36029,0.086143
0.3622,0.084786
0.36413,0.083454
0.36606,0.082146
0.36799,0.080862
0.36993,0.079601
0.37188,0.078363
0.37383,0.077147
0.37578,0.075953
0.37774,0.074781
0.3797,0.07363
0.38167,0.072499
0.38365,0.071389
0.38563,0.070298
0.38761,0.069227
0.3896,0.068174
0.3916,0.06714
0.3936,0.066125
0.39561,0.065127
0.39762,0.064147
0.39963,0.063184
0.40165,0.062238
0.40368,0.061308
0.40571,0.060394
0.40775,0.059497
0.40979,0.058614
0.41183,0.057747
0.41389,0.056895
0.41594,0.056057
0.418,0.055234
0.42007,0.054425
0.42214,0.05363
0.42422,0.052848
0.4263,0.052079
0.42839,0.051324
0.43048,0.050581
0.43258,0.04985
0.43468,0.049132
0.43679,0.048426
0.4389,0.047732
0.44102,0.047049
0.44314,0.046378
0.44527,0.045718
0.4474,0.045068
0.44954,0.04443
0.45168,0.043802
0.45383,0.043184
0.45599,0.042576
0.45814,0.041979
0.46031,0.041391
0.46248,0.040812
0.46465,0.040244
0.46683,0.039684
0.46901,0.039133
0.4712,0.038591
0.4734,0.038058
0.4756,0.037534
0.4778,0.037018
0.48001,0.03651
0.48222,0.03601
0.48444,0.035519
0.48667,0.035035
0.4889,0.034558
0.49113,0.03409
0.49337,0.033628
0.49562,0.033174
0.49787,0.032727
0.50012,0.032287
0.50239,0.031854
0.50465,0.031428
0.50692,0.031008
0.5092,0.030595
0.51148,0.030188
0.51376,0.029788
0.51606,0.029393
0.51835,0.029005
0.52065,0.028623
0.52296,0.028246
0.52527,0.027876
0.52759,0.027511
0.52991,0.027151
0.53223,0.026797
0.53457,0.026449
0.5369,0.026106
0.53925,0.025767
0.54159,0.025434
0.54394,0.025106
0.5463,0.024783
0.54866,0.024465
0.55103,0.024151
0.5534,0.023843
0.55578,0.023538
0.55817,0.023239
0.56055,0.022943
0.56295,0.022652
0.56534,0.022366
0.56775,0.022083
0.57016,0.021805
0.57257,0.021531
0.57499,0.021261
0.57741,0.020995
0.57984,0.020732
0.58227,0.020474
0.58471,0.020219
0.58716,0.019968
0.5896,0.01972
0.59206,0.019476
0.59452,0.019236
0.59698,0.018999
0.59945,0.018766
0.60193,0.018535
0.60441,0.018309
0.60689,0.018085
0.60938,0.017864
0.61188,0.017647
0.61438,0.017433
0.61688,0.017221
0.61939,0.017013
0.62191,0.016808
0.62443,0.016605
0.62695,0.016406
0.62948,0.016209
0.63202,0.016015
0.63456,0.015823
0.6371,0.015635
0.63966,0.015449
0.64221,0.015265
0.64477,0.015084
0.64734,0.014906
0.64991,0.01473
0.65249,0.014556
0.65507,0.014385
0.65766,0.014216
0.66025,0.014049
0.66284,0.013885
0.66545,0.013723
0.66805,0.013563
0.67067,0.013405
0.67328,0.01325
0.6759,0.013096
0.67853,0.012945
0.68116,0.012795
0.6838,0.012648
0.68644,0.012503
0.68909,0.012359
0.69175,0.012218
0.6944,0.012078
0.69707,0.01194
0.69973,0.011804
0.70241,0.01167
0.70509,0.011538
0.70777,0.011407
0.71046,0.011278
0.71315,0.011151
0.71585,0.011026
0.71856,0.010902
0.72126,0.01078
0.72398,0.010659
0.7267,0.01054
0.72942,0.010422
0.73215,0.010306
0.73489,0.010192
0.73762,0.010079
0.74037,0.009967
0.74312,0.0098569
0.74587,0.0097482
0.74863,0.0096408
0.7514,0.0095349
0.75417,0.0094303
0.75694,0.009327
0.75972,0.0092251
0.76251,0.0091244
0.7653,0.0090251
0.7681,0.008927
0.7709,0.0088301
0.7737,0.0087344
0.77651,0.00864
0.77933,0.0085468
0.78215,0.0084547
0.78498,0.0083637
0.78781,0.008274
0.79064,0.0081853
0.79349,0.0080977
0.79633,0.0080113
0.79918,0.0079259
0.80204,0.0078416
0.8049,0.0077583
0.80777,0.007676
0.81064,0.0075948
0.81352,0.0075145
0.8164,0.0074353
0.81929,0.007357
0.82218,0.0072797
0.82508,0.0072033
0.82798,0.0071279
0.83089,0.0070533
0.8338,0.0069797
0.83672,0.006907
0.83964,0.0068352
0.84257,0.0067642
0.8455,0.0066941
0.84844,0.0066248
0.85139,0.0065564
0.85433,0.0064888
0.85729,0.006422
0.86025,0.006356
0.86321,0.0062908
0.86618,0.0062264
0.86915,0.0061627
0.87213,0.0060998
0.87512,0.0060376
0.87811,0.0059762
0.8811,0.0059155
0.8841,0.0058556
0.8871,0.0057963
0.89011,0.0057377
0.89313,0.0056799
0.89615,0.0056227
0.89917,0.0055662
0.9022,0.0055103
0.90524,0.0054551
0.90828,0.0054005
0.91133,0.0053466
0.91438,0.0052933
0.91743,0.0052406
0.92049,0.0051885
0.92356,0.0051371
0.92663,0.0050862
0.9297,0.0050359
0.93279,0.0049862
0.93587,0.004937
0.93896,0.0048885
0.94206,0.0048404
0.94516,0.004793
0.94827,0.004746
0.95138,0.0046997
0.9545,0.0046538
0.95762,0.0046084
0.96074,0.0045636
0.96388,0.0045193
0.96701,0.0044755
0.97016,0.0044322
0.9733,0.0043893
0.97646,0.004347
0.97961,0.0043051
0.98278,0.0042637
0.98594,0.0042227
0.98912,0.0041822
0.99229,0.0041422
0.99548,0.0041026
0.99866,0.0040635
1.0019,0.0040248
1.0051,0.0039865
1.0083,0.0039486
1.0115,0.0039112
1.0147,0.0038742
1.0179,0.0038375
1.0211,0.0038013
1.0244,0.0037655
1.0276,0.0037301
1.0308,0.003695
1.0341,0.0036604
1.0373,0.0036261
1.0406,0.0035922
1.0438,0.0035587
1.0471,0.0035255
1.0504,0.0034927
1.0536,0.0034603
1.0569,0.0034282
1.0602,0.0033964
1.0635,0.003365
1.0668,0.0033339
1.0701,0.0033032
1.0734,0.0032728
1.0767,0.0032427
1.08,0.0032129
1.0833,0.0031835
1.0867,0.0031544
1.09,0.0031255
1.0933,0.003097
1.0967,0.0030688
1.1,0.0030409
1.1034,0.0030133
1.1067,0.002986
1.1101,0.0029589
1.1135,0.0029322
1.1168,0.0029057
1.1202,0.0028795
1.1236,0.0028536
1.127,0.002828
1.1304,0.0028026
1.1338,0.0027775
1.1372,0.0027527
1.1406,0.0027281
1.144,0.0027037
1.1474,0.0026797
1.1508,0.0026558
1.1543,0.0026323
1.1577,0.0026089
1.1611,0.0025858
1.1646,0.002563
1.168,0.0025403
1.1715,0.0025179
1.1749,0.0024958
1.1784,0.0024739
1.1819,0.0024521
1.1853,0.0024307
1.1888,0.0024094
1.1923,0.0023883
1.1958,0.0023675
1.1993,0.0023469
1.2028,0.0023265
1.2063,0.0023063
1.2098,0.0022862
1.2133,0.0022664
1.2168,0.0022468
1.2203,0.0022274
1.2239,0.0022082
1.2274,0.0021892
1.231,0.0021704
1.2345,0.0021517
1.238,0.0021333
1.2416,0.002115
1.2452,0.0020969
1.2487,0.002079
1.2523,0.0020613
1.2559,0.0020438
1.2595,0.0020264
1.263,0.0020092
1.2666,0.0019921
1.2702,0.0019753
1.2738,0.0019586
1.2774,0.001942
1.281,0.0019257
1.2847,0.0019095
1.2883,0.0018934
1.2919,0.0018775
1.2955,0.0018618
1.2992,0.0018462
1.3028,0.0018308
1.3065,0.0018155
1.3101,0.0018003
1.3138,0.0017853
1.3174,0.0017705
1.3211,0.0017558
1.3248,0.0017412
1.3285,0.0017268
1.3321,0.0017126
1.3358,0.0016984
1.3395,0.0016844
1.3432,0.0016705
1.3469,0.0016568
1.3506,0.0016432
1.3543,0.0016297
1.3581,0.0016164
1.3618,0.0016032
1.3655,0.0015901
1.3692,0.0015771
1.373,0.0015643
1.3767,0.0015515
1.3805,0.0015389
1.3842,0.0015264
1.388,0.0015141
1.3917,0.0015018
1.3955,0.0014897
1.3993,0.0014777
1.4031,0.0014658
1.4069,0.001454
1.4106,0.0014423
1.4144,0.0014307
1.4182,0.0014193
1.422,0.0014079
1.4259,0.0013966
1.4297,0.0013855
1.4335,0.0013745
1.4373,0.0013635
1.4411,0.0013527
1.445,0.0013419
1.4488,0.0013313
1.4527,0.0013207
1.4565,0.0013103
1.4604,0.0013
1.4642,0.0012897
1.4681,0.0012795
1.472,0.0012695
1.4758,0.0012595
1.4797,0.0012496
1.4836,0.0012398
1.4875,0.0012301
1.4914,0.0012205
1.4953,0.001211
1.4992,0.0012015
1.5031,0.0011922
1.507,0.0011829
1.511,0.0011737
1.5149,0.0011646
1.5188,0.0011556
1.5228,0.0011467
1.5267,0.0011378
1.5306,0.001129
1.5346,0.0011203
1.5386,0.0011117
1.5425,0.0011032
1.5465,0.0010947
1.5505,0.0010863
1.5544,0.001078
1.5584,0.0010697
1.5624,0.0010616
1.5664,0.0010535
1.5704,0.0010455
1.5744,0.0010375
1.5784,0.0010296
1.5824,0.0010218
1.5864,0.0010141
1.5905,0.0010064
1.5945,0.00099877
1.5985,0.00099123
1.6026,0.00098376
1.6066,0.00097635
1.6107,0.000969
1.6147,0.00096172
1.6188,0.00095451
1.6228,0.00094735
1.6269,0.00094026
1.631,0.00093323
1.6351,0.00092627
1.6392,0.00091936
1.6432,0.00091251
1.6473,0.00090572
1.6514,0.000899
1.6555,0.00089233
1.6597,0.00088571
1.6638,0.00087916
1.6679,0.00087266
1.672,0.00086621
1.6761,0.00085983
1.6803,0.00085349
1.6844,0.00084722
1.6886,0.00084099
1.6927,0.00083482
1.6969,0.0008287
1.701,0.00082263
1.7052,0.00081662
1.7094,0.00081066
1.7136,0.00080474
1.7177,0.00079888
1.7219,0.00079307
1.7261,0.00078731
1.7303,0.00078159
1.7345,0.00077592
1.7387,0.00077031
1.7429,0.00076474
1.7472,0.00075921
1.7514,0.00075373
1.7556,0.0007483
1.7598,0.00074292
1.7641,0.00073758
1.7683,0.00073228
1.7726,0.00072703
1.7768,0.00072182
1.7811,0.00071666
1.7853,0.00071153
1.7896,0.00070646
1.7939,0.00070142
1.7982,0.00069642
1.8024,0.00069147
1.8067,0.00068656
1.811,0.00068169
1.8153,0.00067686
1.8196,0.00067207
1.8239,0.00066731
1.8283,0.0006626
1.8326,0.00065793
1.8369,0.00065329
1.8412,0.0006487
1.8456,0.00064414
1.8499,0.00063961
1.8543,0.00063513
1.8586,0.00063068
1.863,0.00062627
1.8673,0.00062189
1.8717,0.00061755
1.8761,0.00061324
1.8804,0.00060897
1.8848,0.00060474
1.8892,0.00060054
1.8936,0.00059637
1.898,0.00059224
1.9024,0.00058814
1.9068,0.00058407
1.9112,0.00058003
1.9156,0.00057603
1.92,0.00057206
1.9245,0.00056812
1.9289,0.00056422
1.9333,0.00056034
1.9378,0.0005565
1.9422,0.00055268
1.9467,0.0005489
1.9511,0.00054515
1.9556,0.00054143
1.9601,0.00053773
1.9645,0.00053407
1.969,0.00053043
1.9735,0.00052683
1.978,0.00052325
1.9825,0.0005197
1.987,0.00051618
1.9915,0.00051269
1.996,0.00050922
2.0005,0.00050578
2.005,0.00050237
2.0095,0.00049899
2.0141,0.00049563
2.0186,0.0004923
2.0231,0.00048899
2.0277,0.00048571
2.0322,0.00048246
2.0368,0.00047923
2.0413,0.00047603
2.0459,0.00047285
2.0505,0.0004697
2.0551,0.00046657
2.0596,0.00046346
2.0642,0.00046038
2.0688,0.00045732
2.0734,0.00045429
2.078,0.00045128
2.0826,0.00044829
2.0872,0.00044533
2.0918,0.00044239
2.0965,0.00043947
2.1011,0.00043658
2.1057,0.0004337
2.1103,0.00043085
2.115,0.00042802
2.1196,0.00042521
2.1243,0.00042243
2.1289,0.00041966
2.1336,0.00041692
2.1383,0.00041419
2.1429,0.00041149
2.1476,0.00040881
2.1523,0.00040615
2.157,0.00040351
2.1617,0.00040089
2.1664,0.00039828
2.1711,0.0003957
2.1758,0.00039314
2.1805,0.0003906
2.1852,0.00038807
2.1899,0.00038557
2.1947,0.00038308
2.1994,0.00038062
2.2041,0.00037817
2.2089,0.00037574
2.2136,0.00037332
2.2184,0.00037093
2.2231,0.00036855
2.2279,0.00036619
2.2327,0.00036385
2.2374,0.00036153
2.2422,0.00035922
2.247,0.00035694
2.2518,0.00035466
2.2566,0.00035241
2.2614,0.00035017
2.2662,0.00034795
2.271,0.00034574
2.2758,0.00034355
2.2806,0.00034138
2.2854,0.00033922
2.2903,0.00033708
2.2951,0.00033496
2.2999,0.00033285
2.3048,0.00033075
2.3096,0.00032867
2.3145,0.00032661
2.3194,0.00032456
2.3242,0.00032253
2.3291,0.00032051
2.334,0.0003185
2.3388,0.00031652
2.3437,0.00031454
2.3486,0.00031258
2.3535,0.00031063
2.3584,0.0003087
2.3633,0.00030678
2.3682,0.00030488
2.3732,0.00030299
2.3781,0.00030111
2.383,0.00029925
2.3879,0.0002974
2.3929,0.00029556
2.3978,0.00029374
2.4028,0.00029193
2.4077,0.00029013
2.4127,0.00028835
2.4176,0.00028657
2.4226,0.00028482
2.4276,0.00028307
2.4325,0.00028134
2.4375,0.00027961
2.4425,0.0002779
2.4475,0.00027621
2.4525,0.00027452
2.4575,0.00027285
2.4625,0.00027119
2.4675,0.00026954
2.4725,0.0002679
2.4776,0.00026628
2.4826,0.00026466
2.4876,0.00026306
2.4927,0.00026147
2.4977,0.00025989
2.5028,0.00025832
2.5078,0.00025676
2.5129,0.00025521
2.5179,0.00025367
2.523,0.00025215
2.5281,0.00025063
2.5332,0.00024913
2.5382,0.00024764
2.5433,0.00024615
2.5484,0.00024468
2.5535,0.00024322
2.5586,0.00024176
2.5637,0.00024032
2.5688,0.00023889
2.574,0.00023747
2.5791,0.00023605
2.5842,0.00023465
2.5894,0.00023326
2.5945,0.00023187
2.5996,0.0002305
2.6048,0.00022913
2.6099,0.00022778
2.6151,0.00022643
2.6203,0.0002251
2.6254,0.00022377
2.6306,0.00022245
2.6358,0.00022114
2.641,0.00021984
2.6462,0.00021855
2.6514,0.00021727
2.6566,0.000216
2.6618,0.00021473
2.667,0.00021347
2.6722,0.00021223
2.6774,0.00021099
2.6827,0.00020976
2.6879,0.00020853
2.6931,0.00020732
2.6984,0.00020611
2.7036,0.00020492
2.7089,0.00020373
2.7141,0.00020255
2.7194,0.00020137
2.7247,0.00020021
2.7299,0.00019905
2.7352,0.0001979
2.7405,0.00019676
2.7458,0.00019562
2.7511,0.0001945
2.7564,0.00019338
2.7617,0.00019226
2.767,0.00019116
2.7723,0.00019006
2.7776,0.00018897
2.7829,0.00018789
2.7883,0.00018682
2.7936,0.00018575
2.7989,0.00018469
2.8043,0.00018363
2.8096,0.00018259
2.815,0.00018155
2.8203,0.00018051
2.8257,0.00017949
2.8311,0.00017847
2.8365,0.00017746
2.8418,0.00017645
2.8472,0.00017545
2.8526,0.00017446
2.858,0.00017347
2.8634,0.00017249
2.8688,0.00017152
2.8742,0.00017055
2.8796,0.00016959
2.8851,0.00016864
2.8905,0.00016769
2.8959,0.00016675
2.9013,0.00016581
2.9068,0.00016488
2.9122,0.00016396
2.9177,0.00016304
2.9231,0.00016213
2.9286,0.00016123
2.9341,0.00016033
2.9395,0.00015943
2.945,0.00015855
2.9505,0.00015766
2.956,0.00015679
2.9615,0.00015592
2.967,0.00015505
2.9725,0.00015419
2.978,0.00015334
2.9835,0.00015249
2.989,0.00015165
2.9945,0.00015081
3.0001,0.00014998
3.0056,0.00014915
3.0111,0.00014833
3.0167,0.00014751
3.0222,0.0001467
3.0278,0.0001459
3.0333,0.0001451
3.0389,0.0001443
3.0445,0.00014351
3.05,0.00014273
3.0556,0.00014195
3.0612,0.00014117
3.0668,0.0001404
3.0724,0.00013964
3.078,0.00013888
3.0836,0.00013812
3.0892,0.00013737
3.0948,0.00013662
3.1004,0.00013588
3.1061,0.00013514
3.1117,0.00013441
3.1173,0.00013368
3.123,0.00013296
3.1286,0.00013224
3.1343,0.00013153
3.1399,0.00013082
3.1456,0.00013012
3.1512,0.00012941
3.1569,0.00012872
3.1626,0.00012803
3.1683,0.00012734
3.1739,0.00012666
3.1796,0.00012598
3.1853,0.0001253
3.191,0.00012463
3.1967,0.00012397
3.2024,0.0001233
3.2082,0.00012265
3.2139,0.00012199
3.2196,0.00012134
3.2253,0.0001207
3.2311,0.00012006
3.2368,0.00011942
3.2426,0.00011878
3.2483,0.00011815
3.2541,0.00011753
3.2598,0.00011691
3.2656,0.00011629
3.2714,0.00011567
3.2772,0.00011506
3.2829,0.00011446
3.2887,0.00011385
3.2945,0.00011325
3.3003,0.00011266
3.3061,0.00011207
3.3119,0.00011148
3.3177,0.00011089
3.3236,0.00011031
3.3294,0.00010973
3.3352,0.00010916
3.341,0.00010859
3.3469,0.00010802
3.3527,0.00010746
3.3586,0.0001069
3.3644,0.00010634
3.3703,0.00010579
3.3761,0.00010524
3.382,0.00010469
3.3879,0.00010415
3.3938,0.00010361
3.3997,0.00010307
3.4055,0.00010253
3.4114,0.000102
3.4173,0.00010148
3.4232,0.00010095
3.4292,0.00010043
3.4351,9.9913e-005
3.441,9.9399e-005
3.4469,9.8887e-005
3.4528,9.8378e-005
3.4588,9.7873e-005
3.4647,9.737e-005
3.4707,9.6871e-005
3.4766,9.6374e-005
3.4826,9.5881e-005
3.4885,9.539e-005
3.4945,9.4902e-005
3.5005,9.4417e-005
3.5064,9.3935e-005
3.5124,9.3456e-005
3.5184,9.298e-005
3.5244,9.2507e-005
3.5304,9.2036e-005
3.5364,9.1569e-005
3.5424,9.1104e-005
3.5484,9.0641e-005
3.5544,9.0182e-005
3.5605,8.9725e-005
3.5665,8.9271e-005
3.5725,8.882e-005
3.5786,8.8371e-005
3.5846,8.7925e-005
3.5906,8.7481e-005
3.5967,8.704e-005
3.6028,8.6602e-005
3.6088,8.6166e-005
3.6149,8.5733e-005
3.621,8.5303e-005
3.627,8.4874e-005
3.6331,8.4449e-005
3.6392,8.4026e-005
3.6453,8.3605e-005
3.6514,8.3187e-005
3.6575,8.2771e-005
3.6636,8.2358e-005
3.6697,8.1947e-005
3.6758,8.1538e-005
3.682,8.1132e-005
3.6881,8.0728e-005
3.6942,8.0327e-005
3.7004,7.9928e-005
3.7065,7.9531e-005
3.7127,7.9136e-005
3.7188,7.8744e-005
3.725,7.8354e-005
3.7311,7.7967e-005
3.7373,7.7581e-005
3.7435,7.7198e-005
3.7497,7.6817e-005
3.7559,7.6438e-005
3.762,7.6061e-005
3.7682,7.5687e-005
3.7744,7.5314e-005
3.7806,7.4944e-005
3.7869,7.4576e-005
3.7931,7.421e-005
3.7993,7.3846e-005
3.8055,7.3484e-005
3.8117,7.3124e-005
3.818,7.2767e-005
3.8242,7.2411e-005
3.8305,7.2057e-005
3.8367,7.1706e-005
3.843,7.1356e-005
3.8492,7.1009e-005
3.8555,7.0663e-005
3.8618,7.0319e-005
3.8681,6.9977e-005
3.8743,6.9638e-005
3.8806,6.93e-005
3.8869,6.8964e-005
3.8932,6.863e-005
3.8995,6.8297e-005
3.9058,6.7967e-005
3.9121,6.7639e-005
3.9185,6.7312e-005
3.9248,6.6987e-005
3.9311,6.6664e-005
3.9374,6.6343e-005
3.9438,6.6024e-005
3.9501,6.5706e-005
3.9565,6.5391e-005
3.9628,6.5077e-005
3.9692,6.4764e-005
3.9755,6.4454e-005
3.9819,6.4145e-005
3.9883,6.3838e-005
3.9947,6.3533e-005
4.001,6.3229e-005
4.0074,6.2927e-005
4.0138,6.2627e-005
4.0202,6.2328e-005
