0,0
0.005,0
0.01,0
0.015,0
0.02,0
0.025,0
0.03,0
0.035,0
0.04,0
0.045,0
0.05,0
0.055,0
0.06,0
0.065,0
0.07,0
0.075,0
0.08,0
0.085,0
0.09,0
0.095,0
0.1,0
0.105,0
0.11,0
0.115,9.7618e-300
0.12,2.4952e-252
0.125,7.3671e-214
0.13,2.2158e-182
0.135,1.9986e-156
0.14,7.1472e-135
0.145,7.4172e-117
0.15,1.0516e-101
0.155,6.8725e-089
0.16,5.4209e-078
0.165,1.1118e-068
0.17,1.0984e-060
0.175,8.6022e-054
0.18,8.0119e-048
0.185,1.2366e-042
0.19,4.1561e-038
0.195,3.8127e-034
0.2,1.152e-030
0.205,1.3411e-027
0.21,6.863e-025
0.215,1.7249e-022
0.22,2.339e-020
0.225,1.8533e-018
0.23,9.1841e-017
0.235,3.0173e-015
0.24,6.9083e-014
0.245,1.1508e-012
0.25,1.4476e-011
0.255,1.4201e-010
0.26,1.1174e-009
0.265,7.2253e-009
0.27,3.9226e-008
0.275,1.8216e-007
0.28,7.3557e-007
0.285,2.6203e-006
0.29,8.3405e-006
0.295,2.3989e-005
0.3,6.2972e-005
0.305,0.00015222
0.31,0.00034147
0.315,0.00071596
0.32,0.0014118
0.325,0.0026331
0.33,0.004668
0.335,0.007902
0.34,0.012824
0.345,0.020026
0.35,0.030192
0.355,0.044072
0.36,0.062461
0.365,0.086153
0.37,0.11591
0.375,0.1524
0.38,0.19621
0.385,0.24775
0.39,0.30726
0.395,0.37481
0.4,0.45027
0.405,0.53333
0.41,0.6235
0.415,0.72012
0.42,0.82242
0.425,0.92951
0.43,1.0404
0.435,1.1541
0.44,1.2696
0.445,1.3858
0.45,1.5018
0.455,1.6165
0.46,1.729
0.465,1.8386
0.47,1.9445
0.475,2.046
0.48,2.1426
0.485,2.2337
0.49,2.319
0.495,2.3983
0.5,2.4712
0.505,2.5377
0.51,2.5976
0.515,2.651
0.52,2.698
0.525,2.7385
0.53,2.7729
0.535,2.8011
0.54,2.8235
0.545,2.8404
0.55,2.8518
0.555,2.8582
0.56,2.8597
0.565,2.8568
0.57,2.8495
0.575,2.8384
0.58,2.8236
0.585,2.8054
0.59,2.784
0.595,2.7599
0.6,2.7331
0.605,2.704
0.61,2.6728
0.615,2.6397
0.62,2.6049
0.625,2.5686
0.63,2.5311
0.635,2.4925
0.64,2.4529
0.645,2.4126
0.65,2.3716
0.655,2.3301
0.66,2.2882
0.665,2.2461
0.67,2.2038
0.675,2.1615
0.68,2.1191
0.685,2.0769
0.69,2.0349
0.695,1.9931
0.7,1.9516
0.705,1.9105
0.71,1.8697
0.715,1.8295
0.72,1.7897
0.725,1.7504
0.73,1.7117
0.735,1.6735
0.74,1.636
0.745,1.599
0.75,1.5627
0.755,1.527
0.76,1.492
0.765,1.4576
0.77,1.4239
0.775,1.3909
0.78,1.3585
0.785,1.3268
0.79,1.2958
0.795,1.2654
0.8,1.2357
0.805,1.2066
0.81,1.1782
0.815,1.1504
0.82,1.1232
0.825,1.0967
0.83,1.0708
0.835,1.0455
0.84,1.0208
0.845,0.99664
0.85,0.9731
0.855,0.95012
0.86,0.9277
0.865,0.90582
0.87,0.88448
0.875,0.86366
0.88,0.84335
0.885,0.82355
0.89,0.80423
0.895,0.7854
0.9,0.76704
0.905,0.74914
0.91,0.73168
0.915,0.71466
0.92,0.69807
0.925,0.6819
0.93,0.66613
0.935,0.65076
0.94,0.63578
0.945,0.62117
0.95,0.60694
0.955,0.59306
0.96,0.57953
0.965,0.56635
0.97,0.55349
0.975,0.54097
0.98,0.52875
0.985,0.51684
0.99,0.50524
0.995,0.49392
1,0.48289
1.005,0.47214
1.01,0.46165
1.015,0.45143
1.02,0.44146
1.025,0.43174
1.03,0.42226
1.035,0.41302
1.04,0.40401
1.045,0.39522
1.05,0.38664
1.055,0.37828
1.06,0.37013
1.065,0.36218
1.07,0.35442
1.075,0.34685
1.08,0.33946
1.085,0.33226
1.09,0.32523
1.095,0.31837
1.1,0.31168
1.105,0.30515
1.11,0.29878
1.115,0.29256
1.12,0.28649
1.125,0.28056
1.13,0.27478
1.135,0.26913
1.14,0.26362
1.145,0.25824
1.15,0.25298
1.155,0.24785
1.16,0.24284
1.165,0.23795
1.17,0.23317
1.175,0.2285
1.18,0.22394
1.185,0.21949
1.19,0.21514
1.195,0.21089
1.2,0.20674
1.205,0.20268
1.21,0.19872
1.215,0.19484
1.22,0.19106
1.225,0.18736
1.23,0.18374
1.235,0.18021
1.24,0.17675
1.245,0.17337
1.25,0.17007
1.255,0.16684
1.26,0.16369
1.265,0.1606
1.27,0.15758
1.275,0.15463
1.28,0.15174
1.285,0.14892
1.29,0.14615
1.295,0.14345
1.3,0.14081
1.305,0.13822
1.31,0.13569
1.315,0.13321
1.32,0.13079
1.325,0.12842
1.33,0.1261
1.335,0.12382
1.34,0.1216
1.345,0.11942
1.35,0.11729
1.355,0.11521
1.36,0.11317
1.365,0.11117
1.37,0.10921
1.375,0.10729
1.38,0.10541
1.385,0.10357
1.39,0.10177
1.395,0.10001
1.4,0.09828
1.405,0.096587
1.41,0.094929
1.415,0.093304
1.42,0.091712
1.425,0.090152
1.43,0.088624
1.435,0.087126
1.44,0.085658
1.445,0.084219
1.45,0.082809
1.455,0.081426
1.46,0.080071
1.465,0.078743
1.47,0.077441
1.475,0.076164
1.48,0.074912
1.485,0.073684
1.49,0.072481
1.495,0.0713
1.5,0.070143
1.505,0.069007
1.51,0.067893
1.515,0.066801
1.52,0.06573
1.525,0.064678
1.53,0.063647
1.535,0.062635
1.54,0.061643
1.545,0.060669
1.55,0.059713
1.555,0.058775
1.56,0.057854
1.565,0.056951
1.57,0.056064
1.575,0.055194
1.58,0.05434
1.585,0.053501
1.59,0.052678
1.595,0.05187
1.6,0.051077
1.605,0.050298
1.61,0.049533
1.615,0.048782
1.62,0.048044
1.625,0.04732
1.63,0.046608
1.635,0.04591
1.64,0.045224
1.645,0.04455
1.65,0.043888
1.655,0.043237
1.66,0.042598
1.665,0.04197
1.67,0.041354
1.675,0.040748
1.68,0.040152
1.685,0.039567
1.69,0.038993
1.695,0.038428
1.7,0.037872
1.705,0.037327
1.71,0.03679
1.715,0.036263
1.72,0.035745
1.725,0.035236
1.73,0.034735
1.735,0.034243
1.74,0.033759
1.745,0.033283
1.75,0.032815
1.755,0.032355
1.76,0.031903
1.765,0.031458
1.77,0.03102
1.775,0.03059
1.78,0.030167
1.785,0.029751
1.79,0.029342
1.795,0.028939
1.8,0.028543
1.805,0.028154
1.81,0.02777
1.815,0.027393
1.82,0.027023
1.825,0.026658
1.83,0.026299
1.835,0.025945
1.84,0.025598
1.845,0.025256
1.85,0.024919
1.855,0.024588
1.86,0.024262
1.865,0.023941
1.87,0.023625
1.875,0.023314
1.88,0.023008
1.885,0.022707
1.89,0.022411
1.895,0.022119
1.9,0.021831
1.905,0.021548
1.91,0.02127
1.915,0.020996
1.92,0.020726
1.925,0.02046
1.93,0.020198
1.935,0.01994
1.94,0.019686
1.945,0.019436
1.95,0.01919
1.955,0.018948
1.96,0.018709
1.965,0.018473
1.97,0.018242
1.975,0.018013
1.98,0.017789
1.985,0.017567
1.99,0.017349
1.995,0.017134
2,0.016922
2.005,0.016713
2.01,0.016508
2.015,0.016305
2.02,0.016106
2.025,0.015909
2.03,0.015715
2.035,0.015524
2.04,0.015336
2.045,0.01515
2.05,0.014967
2.055,0.014787
2.06,0.01461
2.065,0.014435
2.07,0.014262
2.075,0.014092
2.08,0.013924
2.085,0.013759
2.09,0.013596
2.095,0.013435
2.1,0.013277
2.105,0.013121
2.11,0.012967
2.115,0.012815
2.12,0.012665
2.125,0.012518
2.13,0.012372
2.135,0.012229
2.14,0.012087
2.145,0.011948
2.15,0.01181
2.155,0.011674
2.16,0.01154
2.165,0.011408
2.17,0.011278
2.175,0.011149
2.18,0.011023
2.185,0.010898
2.19,0.010774
2.195,0.010653
2.2,0.010533
2.205,0.010414
2.21,0.010298
2.215,0.010182
2.22,0.010069
2.225,0.0099565
2.23,0.0098458
2.235,0.0097366
2.24,0.0096288
2.245,0.0095225
2.25,0.0094175
2.255,0.009314
2.26,0.0092118
2.265,0.0091109
2.27,0.0090114
2.275,0.0089132
2.28,0.0088162
2.285,0.0087205
2.29,0.0086261
2.295,0.0085329
2.3,0.0084408
2.305,0.00835
2.31,0.0082603
2.315,0.0081718
2.32,0.0080844
2.325,0.0079982
2.33,0.007913
2.335,0.0078289
2.34,0.0077459
2.345,0.0076639
2.35,0.007583
2.355,0.0075031
2.36,0.0074242
2.365,0.0073463
2.37,0.0072694
2.375,0.0071934
2.38,0.0071184
2.385,0.0070443
2.39,0.0069712
2.395,0.0068989
2.4,0.0068276
2.405,0.0067571
2.41,0.0066875
2.415,0.0066187
2.42,0.0065508
2.425,0.0064838
2.43,0.0064175
2.435,0.0063521
2.44,0.0062875
2.445,0.0062236
2.45,0.0061605
2.455,0.0060982
2.46,0.0060367
2.465,0.0059758
2.47,0.0059158
2.475,0.0058564
2.48,0.0057978
2.485,0.0057398
2.49,0.0056826
2.495,0.005626
2.5,0.0055701
2.505,0.0055149
2.51,0.0054603
2.515,0.0054064
2.52,0.0053531
2.525,0.0053004
2.53,0.0052484
2.535,0.0051969
2.54,0.0051461
2.545,0.0050959
2.55,0.0050462
2.555,0.0049971
2.56,0.0049486
2.565,0.0049007
2.57,0.0048533
2.575,0.0048065
2.58,0.0047602
2.585,0.0047144
2.59,0.0046692
2.595,0.0046245
2.6,0.0045803
2.605,0.0045366
2.61,0.0044934
2.615,0.0044507
2.62,0.0044085
2.625,0.0043667
2.63,0.0043255
2.635,0.0042847
2.64,0.0042443
2.645,0.0042044
2.65,0.004165
2.655,0.004126
2.66,0.0040875
2.665,0.0040493
2.67,0.0040116
2.675,0.0039743
2.68,0.0039375
2.685,0.003901
2.69,0.003865
2.695,0.0038293
2.7,0.0037941
2.705,0.0037592
2.71,0.0037247
2.715,0.0036906
2.72,0.0036568
2.725,0.0036235
2.73,0.0035905
2.735,0.0035578
2.74,0.0035255
2.745,0.0034936
2.75,0.003462
2.755,0.0034308
2.76,0.0033999
2.765,0.0033693
2.77,0.003339
2.775,0.0033091
2.78,0.0032795
2.785,0.0032502
2.79,0.0032212
2.795,0.0031926
2.8,0.0031642
2.805,0.0031362
2.81,0.0031084
2.815,0.0030809
2.82,0.0030538
2.825,0.0030269
2.83,0.0030003
2.835,0.002974
2.84,0.0029479
2.845,0.0029221
2.85,0.0028966
2.855,0.0028714
2.86,0.0028464
2.865,0.0028217
2.87,0.0027972
2.875,0.002773
2.88,0.0027491
2.885,0.0027254
2.89,0.0027019
2.895,0.0026787
2.9,0.0026557
2.905,0.002633
2.91,0.0026105
2.915,0.0025882
2.92,0.0025661
2.925,0.0025443
2.93,0.0025227
2.935,0.0025013
2.94,0.0024801
2.945,0.0024592
2.95,0.0024384
2.955,0.0024179
2.96,0.0023976
2.965,0.0023774
2.97,0.0023575
2.975,0.0023378
2.98,0.0023183
2.985,0.002299
2.99,0.0022798
2.995,0.0022609
3,0.0022421
3.005,0.0022236
3.01,0.0022052
3.015,0.002187
3.02,0.0021689
3.025,0.0021511
3.03,0.0021334
3.035,0.0021159
3.04,0.0020986
3.045,0.0020815
3.05,0.0020645
3.055,0.0020476
3.06,0.002031
3.065,0.0020145
3.07,0.0019982
3.075,0.001982
3.08,0.001966
3.085,0.0019501
3.09,0.0019344
3.095,0.0019188
3.1,0.0019034
3.105,0.0018882
3.11,0.0018731
3.115,0.0018581
3.12,0.0018433
3.125,0.0018286
3.13,0.001814
3.135,0.0017996
3.14,0.0017854
3.145,0.0017712
3.15,0.0017572
3.155,0.0017434
3.16,0.0017296
3.165,0.001716
3.17,0.0017025
3.175,0.0016892
3.18,0.001676
3.185,0.0016629
3.19,0.0016499
3.195,0.001637
3.2,0.0016243
3.205,0.0016117
3.21,0.0015992
3.215,0.0015868
3.22,0.0015745
3.225,0.0015624
3.23,0.0015503
3.235,0.0015384
3.24,0.0015266
3.245,0.0015148
3.25,0.0015032
3.255,0.0014917
3.26,0.0014803
3.265,0.0014691
3.27,0.0014579
3.275,0.0014468
3.28,0.0014358
3.285,0.0014249
3.29,0.0014141
3.295,0.0014034
3.3,0.0013928
3.305,0.0013824
3.31,0.001372
3.315,0.0013616
3.32,0.0013514
3.325,0.0013413
3.33,0.0013313
3.335,0.0013213
3.34,0.0013115
3.345,0.0013017
3.35,0.001292
3.355,0.0012824
3.36,0.0012729
3.365,0.0012635
3.37,0.0012542
3.375,0.0012449
3.38,0.0012358
3.385,0.0012267
3.39,0.0012176
3.395,0.0012087
3.4,0.0011999
3.405,0.0011911
3.41,0.0011824
3.415,0.0011738
3.42,0.0011652
3.425,0.0011567
3.43,0.0011483
3.435,0.00114
3.44,0.0011317
3.445,0.0011236
3.45,0.0011155
3.455,0.0011074
3.46,0.0010994
3.465,0.0010915
3.47,0.0010837
3.475,0.0010759
3.48,0.0010682
3.485,0.0010606
3.49,0.001053
3.495,0.0010455
3.5,0.0010381
3.505,0.0010307
3.51,0.0010234
3.515,0.0010161
3.52,0.0010089
3.525,0.0010018
3.53,0.00099473
3.535,0.00098772
3.54,0.00098077
3.545,0.00097388
3.55,0.00096704
3.555,0.00096026
3.56,0.00095354
3.565,0.00094688
3.57,0.00094027
3.575,0.00093372
3.58,0.00092722
3.585,0.00092078
3.59,0.00091439
3.595,0.00090805
3.6,0.00090176
3.605,0.00089553
3.61,0.00088935
3.615,0.00088322
3.62,0.00087714
3.625,0.00087111
3.63,0.00086513
3.635,0.0008592
3.64,0.00085332
3.645,0.00084749
3.65,0.0008417
3.655,0.00083596
3.66,0.00083027
3.665,0.00082463
3.67,0.00081903
3.675,0.00081347
3.68,0.00080797
3.685,0.0008025
3.69,0.00079708
3.695,0.00079171
3.7,0.00078637
3.705,0.00078109
3.71,0.00077584
3.715,0.00077063
3.72,0.00076547
3.725,0.00076035
3.73,0.00075527
3.735,0.00075023
3.74,0.00074523
3.745,0.00074027
3.75,0.00073535
3.755,0.00073047
3.76,0.00072563
3.765,0.00072083
3.77,0.00071606
3.775,0.00071134
3.78,0.00070665
3.785,0.00070199
3.79,0.00069738
3.795,0.0006928
3.8,0.00068825
3.805,0.00068375
3.81,0.00067927
3.815,0.00067484
3.82,0.00067043
3.825,0.00066606
3.83,0.00066173
3.835,0.00065743
3.84,0.00065316
3.845,0.00064893
3.85,0.00064473
3.855,0.00064056
3.86,0.00063642
3.865,0.00063232
3.87,0.00062825
3.875,0.0006242
3.88,0.0006202
3.885,0.00061622
3.89,0.00061227
3.895,0.00060835
3.9,0.00060446
3.905,0.0006006
3.91,0.00059677
3.915,0.00059297
3.92,0.0005892
3.925,0.00058546
3.93,0.00058175
3.935,0.00057806
3.94,0.00057441
3.945,0.00057078
3.95,0.00056718
3.955,0.0005636
3.96,0.00056005
3.965,0.00055653
3.97,0.00055304
3.975,0.00054957
3.98,0.00054613
3.985,0.00054271
3.99,0.00053932
3.995,0.00053596
4,0.00053262
4.005,0.0005293
4.01,0.00052601
4.015,0.00052274
4.02,0.0005195
4.025,0.00051628
4.03,0.00051309
4.035,0.00050992
4.04,0.00050677
4.045,0.00050365
4.05,0.00050055
4.055,0.00049747
4.06,0.00049442
4.065,0.00049139
4.07,0.00048838
4.075,0.00048539
4.08,0.00048242
4.085,0.00047948
4.09,0.00047656
4.095,0.00047366
4.1,0.00047078
4.105,0.00046792
4.11,0.00046508
4.115,0.00046226
4.12,0.00045946
4.125,0.00045669
4.13,0.00045393
4.135,0.00045119
4.14,0.00044848
4.145,0.00044578
4.15,0.0004431
4.155,0.00044044
4.16,0.0004378
4.165,0.00043518
4.17,0.00043258
4.175,0.00043
4.18,0.00042743
4.185,0.00042488
4.19,0.00042236
4.195,0.00041985
4.2,0.00041735
4.205,0.00041488
4.21,0.00041242
4.215,0.00040998
4.22,0.00040756
4.225,0.00040515
4.23,0.00040277
4.235,0.0004004
4.24,0.00039804
4.245,0.0003957
4.25,0.00039338
4.255,0.00039108
4.26,0.00038879
4.265,0.00038651
4.27,0.00038426
4.275,0.00038202
4.28,0.00037979
4.285,0.00037758
4.29,0.00037539
4.295,0.00037321
4.3,0.00037104
4.305,0.00036889
4.31,0.00036676
4.315,0.00036464
4.32,0.00036254
4.325,0.00036044
4.33,0.00035837
4.335,0.00035631
4.34,0.00035426
4.345,0.00035223
4.35,0.00035021
4.355,0.0003482
4.36,0.00034621
4.365,0.00034423
4.37,0.00034227
4.375,0.00034032
4.38,0.00033838
4.385,0.00033646
4.39,0.00033455
4.395,0.00033265
4.4,0.00033076
4.405,0.00032889
4.41,0.00032703
4.415,0.00032518
4.42,0.00032335
4.425,0.00032153
4.43,0.00031972
4.435,0.00031792
4.44,0.00031613
4.445,0.00031436
4.45,0.0003126
4.455,0.00031085
4.46,0.00030911
4.465,0.00030738
4.47,0.00030567
4.475,0.00030396
4.48,0.00030227
4.485,0.00030059
4.49,0.00029892
4.495,0.00029726
4.5,0.00029562
4.505,0.00029398
4.51,0.00029235
4.515,0.00029074
4.52,0.00028914
4.525,0.00028754
4.53,0.00028596
4.535,0.00028439
4.54,0.00028282
4.545,0.00028127
4.55,0.00027973
4.555,0.0002782
4.56,0.00027668
4.565,0.00027517
4.57,0.00027366
4.575,0.00027217
4.58,0.00027069
4.585,0.00026922
4.59,0.00026776
4.595,0.0002663
4.6,0.00026486
4.605,0.00026342
4.61,0.000262
4.615,0.00026058
4.62,0.00025918
4.625,0.00025778
4.63,0.00025639
4.635,0.00025501
4.64,0.00025364
4.645,0.00025228
4.65,0.00025092
4.655,0.00024958
4.66,0.00024824
4.665,0.00024692
4.67,0.0002456
4.675,0.00024429
4.68,0.00024299
4.685,0.00024169
4.69,0.00024041
4.695,0.00023913
4.7,0.00023786
4.705,0.0002366
4.71,0.00023535
4.715,0.0002341
4.72,0.00023286
4.725,0.00023164
4.73,0.00023041
4.735,0.0002292
4.74,0.00022799
4.745,0.0002268
4.75,0.00022561
4.755,0.00022442
4.76,0.00022325
4.765,0.00022208
4.77,0.00022092
4.775,0.00021976
4.78,0.00021861
4.785,0.00021748
4.79,0.00021634
4.795,0.00021522
4.8,0.0002141
4.805,0.00021299
4.81,0.00021188
4.815,0.00021079
4.82,0.00020969
4.825,0.00020861
4.83,0.00020753
4.835,0.00020646
4.84,0.0002054
4.845,0.00020434
4.85,0.00020329
4.855,0.00020225
4.86,0.00020121
4.865,0.00020018
4.87,0.00019915
4.875,0.00019813
4.88,0.00019712
4.885,0.00019611
4.89,0.00019511
4.895,0.00019412
4.9,0.00019313
4.905,0.00019215
4.91,0.00019117
4.915,0.0001902
4.92,0.00018924
4.925,0.00018828
4.93,0.00018733
4.935,0.00018638
4.94,0.00018544
4.945,0.0001845
4.95,0.00018357
4.955,0.00018265
4.96,0.00018173
4.965,0.00018082
4.97,0.00017991
4.975,0.00017901
4.98,0.00017811
4.985,0.00017722
4.99,0.00017633
4.995,0.00017545
5,0.00017458
5.005,0.00017371
5.01,0.00017284
5.015,0.00017198
5.02,0.00017113
5.025,0.00017028
5.03,0.00016943
5.035,0.00016859
5.04,0.00016776
5.045,0.00016693
5.05,0.0001661
5.055,0.00016529
5.06,0.00016447
5.065,0.00016366
5.07,0.00016285
5.075,0.00016205
5.08,0.00016126
5.085,0.00016047
5.09,0.00015968
5.095,0.0001589
5.1,0.00015812
5.105,0.00015735
5.11,0.00015658
5.115,0.00015582
5.12,0.00015506
5.125,0.0001543
5.13,0.00015355
5.135,0.00015281
5.14,0.00015207
5.145,0.00015133
5.15,0.00015059
5.155,0.00014987
5.16,0.00014914
5.165,0.00014842
5.17,0.0001477
5.175,0.00014699
5.18,0.00014628
5.185,0.00014558
5.19,0.00014488
5.195,0.00014419
5.2,0.00014349
5.205,0.00014281
5.21,0.00014212
5.215,0.00014144
5.22,0.00014077
5.225,0.00014009
5.23,0.00013943
5.235,0.00013876
5.24,0.0001381
5.245,0.00013744
5.25,0.00013679
5.255,0.00013614
5.26,0.00013549
5.265,0.00013485
5.27,0.00013421
5.275,0.00013358
5.28,0.00013295
5.285,0.00013232
5.29,0.0001317
5.295,0.00013108
5.3,0.00013046
5.305,0.00012985
5.31,0.00012924
5.315,0.00012863
5.32,0.00012803
5.325,0.00012743
5.33,0.00012683
5.335,0.00012624
5.34,0.00012565
5.345,0.00012506
5.35,0.00012448
5.355,0.0001239
5.36,0.00012332
5.365,0.00012275
5.37,0.00012218
5.375,0.00012161
5.38,0.00012104
5.385,0.00012048
5.39,0.00011993
5.395,0.00011937
5.4,0.00011882
5.405,0.00011827
5.41,0.00011773
5.415,0.00011718
5.42,0.00011664
5.425,0.00011611
5.43,0.00011557
5.435,0.00011504
5.44,0.00011452
5.445,0.00011399
5.45,0.00011347
5.455,0.00011295
5.46,0.00011243
5.465,0.00011192
5.47,0.00011141
5.475,0.0001109
5.48,0.0001104
5.485,0.0001099
5.49,0.0001094
5.495,0.0001089
5.5,0.00010841
5.505,0.00010791
5.51,0.00010743
5.515,0.00010694
5.52,0.00010646
5.525,0.00010597
5.53,0.0001055
5.535,0.00010502
5.54,0.00010455
5.545,0.00010408
5.55,0.00010361
5.555,0.00010314
5.56,0.00010268
5.565,0.00010222
5.57,0.00010176
5.575,0.00010131
5.58,0.00010085
5.585,0.0001004
5.59,9.9956e-005
5.595,9.951e-005
5.6,9.9067e-005
5.605,9.8625e-005
5.61,9.8187e-005
5.615,9.775e-005
5.62,9.7316e-005
5.625,9.6885e-005
5.63,9.6455e-005
5.635,9.6028e-005
5.64,9.5603e-005
5.645,9.5181e-005
5.65,9.476e-005
5.655,9.4342e-005
5.66,9.3926e-005
5.665,9.3513e-005
5.67,9.3101e-005
5.675,9.2692e-005
5.68,9.2284e-005
5.685,9.1879e-005
5.69,9.1476e-005
5.695,9.1076e-005
5.7,9.0677e-005
5.705,9.028e-005
5.71,8.9886e-005
5.715,8.9493e-005
5.72,8.9103e-005
5.725,8.8714e-005
5.73,8.8328e-005
5.735,8.7944e-005
5.74,8.7561e-005
5.745,8.7181e-005
5.75,8.6803e-005
5.755,8.6426e-005
5.76,8.6052e-005
5.765,8.5679e-005
5.77,8.5309e-005
5.775,8.494e-005
5.78,8.4574e-005
5.785,8.4209e-005
5.79,8.3846e-005
5.795,8.3485e-005
5.8,8.3125e-005
5.805,8.2768e-005
5.81,8.2413e-005
5.815,8.2059e-005
5.82,8.1707e-005
5.825,8.1357e-005
5.83,8.1009e-005
5.835,8.0662e-005
5.84,8.0318e-005
5.845,7.9975e-005
5.85,7.9634e-005
5.855,7.9294e-005
5.86,7.8957e-005
5.865,7.8621e-005
5.87,7.8286e-005
5.875,7.7954e-005
5.88,7.7623e-005
5.885,7.7294e-005
5.89,7.6966e-005
5.895,7.664e-005
5.9,7.6316e-005
5.905,7.5994e-005
5.91,7.5673e-005
5.915,7.5354e-005
5.92,7.5036e-005
5.925,7.472e-005
5.93,7.4405e-005
5.935,7.4093e-005
5.94,7.3781e-005
5.945,7.3472e-005
5.95,7.3163e-005
5.955,7.2857e-005
5.96,7.2552e-005
5.965,7.2248e-005
5.97,7.1946e-005
5.975,7.1646e-005
5.98,7.1347e-005
5.985,7.1049e-005
5.99,7.0753e-005
5.995,7.0459e-005
6,7.0166e-005
6.005,6.9874e-005
6.01,6.9584e-005
6.015,6.9295e-005
6.02,6.9008e-005
6.025,6.8722e-005
6.03,6.8438e-005
6.035,6.8155e-005
6.04,6.7873e-005
6.045,6.7593e-005
6.05,6.7314e-005
6.055,6.7036e-005
6.06,6.676e-005
6.065,6.6486e-005
6.07,6.6212e-005
6.075,6.594e-005
6.08,6.567e-005
6.085,6.54e-005
6.09,6.5132e-005
6.095,6.4866e-005
6.1,6.46e-005
6.105,6.4336e-005
6.11,6.4073e-005
6.115,6.3812e-005
6.12,6.3552e-005
6.125,6.3293e-005
6.13,6.3035e-005
6.135,6.2778e-005
6.14,6.2523e-005
6.145,6.2269e-005
6.15,6.2017e-005
6.155,6.1765e-005
6.16,6.1515e-005
6.165,6.1266e-005
6.17,6.1018e-005
6.175,6.0771e-005
6.18,6.0526e-005
6.185,6.0282e-005
6.19,6.0039e-005
6.195,5.9797e-005
6.2,5.9556e-005
6.205,5.9317e-005
6.21,5.9078e-005
6.215,5.8841e-005
6.22,5.8605e-005
6.225,5.837e-005
6.23,5.8136e-005
6.235,5.7903e-005
6.24,5.7672e-005
6.245,5.7441e-005
6.25,5.7212e-005
6.255,5.6984e-005
6.26,5.6756e-005
6.265,5.653e-005
6.27,5.6305e-005
6.275,5.6081e-005
6.28,5.5858e-005
