0,NaN
2.5484e-006,0
1.0194e-005,0
2.2936e-005,0
4.0775e-005,0
6.371e-005,0
9.1743e-005,0
0.00012487,0
0.0001631,0
0.00020642,0
0.00025484,0
0.00030836,0
0.00036697,0
0.00043068,0
0.00049949,0
0.00057339,0
0.0006524,0
0.00073649,2.0536e-315
0.00082569,8.1866e-250
0.00091998,3.5361e-200
0.0010194,4.5464e-162
0.0011239,2.0099e-132
0.0012334,4.3572e-109
0.0013481,1.6096e-090
0.0014679,1.3339e-075
0.0015928,1.6558e-063
0.0017227,1.2696e-053
0.0018578,1.7524e-045
0.001998,9.8513e-039
0.0021432,4.2322e-033
0.0022936,2.2677e-028
0.002449,2.2259e-024
0.0026096,5.4256e-021
0.0027752,4.1858e-018
0.002946,1.2419e-015
0.0031218,1.6585e-013
0.0033028,1.1333e-011
0.0034888,4.3998e-010
0.0036799,1.058e-008
0.0038761,1.692e-007
0.0040775,1.9098e-006
0.0042839,1.5985e-005
0.0044954,0.00010343
0.004712,0.00053573
0.0049337,0.0022882
0.0051606,0.0082642
0.0053925,0.025785
0.0056295,0.070789
0.0058716,0.1737
0.0061188,0.38616
0.006371,0.78695
0.0066284,1.485
0.0068909,2.6177
0.0071585,4.3439
0.0074312,6.8309
0.007709,10.239
0.0079918,14.706
0.0082798,20.329
0.0085729,27.155
0.008871,35.174
0.0091743,44.319
0.0094827,54.47
0.0097961,65.461
0.010115,77.093
0.010438,89.147
0.010767,101.39
0.011101,113.6
0.01144,125.57
0.011784,137.08
0.012133,147.99
0.012487,158.13
0.012847,167.41
0.013211,175.74
0.013581,183.06
0.013955,189.34
0.014335,194.59
0.01472,198.8
0.01511,202.01
0.015505,204.27
0.015905,205.62
0.01631,206.13
0.01672,205.86
0.017136,204.88
0.017556,203.25
0.017982,201.05
0.018412,198.35
0.018848,195.2
0.019289,191.66
0.019735,187.81
0.020186,183.69
0.020642,179.34
0.021103,174.82
0.02157,170.16
0.022041,165.41
0.022518,160.6
0.022999,155.75
0.023486,150.9
0.023978,146.06
0.024475,141.25
0.024977,136.5
0.025484,131.81
0.025996,127.21
0.026514,122.69
0.027036,118.28
0.027564,113.97
0.028096,109.76
0.028634,105.68
0.029177,101.71
0.029725,97.862
0.030278,94.133
0.030836,90.526
0.031399,87.04
0.031967,83.673
0.032541,80.424
0.033119,77.292
0.033703,74.274
0.034292,71.368
0.034885,68.572
0.035484,65.882
0.036088,63.296
0.036697,60.811
0.037311,58.424
0.037931,56.131
0.038555,53.929
0.039185,51.816
0.039819,49.789
0.040459,47.843
0.041103,45.977
0.041753,44.187
0.042408,42.47
0.043068,40.823
0.043733,39.245
0.044404,37.731
0.045079,36.28
0.045759,34.888
0.046445,33.554
0.047136,32.275
0.047831,31.049
0.048532,29.873
0.049238,28.746
0.049949,27.665
0.050665,26.629
0.051386,25.635
0.052113,24.682
0.052844,23.767
0.053581,22.89
0.054322,22.049
0.055069,21.242
0.055821,20.468
0.056577,19.725
0.057339,19.012
0.058107,18.327
0.058879,17.67
0.059656,17.04
0.060438,16.434
0.061226,15.853
0.062018,15.294
0.062816,14.758
0.063619,14.243
0.064427,13.747
0.06524,13.272
0.066058,12.814
0.066881,12.375
0.067709,11.952
0.068542,11.546
0.069381,11.156
0.070224,10.78
0.071073,10.418
0.071927,10.071
0.072785,9.7361
0.073649,9.4141
0.074518,9.1042
0.075392,8.8059
0.076272,8.5186
0.077156,8.242
0.078045,7.9757
0.07894,7.7191
0.079839,7.4719
0.080744,7.2337
0.081654,7.0041
0.082569,6.7829
0.083489,6.5696
0.084414,6.3639
0.085344,6.1656
0.086279,5.9744
0.08722,5.7899
0.088165,5.612
0.089116,5.4403
0.090071,5.2746
0.091032,5.1146
0.091998,4.9603
0.092969,4.8112
0.093945,4.6673
0.094926,4.5283
0.095912,4.394
0.096904,4.2643
0.0979,4.139
0.098902,4.018
0.099908,3.9009
0.10092,3.7878
0.10194,3.6785
0.10296,3.5728
0.10399,3.4705
0.10502,3.3717
0.10606,3.276
0.1071,3.1835
0.10814,3.094
0.1092,3.0074
0.11025,2.9235
0.11132,2.8424
0.11239,2.7638
0.11346,2.6878
0.11454,2.6141
0.11562,2.5428
0.11671,2.4737
0.1178,2.4068
0.1189,2.3419
0.12,2.2791
0.12111,2.2182
0.12222,2.1592
0.12334,2.102
0.12447,2.0466
0.1256,1.9928
0.12673,1.9407
0.12787,1.8901
0.12901,1.841
0.13016,1.7935
0.13132,1.7473
0.13248,1.7025
0.13364,1.659
0.13481,1.6169
0.13599,1.5759
0.13717,1.5362
0.13835,1.4976
0.13954,1.4601
0.14074,1.4237
0.14194,1.3884
0.14314,1.3541
0.14435,1.3207
0.14557,1.2883
0.14679,1.2568
0.14801,1.2262
0.14925,1.1965
0.15048,1.1676
0.15172,1.1395
0.15297,1.1122
0.15422,1.0857
0.15548,1.0598
0.15674,1.0347
0.158,1.0103
0.15928,0.98656
0.16055,0.96345
0.16183,0.94097
0.16312,0.9191
0.16441,0.89781
0.16571,0.87709
0.16701,0.85693
0.16832,0.83731
0.16963,0.8182
0.17095,0.7996
0.17227,0.78149
0.1736,0.76385
0.17493,0.74668
0.17627,0.72995
0.17761,0.71365
0.17896,0.69778
0.18032,0.68232
0.18167,0.66725
0.18304,0.65257
0.18441,0.63826
0.18578,0.62431
0.18716,0.61072
0.18854,0.59748
0.18993,0.58456
0.19133,0.57197
0.19272,0.55969
0.19413,0.54772
0.19554,0.53604
0.19695,0.52466
0.19837,0.51355
0.1998,0.50272
0.20123,0.49215
0.20266,0.48184
0.2041,0.47177
0.20555,0.46196
0.207,0.45238
0.20845,0.44303
0.20991,0.4339
0.21138,0.42499
0.21285,0.4163
0.21432,0.40781
0.2158,0.39952
0.21729,0.39143
0.21878,0.38352
0.22028,0.3758
0.22178,0.36827
0.22328,0.3609
0.22479,0.35371
0.22631,0.34669
0.22783,0.33982
0.22936,0.33312
0.23089,0.32657
0.23243,0.32016
0.23397,0.31391
0.23551,0.30779
0.23707,0.30181
0.23862,0.29597
0.24019,0.29026
0.24175,0.28468
0.24333,0.27922
0.2449,0.27388
0.24649,0.26866
0.24807,0.26356
0.24967,0.25857
0.25126,0.25369
