1.8403,0.00053359
1.8405,0.00053348
1.8408,0.00053335
1.841,0.00053322
1.8414,0.00053297
1.8416,0.00053284
1.842,0.00053263
1.8424,0.00053241
1.8426,0.00053225
1.843,0.00053206
1.8432,0.00053195
1.8433,0.00053186
1.8436,0.00053172
1.8437,0.00053165
1.8439,0.00053156
1.8441,0.00053144
1.8444,0.00053127
1.8448,0.00053103
1.8452,0.0005308
1.8454,0.00053068
1.8456,0.00053054
1.8459,0.00053035
1.8461,0.00053029
1.8465,0.00053001
1.8466,0.00052995
1.8468,0.00052984
1.8472,0.00052963
1.8474,0.00052951
1.8477,0.00052937
1.8481,0.00052912
1.8485,0.00052891
1.8487,0.00052877
1.8492,0.00052849
1.8494,0.00052835
1.8496,0.00052827
1.8498,0.00052815
1.8502,0.00052793
1.8503,0.00052783
1.8506,0.00052769
1.8507,0.00052765
1.8509,0.00052752
1.8511,0.0005274
1.8512,0.00052731
1.8517,0.00052702
1.852,0.00052686
1.8523,0.00052673
1.8524,0.00052664
1.8527,0.00052648
1.853,0.00052632
1.8533,0.00052614
1.8537,0.00052592
1.8539,0.00052581
1.854,0.00052573
1.8542,0.00052561
1.8546,0.00052539
1.8547,0.00052532
1.855,0.00052515
1.8553,0.00052499
1.8555,0.00052489
1.8557,0.00052477
1.8559,0.00052467
1.8563,0.00052443
1.8566,0.00052423
1.8569,0.0005241
1.8572,0.00052393
1.8574,0.00052377
1.8576,0.00052368
1.8579,0.00052352
1.8583,0.00052326
1.8588,0.00052302
1.8589,0.00052295
1.8592,0.00052278
1.8593,0.00052271
1.8597,0.0005225
1.8598,0.00052244
1.86,0.00052233
1.8603,0.00052217
1.8606,0.00052196
1.861,0.00052174
1.8612,0.00052163
1.8614,0.00052153
1.8616,0.00052138
1.8618,0.00052128
1.8621,0.00052113
1.8624,0.00052097
1.8628,0.0005207
1.8631,0.00052055
1.8634,0.0005204
1.8637,0.00052023
1.8639,0.00052013
1.864,0.00052003
1.8647,0.00051966
1.8649,0.00051955
1.865,0.00051948
1.8652,0.00051939
1.8655,0.00051923
1.8657,0.00051911
1.866,0.00051891
1.8663,0.00051876
1.8665,0.00051865
1.8669,0.00051842
1.8671,0.0005183
1.8673,0.00051817
1.8676,0.00051801
1.8679,0.00051784
1.8682,0.00051769
1.8684,0.00051756
1.8685,0.00051748
1.8688,0.00051732
1.8692,0.00051711
1.8695,0.00051696
1.8696,0.00051691
1.8699,0.00051675
1.8701,0.00051658
1.8704,0.00051645
1.8706,0.00051631
1.871,0.00051611
1.8712,0.00051601
1.8715,0.0005158
1.8717,0.00051573
1.8721,0.00051546
1.8724,0.00051532
1.8727,0.00051515
1.8728,0.00051507
1.873,0.00051497
1.8732,0.00051485
1.8735,0.00051472
1.874,0.00051443
1.874,0.00051439
1.8743,0.00051427
1.8745,0.00051416
1.875,0.00051386
1.8751,0.0005138
1.8753,0.00051368
1.8754,0.00051363
1.8756,0.00051355
1.8758,0.00051343
1.876,0.0005133
1.8762,0.00051319
1.8763,0.00051313
1.8767,0.0005129
1.877,0.00051273
1.8773,0.00051255
1.8775,0.00051249
1.8779,0.00051225
1.8782,0.00051209
1.8785,0.0005119
1.8787,0.00051178
1.8789,0.00051169
1.8791,0.00051154
1.8793,0.00051145
1.8797,0.00051125
1.8798,0.00051117
1.8799,0.0005111
1.8802,0.00051096
1.8805,0.00051077
1.8807,0.00051069
1.8811,0.00051048
1.8812,0.00051041
1.8815,0.00051024
1.8818,0.00051009
1.882,0.00050993
1.8822,0.00050982
1.8825,0.00050969
1.8831,0.00050937
1.8833,0.00050926
1.8835,0.00050914
1.8836,0.00050905
1.884,0.00050887
1.8843,0.00050871
1.8844,0.00050865
1.8846,0.0005085
1.8848,0.00050838
1.8851,0.00050826
1.8853,0.00050814
1.8856,0.00050795
1.8857,0.00050791
1.8859,0.00050778
1.8863,0.00050759
1.8867,0.00050738
1.887,0.00050719
1.8872,0.00050708
1.8874,0.00050696
1.8879,0.00050671
1.8881,0.00050659
1.8884,0.00050644
1.8885,0.00050635
1.8887,0.00050624
1.889,0.00050608
1.8891,0.000506
1.8893,0.00050589
1.8895,0.0005058
1.8901,0.00050545
1.8904,0.00050533
1.8906,0.00050518
1.8909,0.00050506
1.8911,0.00050491
1.8913,0.00050479
1.8915,0.0005047
1.8917,0.00050459
1.892,0.00050444
1.8924,0.00050423
1.8927,0.00050403
1.8931,0.00050383
1.8934,0.00050368
1.8935,0.00050361
1.8937,0.00050349
1.8939,0.0005034
1.8943,0.00050318
1.8944,0.00050312
1.8947,0.00050296
1.8951,0.00050274
1.8951,0.00050271
1.8955,0.0005025
1.8957,0.00050239
1.8958,0.00050235
1.8961,0.00050219
1.8963,0.00050208
1.8966,0.00050192
1.8969,0.00050176
1.8971,0.00050164
1.8972,0.00050156
1.8975,0.0005014
1.898,0.00050115
1.8981,0.00050106
1.8985,0.00050087
1.8986,0.00050083
1.8988,0.00050068
1.8991,0.00050052
1.8996,0.00050028
1.8999,0.00050013
1.9001,0.0005
1.9003,0.0004999
1.9003,0.00049986
1.9006,0.0004997
1.9008,0.00049961
1.9011,0.00049944
1.9014,0.00049931
1.9016,0.00049917
1.9018,0.00049908
1.902,0.00049897
1.9022,0.00049885
1.9026,0.00049865
1.9028,0.0004985
1.9031,0.00049835
1.9032,0.0004983
1.9036,0.00049807
1.9039,0.00049793
1.9041,0.0004978
1.9043,0.00049769
1.9047,0.00049749
1.905,0.00049734
1.9052,0.00049723
1.9055,0.00049708
1.9057,0.00049696
1.9058,0.00049688
1.9062,0.00049666
1.9065,0.00049653
1.9067,0.00049642
1.907,0.00049622
1.9072,0.00049611
1.9074,0.00049604
1.9076,0.00049591
1.9079,0.00049575
1.9082,0.00049561
1.9084,0.00049547
1.9087,0.0004953
1.909,0.00049515
1.9091,0.00049512
1.9092,0.00049504
1.9093,0.00049499
1.9096,0.00049484
1.9099,0.0004947
1.9102,0.00049454
1.9103,0.00049445
1.9107,0.00049423
1.9111,0.00049404
1.9114,0.00049385
1.9116,0.00049375
1.9119,0.00049358
1.9121,0.00049347
1.9126,0.0004932
1.9128,0.00049313
1.9131,0.00049298
1.9134,0.00049278
1.9138,0.00049256
1.9139,0.00049252
1.9141,0.00049241
1.9143,0.00049232
1.9145,0.00049218
1.9147,0.00049207
1.915,0.00049192
1.9152,0.0004918
1.9157,0.00049158
1.916,0.00049142
1.9164,0.0004912
1.9164,0.00049116
1.9166,0.00049105
1.9169,0.00049093
1.9171,0.00049081
1.9173,0.00049067
1.9175,0.00049059
1.9181,0.00049028
1.9182,0.0004902
1.9185,0.00049005
1.9189,0.00048982
1.9192,0.00048968
1.9194,0.0004896
1.9196,0.00048949
1.9198,0.00048934
1.9201,0.0004892
1.9203,0.00048907
1.9207,0.0004889
1.9209,0.00048875
1.9211,0.00048866
1.9213,0.00048855
1.9215,0.00048844
1.9218,0.00048832
1.9221,0.00048815
1.9222,0.0004881
1.9227,0.00048779
1.923,0.00048765
1.9232,0.00048755
1.9235,0.0004874
1.924,0.00048713
1.9241,0.00048704
1.9244,0.0004869
1.9246,0.00048679
1.9248,0.00048667
1.925,0.00048657
1.9253,0.00048645
1.9253,0.00048642
1.9255,0.00048634
1.9257,0.00048619
1.926,0.00048604
1.9261,0.000486
1.9264,0.00048587
1.9267,0.00048567
1.927,0.00048552
1.9273,0.00048537
1.9274,0.0004853
1.9276,0.00048522
1.9279,0.00048508
1.9282,0.00048489
1.9284,0.00048478
1.9289,0.00048452
1.9291,0.00048442
1.9292,0.00048436
1.9296,0.00048414
1.9299,0.000484
1.93,0.00048396
1.9303,0.00048379
1.9305,0.00048367
1.9309,0.00048347
1.9311,0.00048337
1.9312,0.0004833
1.9314,0.00048319
1.9319,0.00048294
1.9322,0.00048278
1.9324,0.00048267
1.9326,0.00048256
1.9328,0.00048244
1.9331,0.00048231
1.9335,0.00048211
1.9339,0.00048189
1.9342,0.00048175
1.9344,0.00048164
1.9346,0.00048153
1.9348,0.00048142
1.935,0.00048131
1.9352,0.0004812
1.9353,0.00048112
1.9355,0.00048106
1.9358,0.0004809
1.9359,0.00048082
1.9363,0.00048062
1.9367,0.00048042
1.9369,0.00048032
1.9371,0.0004802
1.9373,0.00048009
1.9377,0.00047991
1.9379,0.00047979
1.9382,0.00047965
1.9384,0.0004795
1.9386,0.0004794
1.939,0.00047922
1.9391,0.00047913
1.9393,0.00047903
1.9397,0.00047884
1.9398,0.00047878
1.9403,0.00047853
1.9405,0.00047841
1.9408,0.00047827
1.9411,0.00047813
1.9412,0.00047805
1.9414,0.00047797
1.9417,0.0004778
1.9421,0.0004776
1.9422,0.00047753
1.9425,0.00047739
1.9426,0.00047731
1.9429,0.00047718
1.943,0.0004771
1.9432,0.00047703
1.9435,0.00047685
1.9437,0.00047674
1.944,0.0004766
1.9443,0.00047644
1.9445,0.00047635
1.9447,0.00047622
1.945,0.00047609
1.9453,0.00047592
1.9455,0.0004758
1.9458,0.00047565
1.9461,0.00047551
1.9463,0.0004754
1.9466,0.00047523
1.9468,0.00047514
1.9471,0.00047501
1.9473,0.00047486
1.9475,0.00047478
1.948,0.00047454
1.9482,0.00047443
1.9484,0.00047432
1.9486,0.00047421
1.9487,0.00047413
1.949,0.000474
1.9493,0.00047384
1.9495,0.00047375
1.9496,0.0004737
1.9498,0.00047357
1.9502,0.00047335
1.9505,0.0004732
1.9508,0.00047306
1.951,0.00047296
1.9514,0.00047277
1.9518,0.00047255
1.9522,0.00047234
1.9525,0.00047218
1.9527,0.0004721
1.9529,0.00047199
1.953,0.00047191
1.9533,0.00047177
1.9535,0.00047169
1.9537,0.00047156
1.9541,0.00047136
1.9543,0.00047128
1.9544,0.00047121
1.9547,0.00047107
1.955,0.00047091
1.9552,0.00047081
1.9554,0.00047071
1.9557,0.00047056
1.9559,0.00047043
1.9563,0.00047022
1.9566,0.00047007
1.9568,0.00046996
1.9569,0.0004699
1.9572,0.00046975
1.9575,0.0004696
1.9577,0.00046953
1.9578,0.00046947
1.9581,0.00046929
1.9583,0.00046919
1.9586,0.00046905
1.9589,0.00046889
1.9592,0.00046876
1.9593,0.00046871
1.9597,0.00046847
1.96,0.00046834
1.9601,0.00046826
1.9604,0.00046812
1.9606,0.00046801
1.9609,0.00046788
1.9611,0.00046777
1.9613,0.00046767
1.9615,0.00046759
1.9619,0.00046738
1.962,0.0004673
1.9623,0.00046717
1.9626,0.00046699
1.9629,0.00046685
1.963,0.00046678
1.9635,0.00046654
1.9637,0.00046643
1.9641,0.00046624
1.9642,0.00046617
1.9644,0.00046608
1.9648,0.0004659
1.9649,0.00046582
1.9652,0.00046569
1.9657,0.00046541
1.9658,0.00046537
1.966,0.00046527
1.9662,0.00046516
1.9664,0.00046506
1.9666,0.00046498
1.9668,0.00046485
1.967,0.00046478
1.9672,0.00046467
1.9676,0.00046444
1.9679,0.00046433
1.9679,0.00046428
1.9683,0.00046412
1.9687,0.00046388
1.9689,0.0004638
1.9691,0.0004637
1.9692,0.00046363
1.9695,0.00046352
1.9696,0.00046345
1.97,0.00046324
1.9701,0.00046318
1.9705,0.000463
1.9708,0.00046284
1.971,0.00046273
1.9713,0.00046259
1.9716,0.00046245
1.9718,0.00046234
1.972,0.00046224
1.9721,0.00046218
1.9725,0.00046199
1.9726,0.0004619
1.973,0.00046173
1.9733,0.00046157
1.9735,0.00046149
1.9738,0.0004613
1.974,0.00046121
1.9742,0.00046113
1.9744,0.00046103
1.9746,0.00046093
1.9748,0.00046081
1.975,0.00046069
1.9753,0.00046058
1.9755,0.00046047
1.9757,0.00046038
1.976,0.00046023
1.9761,0.00046017
1.9764,0.00045999
1.9767,0.00045986
1.9769,0.00045978
1.9772,0.00045961
1.9773,0.00045955
1.9775,0.00045944
1.9778,0.00045931
1.9779,0.00045925
1.9782,0.00045909
1.9786,0.00045893
1.9789,0.00045876
1.9791,0.00045865
1.9793,0.00045855
1.9795,0.00045847
1.9796,0.00045838
1.98,0.00045818
1.9802,0.00045811
1.9805,0.00045793
1.9809,0.00045776
1.9811,0.00045765
1.9815,0.00045746
1.9818,0.00045729
1.9822,0.00045712
1.9822,0.00045708
1.9824,0.00045698
1.9827,0.00045683
1.9829,0.00045677
1.983,0.00045668
1.9831,0.00045663
1.9833,0.00045654
1.9836,0.0004564
1.9839,0.00045626
1.9841,0.00045615
1.9842,0.00045609
1.9846,0.00045592
1.9847,0.00045586
1.9851,0.00045568
1.9852,0.00045561
1.9855,0.00045546
1.9857,0.00045538
1.9861,0.00045518
1.9863,0.00045508
1.9865,0.00045494
1.9869,0.00045477
1.9871,0.00045466
1.9873,0.00045454
1.9876,0.00045441
1.9877,0.00045434
1.9883,0.00045406
1.9885,0.00045396
1.9889,0.00045378
1.989,0.00045371
1.9892,0.00045362
1.9894,0.00045352
1.9897,0.00045338
1.9899,0.00045325
1.9901,0.00045317
1.9904,0.00045302
1.9905,0.00045297
1.9908,0.00045281
1.991,0.00045272
1.9912,0.00045261
1.9915,0.00045249
1.9917,0.00045237
1.992,0.00045221
1.9923,0.00045208
1.9925,0.00045197
1.9928,0.00045183
1.9931,0.00045168
1.9936,0.00045144
1.9937,0.00045138
1.9939,0.0004513
1.994,0.00045123
1.9945,0.00045101
1.9948,0.00045083
1.995,0.00045073
1.9952,0.00045063
1.9955,0.0004505
1.9957,0.00045043
1.996,0.00045024
1.9962,0.00045016
1.9965,0.00045003
1.9967,0.0004499
1.9969,0.00044981
1.9973,0.00044963
1.9974,0.00044956
1.9976,0.00044949
1.9978,0.00044936
1.998,0.00044928
1.9985,0.00044904
1.9986,0.00044898
1.9987,0.00044894
1.9988,0.00044888
1.999,0.00044876
1.9993,0.00044864
1.9996,0.0004485
2,0.0004483
2.0002,0.00044821
2.0004,0.00044811
2.0006,0.00044798
2.0009,0.00044783
2.0011,0.00044777
2.0012,0.00044771
2.0015,0.00044757
2.0017,0.00044744
2.0021,0.00044729
2.0024,0.00044711
2.0027,0.00044697
2.0029,0.00044689
2.0034,0.00044664
2.0035,0.00044658
2.0038,0.00044642
2.004,0.00044632
2.0044,0.00044613
2.0048,0.00044593
2.0052,0.00044576
2.0054,0.00044566
2.0056,0.00044557
2.0059,0.00044539
2.0063,0.0004452
2.0066,0.00044507
2.0069,0.00044495
2.007,0.00044488
2.0072,0.00044478
2.0075,0.00044466
2.0076,0.00044458
2.0079,0.00044445
2.0082,0.00044428
2.0084,0.00044419
2.0085,0.00044413
2.0088,0.00044399
2.009,0.0004439
2.0093,0.00044377
2.0095,0.00044367
2.0099,0.00044348
2.0101,0.00044338
2.0104,0.00044323
2.0106,0.00044311
2.0109,0.00044298
2.0111,0.00044288
2.0114,0.00044272
2.0118,0.00044257
2.012,0.00044246
2.0121,0.0004424
2.0126,0.00044218
2.0129,0.00044204
2.0131,0.00044194
2.0133,0.00044181
2.0135,0.00044174
2.0138,0.00044158
2.0141,0.00044143
2.0143,0.00044133
2.0147,0.00044116
2.0149,0.00044107
2.0151,0.00044096
2.0153,0.00044087
2.0156,0.00044071
2.0157,0.00044065
2.0159,0.00044057
2.0161,0.00044045
2.0164,0.00044031
2.0169,0.0004401
2.0172,0.00043997
2.0176,0.00043975
2.0179,0.00043959
2.0182,0.00043948
2.0184,0.00043939
2.0185,0.0004393
2.0189,0.00043913
2.0191,0.00043903
2.0194,0.0004389
2.0196,0.00043882
2.0198,0.00043869
2.02,0.00043859
2.0203,0.00043845
2.0206,0.00043833
2.0209,0.00043817
2.0211,0.00043807
2.0213,0.000438
2.0216,0.00043785
2.0218,0.00043774
2.0222,0.00043756
2.0227,0.0004373
2.0229,0.00043721
2.0231,0.00043711
2.0233,0.00043702
2.0235,0.00043691
2.0237,0.00043682
2.0238,0.00043677
2.0241,0.00043663
2.0244,0.00043651
2.0245,0.00043644
2.0247,0.00043634
2.0251,0.00043616
2.0253,0.00043609
2.0255,0.00043596
2.026,0.00043572
2.0261,0.00043568
2.0264,0.00043555
2.0266,0.00043545
2.0269,0.0004353
2.0271,0.00043523
2.0272,0.00043515
2.0274,0.00043507
2.0278,0.00043488
2.0281,0.00043473
2.0283,0.00043463
2.0285,0.00043456
2.0287,0.00043443
2.0291,0.00043424
2.0293,0.00043416
2.0295,0.00043405
2.0298,0.00043393
2.0301,0.00043378
2.0303,0.00043367
2.0305,0.0004336
2.0308,0.00043347
2.031,0.00043334
2.0312,0.00043325
2.0314,0.00043319
2.0315,0.00043311
2.0318,0.00043299
2.0322,0.0004328
2.0324,0.00043268
2.0326,0.00043259
2.0329,0.00043246
2.0332,0.00043233
2.0335,0.00043217
2.0337,0.00043211
2.034,0.00043196
2.0342,0.00043186
2.0344,0.00043176
2.0347,0.00043161
2.0349,0.00043151
2.0353,0.00043135
2.0356,0.0004312
2.0358,0.00043108
2.0363,0.00043085
2.0365,0.00043076
2.0367,0.00043067
2.0369,0.0004306
2.0371,0.00043047
2.0373,0.00043041
2.0375,0.00043028
2.0378,0.00043018
2.038,0.00043008
2.0383,0.00042993
2.0386,0.00042979
2.0388,0.00042968
2.0392,0.00042951
2.0395,0.00042936
2.0396,0.0004293
2.0398,0.00042921
2.0401,0.00042909
2.0403,0.00042896
2.0406,0.00042886
2.0408,0.00042874
2.0412,0.00042858
2.0414,0.00042846
2.0416,0.00042836
2.042,0.00042821
2.0421,0.00042815
2.0423,0.00042805
2.0425,0.00042793
2.0429,0.00042775
2.0432,0.00042762
2.0436,0.00042744
2.0437,0.00042737
2.044,0.00042724
2.0444,0.00042706
2.0447,0.00042693
2.0451,0.00042676
2.0453,0.00042666
2.0456,0.00042652
2.0457,0.00042645
2.0462,0.00042624
2.0464,0.00042613
2.0465,0.00042608
2.0468,0.00042596
2.0471,0.0004258
2.0473,0.00042572
2.0475,0.00042563
2.0478,0.0004255
2.0481,0.00042533
2.0484,0.00042521
2.0486,0.00042514
2.0488,0.00042503
2.049,0.00042491
2.0493,0.0004248
2.0494,0.00042473
2.0497,0.00042461
2.05,0.00042448
2.0502,0.00042436
2.0504,0.0004243
2.0507,0.00042415
2.0509,0.00042403
2.0512,0.0004239
2.0516,0.00042374
2.0518,0.00042362
2.0521,0.00042348
2.0525,0.0004233
2.0527,0.00042323
2.0527,0.0004232
2.053,0.00042308
2.0531,0.00042305
2.0533,0.00042293
2.0536,0.00042278
2.0539,0.00042266
2.0542,0.00042253
2.0546,0.00042235
2.0547,0.00042228
2.055,0.00042216
2.0554,0.00042199
2.0556,0.00042187
2.0558,0.00042178
2.0562,0.00042162
2.0563,0.00042157
2.0565,0.00042148
2.0567,0.00042137
2.0568,0.00042133
2.0572,0.00042114
2.0574,0.00042105
2.0577,0.0004209
2.0579,0.00042083
2.0582,0.00042069
2.0585,0.00042054
2.0587,0.00042045
2.059,0.00042033
2.0591,0.00042026
2.0594,0.00042012
2.0596,0.00042003
2.0599,0.00041988
2.0602,0.00041975
2.0605,0.00041963
2.0609,0.00041946
2.061,0.00041939
2.0611,0.00041933
2.0617,0.00041908
2.0619,0.00041897
2.0621,0.00041888
2.0623,0.00041879
2.0628,0.00041859
2.063,0.00041846
2.0633,0.00041835
2.0635,0.00041825
2.0638,0.00041813
2.064,0.00041801
2.0643,0.00041787
2.0645,0.0004178
2.0647,0.00041772
2.0648,0.00041766
2.065,0.00041759
2.0651,0.00041751
2.0654,0.00041741
2.0657,0.00041728
2.0659,0.00041716
2.0662,0.00041704
2.0664,0.00041693
2.0668,0.00041676
2.067,0.00041667
2.0672,0.00041658
2.0675,0.00041644
2.0678,0.00041632
2.0681,0.00041617
2.0683,0.00041609
2.0687,0.00041587
2.069,0.00041575
2.0693,0.00041563
2.0695,0.00041551
2.0699,0.00041534
2.0703,0.00041515
2.0705,0.00041509
2.0707,0.00041497
2.0709,0.00041489
2.071,0.00041483
2.0713,0.00041472
2.0716,0.00041458
2.0719,0.00041444
2.072,0.00041438
2.0725,0.00041418
2.0727,0.00041409
2.0727,0.00041407
2.0729,0.00041397
2.0731,0.00041391
2.0732,0.00041384
2.0735,0.00041372
2.0736,0.00041365
2.074,0.00041351
2.0741,0.00041344
2.0743,0.00041336
2.0746,0.00041324
2.0747,0.00041318
2.075,0.00041304
2.0751,0.00041299
2.0756,0.00041279
2.0758,0.00041268
2.0761,0.00041257
2.0763,0.00041245
2.0766,0.00041233
2.0768,0.00041222
2.077,0.00041213
2.0772,0.00041204
2.0776,0.00041186
2.0778,0.00041181
2.0781,0.00041166
2.0783,0.00041156
2.0786,0.00041143
2.0788,0.00041135
2.079,0.00041125
2.0792,0.00041114
2.0795,0.00041102
2.0798,0.00041088
2.0801,0.00041075
2.0804,0.00041061
2.0805,0.00041055
2.0807,0.00041047
2.0809,0.0004104
2.0811,0.00041032
2.0813,0.00041023
2.0814,0.00041018
2.0819,0.00040995
2.0821,0.00040988
2.0822,0.00040982
2.0824,0.00040971
2.0826,0.00040962
2.0828,0.00040953
2.083,0.00040947
2.0833,0.00040933
2.0834,0.00040927
2.0837,0.00040917
2.0841,0.00040896
2.0844,0.00040883
2.0845,0.00040878
2.0849,0.0004086
2.0852,0.00040847
2.0854,0.00040838
2.0856,0.00040831
2.0857,0.00040826
2.086,0.00040814
2.0862,0.00040803
2.0863,0.00040797
2.0867,0.00040779
2.0869,0.00040771
2.0873,0.00040755
2.0875,0.00040743
2.0878,0.00040734
2.0879,0.00040725
2.0883,0.00040711
2.0886,0.00040697
2.0887,0.00040691
2.0891,0.00040674
2.0892,0.00040672
2.0893,0.00040665
2.0896,0.00040654
2.0898,0.00040645
2.0901,0.00040631
2.0903,0.00040619
2.0905,0.00040613
2.0907,0.00040605
2.0908,0.00040599
2.0911,0.00040588
2.0912,0.0004058
2.0914,0.00040571
2.0918,0.00040553
2.0922,0.00040539
2.0924,0.00040531
2.0926,0.00040521
2.0928,0.00040511
2.0931,0.00040498
2.0933,0.00040487
2.0935,0.00040481
2.0938,0.00040469
2.0939,0.00040464
2.0941,0.00040454
2.0943,0.00040446
2.0945,0.00040436
2.0947,0.00040428
2.0949,0.0004042
2.095,0.00040413
2.0955,0.00040394
2.0956,0.00040385
2.0959,0.00040375
2.0962,0.0004036
2.0964,0.00040351
2.0967,0.0004034
2.0969,0.00040329
2.0973,0.00040312
2.0975,0.00040306
2.0976,0.00040298
2.0979,0.00040287
2.0983,0.00040267
2.0985,0.00040258
2.0987,0.00040253
2.0989,0.00040241
2.0991,0.00040232
2.0993,0.00040226
2.0995,0.00040216
2.0996,0.0004021
2.1,0.00040194
2.1003,0.00040182
2.1004,0.00040175
2.1007,0.00040164
2.1009,0.00040156
2.1011,0.00040148
2.1013,0.00040137
2.1016,0.00040125
2.1018,0.00040114
2.1019,0.00040109
2.1023,0.00040095
2.1025,0.00040083
2.1027,0.00040078
2.1031,0.00040061
2.1033,0.0004005
2.1036,0.00040036
2.104,0.00040022
2.1041,0.00040013
2.1044,0.00040002
2.1046,0.00039994
2.1049,0.0003998
2.1053,0.00039963
2.1054,0.00039957
2.1055,0.00039952
2.1057,0.00039945
2.1058,0.0003994
2.1061,0.00039927
2.1065,0.00039912
2.1066,0.00039906
2.1068,0.00039896
2.1072,0.00039883
2.1075,0.00039868
2.1077,0.00039857
2.1079,0.00039851
2.1082,0.00039838
2.1083,0.00039835
2.1085,0.00039823
2.1088,0.0003981
2.109,0.000398
2.1093,0.00039789
2.1095,0.00039782
2.1099,0.00039763
2.11,0.0003976
2.1103,0.00039745
2.1107,0.00039727
2.1111,0.00039712
2.1113,0.00039701
2.1115,0.00039693
2.1117,0.00039685
2.112,0.00039674
2.1121,0.00039668
2.1123,0.0003966
2.1125,0.0003965
2.1129,0.00039636
2.113,0.00039629
2.1135,0.0003961
2.1138,0.00039596
2.114,0.00039586
2.1145,0.00039563
2.1147,0.00039557
2.1148,0.00039552
2.115,0.00039542
2.1152,0.00039533
2.1154,0.00039525
2.1158,0.00039511
2.1161,0.00039497
2.1163,0.00039487
2.1166,0.00039475
2.117,0.00039459
2.1171,0.00039453
2.1172,0.00039447
2.1177,0.00039429
2.1179,0.00039421
2.1181,0.0003941
2.1185,0.00039394
2.1187,0.00039385
2.1188,0.00039379
2.119,0.00039372
2.1193,0.0003936
2.1196,0.00039347
2.1198,0.00039336
2.1201,0.00039323
2.1205,0.00039308
2.1208,0.00039294
2.1211,0.00039281
2.1215,0.00039266
2.1217,0.00039257
2.1219,0.00039247
2.1221,0.00039238
2.1224,0.00039225
2.1226,0.00039219
2.1228,0.00039208
2.123,0.000392
2.1232,0.00039194
2.1234,0.00039183
2.1238,0.00039169
2.124,0.00039157
2.1243,0.00039147
2.1245,0.00039137
2.1249,0.00039118
2.1251,0.00039111
2.1254,0.00039099
2.1257,0.00039086
2.126,0.00039072
2.1261,0.00039068
2.1263,0.00039062
2.1265,0.00039051
2.127,0.00039032
2.1273,0.00039018
2.1276,0.00039006
2.1279,0.00038995
2.1283,0.00038975
2.1286,0.00038964
2.1287,0.00038959
2.1289,0.00038952
2.1291,0.00038942
2.1294,0.0003893
2.1297,0.00038917
2.1299,0.0003891
2.1302,0.00038897
2.1304,0.00038889
2.1306,0.00038878
2.1308,0.0003887
2.131,0.00038862
2.1312,0.00038852
2.1314,0.00038846
2.1319,0.00038825
2.1323,0.00038806
2.1325,0.00038798
2.1329,0.00038781
2.1331,0.00038774
2.1334,0.0003876
2.1337,0.00038748
2.1341,0.00038731
2.1342,0.00038728
2.1345,0.00038715
2.1348,0.00038702
2.1352,0.00038687
2.1354,0.00038678
2.1357,0.00038664
2.1358,0.00038659
2.1362,0.00038642
2.1367,0.00038622
2.137,0.00038609
2.1373,0.00038598
2.1376,0.00038584
2.138,0.00038569
2.1383,0.00038556
2.1386,0.00038543
2.1388,0.00038532
2.1393,0.00038514
2.1395,0.00038503
2.1398,0.00038491
2.1402,0.00038477
2.1403,0.00038471
2.1405,0.00038463
2.1407,0.00038454
2.141,0.00038442
2.1411,0.0003844
2.1413,0.00038431
2.1415,0.00038419
2.1419,0.00038406
2.1421,0.00038395
2.1423,0.00038389
2.1427,0.00038371
2.143,0.00038361
2.1432,0.0003835
2.1437,0.00038331
2.1439,0.00038321
2.1443,0.00038304
2.1445,0.00038298
2.1447,0.00038287
2.145,0.00038274
2.1455,0.00038254
2.1458,0.00038243
2.146,0.00038232
2.1464,0.00038217
2.1466,0.00038209
2.1468,0.00038202
2.1469,0.00038196
2.1473,0.00038179
2.1477,0.00038164
2.1481,0.00038147
2.1483,0.00038139
2.1485,0.00038132
2.1485,0.00038128
2.1489,0.00038115
2.1491,0.00038105
2.1494,0.00038092
2.1497,0.0003808
2.15,0.0003807
2.1504,0.0003805
2.1506,0.00038045
2.1511,0.00038024
2.1513,0.00038014
2.1516,0.00038001
2.1518,0.00037993
2.152,0.00037987
2.1523,0.00037975
2.1525,0.00037967
2.1527,0.00037959
2.153,0.00037944
2.1534,0.00037929
2.1536,0.0003792
2.1539,0.00037907
2.1543,0.00037892
2.1546,0.00037879
2.1549,0.00037866
2.1553,0.00037849
2.1556,0.00037838
2.1557,0.00037835
2.156,0.00037822
2.1564,0.00037807
2.1565,0.00037802
2.1566,0.00037797
2.1569,0.00037786
2.157,0.00037781
2.1577,0.00037753
2.1579,0.00037743
2.158,0.00037738
2.1583,0.00037727
2.1586,0.00037715
2.1589,0.00037704
2.1591,0.00037693
2.1594,0.00037681
2.1599,0.00037663
2.16,0.00037658
2.1604,0.00037642
2.1606,0.00037635
2.1609,0.0003762
2.1613,0.00037607
2.1616,0.00037592
2.1619,0.00037579
2.1624,0.00037561
2.1627,0.00037549
2.1629,0.00037539
2.1632,0.00037528
2.1635,0.00037516
2.1637,0.00037508
2.1639,0.00037498
2.1642,0.00037488
2.1644,0.00037481
2.1646,0.0003747
2.1649,0.0003746
2.165,0.00037454
2.1656,0.00037429
2.1658,0.00037422
2.1664,0.00037397
2.1665,0.00037393
2.1667,0.00037386
2.167,0.00037374
2.1672,0.00037363
2.1675,0.00037354
2.1679,0.00037338
2.1681,0.00037331
2.1684,0.00037316
2.1689,0.00037298
2.1693,0.00037282
2.1694,0.00037277
2.1696,0.00037268
2.1699,0.00037257
2.1702,0.00037246
2.1704,0.00037237
2.1706,0.00037227
2.1709,0.00037215
2.1714,0.00037195
2.1717,0.00037185
2.1719,0.00037175
2.1722,0.00037162
2.1726,0.00037148
2.173,0.00037133
2.1734,0.00037116
2.1737,0.00037105
2.174,0.00037091
2.1744,0.00037076
2.1746,0.00037068
2.1749,0.00037057
2.1751,0.00037045
2.1754,0.00037035
2.1758,0.00037017
2.1762,0.00037002
2.1764,0.00036995
2.1766,0.00036987
2.177,0.0003697
2.1771,0.00036965
2.1775,0.0003695
2.1778,0.0003694
2.1781,0.00036927
2.1783,0.00036918
2.1786,0.00036909
2.1788,0.00036897
2.1793,0.00036879
2.1796,0.00036868
2.18,0.00036853
2.1805,0.00036831
2.1808,0.00036819
2.1811,0.00036807
2.1813,0.00036799
2.1815,0.0003679
2.1818,0.00036779
2.1821,0.00036768
2.1824,0.00036757
2.1827,0.00036745
2.183,0.00036732
2.1832,0.00036725
2.1835,0.00036711
2.1838,0.00036698
2.1843,0.00036681
2.1848,0.00036661
2.1849,0.00036656
2.1852,0.00036646
2.1854,0.00036637
2.1859,0.00036618
2.1863,0.00036601
2.1865,0.00036593
2.1867,0.00036583
2.1871,0.00036568
2.1874,0.00036558
2.1877,0.00036544
2.1879,0.00036538
2.1882,0.00036524
2.1885,0.00036514
2.1888,0.00036503
2.1892,0.00036484
2.1895,0.00036475
2.1899,0.00036458
2.1901,0.0003645
2.1903,0.00036442
2.1905,0.00036434
2.191,0.00036415
2.1914,0.00036398
2.1918,0.00036386
2.1922,0.00036368
2.1924,0.00036361
2.1927,0.0003635
2.1928,0.00036347
2.1931,0.00036332
2.1933,0.00036324
2.1937,0.00036308
2.1943,0.00036286
2.1946,0.00036272
2.1949,0.00036262
2.1953,0.00036248
2.1956,0.00036235
2.196,0.00036219
2.1963,0.00036209
2.1965,0.00036199
2.1967,0.00036192
2.197,0.00036179
2.1974,0.00036166
2.1979,0.00036146
2.198,0.00036142
2.1984,0.00036125
2.1987,0.00036113
2.1991,0.00036099
2.1995,0.00036084
2.1997,0.00036077
2.1999,0.00036067
2.2003,0.0003605
2.2006,0.0003604
2.2009,0.00036026
2.2011,0.0003602
2.2016,0.00036002
2.202,0.00035986
2.2022,0.00035976
2.2026,0.00035962
2.203,0.00035945
2.2032,0.00035941
2.2034,0.0003593
2.2036,0.00035922
2.2039,0.00035911
2.2042,0.000359
2.2044,0.00035892
2.2048,0.00035879
2.2049,0.00035873
2.2055,0.0003585
2.2056,0.00035846
2.2059,0.00035835
2.206,0.00035831
2.2062,0.00035821
2.2067,0.00035802
2.207,0.00035791
2.2075,0.00035774
2.2076,0.00035767
2.2082,0.00035747
2.2084,0.00035737
2.2087,0.00035727
2.209,0.00035715
2.2095,0.00035697
2.2098,0.00035685
2.2103,0.00035666
2.2105,0.00035657
2.2107,0.00035649
2.2109,0.00035643
2.2111,0.00035635
2.2115,0.00035619
2.2118,0.00035605
2.2121,0.00035595
2.2125,0.00035579
2.2129,0.00035565
2.2131,0.00035555
2.2134,0.00035546
2.2137,0.00035534
2.2142,0.00035516
2.2145,0.00035502
2.2149,0.00035488
2.2152,0.00035478
2.2156,0.0003546
2.216,0.00035446
2.2162,0.00035439
2.2164,0.00035432
2.2169,0.00035413
2.2171,0.00035404
2.2174,0.00035392
2.2177,0.00035383
2.218,0.00035369
2.2183,0.0003536
2.2187,0.00035343
2.2189,0.00035334
2.2192,0.00035324
2.2196,0.0003531
2.2199,0.00035297
2.2205,0.00035273
2.2209,0.0003526
2.2212,0.00035249
2.2216,0.00035232
2.2218,0.00035227
2.2219,0.00035221
2.2222,0.00035211
2.2224,0.00035204
2.2226,0.00035194
2.2231,0.00035176
2.2233,0.0003517
2.2239,0.00035147
2.2241,0.00035138
2.2244,0.00035126
2.2249,0.00035108
2.2253,0.00035092
2.2256,0.0003508
2.226,0.00035066
2.2264,0.0003505
2.2269,0.00035034
2.2272,0.0003502
2.2275,0.00035009
2.2278,0.00035
2.2285,0.00034973
2.2287,0.00034965
2.229,0.00034952
2.2292,0.00034946
2.2295,0.00034934
2.2299,0.0003492
2.2304,0.000349
2.2306,0.00034892
2.2311,0.00034874
2.2315,0.00034861
2.2316,0.00034854
2.2322,0.00034833
2.2326,0.00034818
2.2328,0.00034811
2.233,0.00034804
2.2333,0.00034793
2.2334,0.00034789
2.2337,0.00034777
2.2339,0.0003477
2.2344,0.00034752
2.2346,0.00034743
2.2352,0.00034721
2.2356,0.00034707
2.2357,0.00034701
2.2363,0.00034682
2.2364,0.00034675
2.2369,0.00034656
2.2372,0.00034646
2.2375,0.00034634
2.2378,0.00034625
2.2381,0.00034611
2.2384,0.00034601
2.2389,0.00034583
2.2392,0.00034574
2.2395,0.00034562
2.24,0.00034542
2.2402,0.00034536
2.2404,0.00034529
2.2406,0.0003452
2.241,0.00034506
2.2413,0.00034495
2.2418,0.00034475
2.2422,0.0003446
2.2424,0.00034453
2.2428,0.00034439
2.2431,0.00034428
2.2436,0.00034408
2.244,0.00034393
2.2442,0.00034387
2.2446,0.00034372
2.2449,0.0003436
2.2452,0.00034351
2.2454,0.00034341
2.2457,0.00034333
2.246,0.00034321
2.2466,0.00034299
2.2469,0.00034286
2.2471,0.00034279
2.2474,0.00034268
2.2476,0.00034261
2.2479,0.0003425
2.2484,0.00034233
2.2487,0.00034222
2.249,0.0003421
2.2493,0.00034198
2.2498,0.00034182
2.25,0.00034174
2.2505,0.00034153
2.2507,0.00034147
2.2511,0.00034133
2.2513,0.00034125
2.2516,0.00034114
2.2519,0.00034105
2.2521,0.00034095
2.2527,0.00034074
2.2529,0.00034067
2.2534,0.00034048
2.2537,0.00034037
2.254,0.00034026
2.2546,0.00034007
2.2548,0.00033999
2.255,0.0003399
2.2554,0.00033975
2.2558,0.00033963
2.2561,0.00033949
2.2565,0.00033934
2.2568,0.00033925
2.257,0.00033916
2.2573,0.00033907
2.2576,0.00033895
2.2582,0.00033876
2.2585,0.00033865
2.2586,0.00033859
2.2589,0.00033849
2.2593,0.00033834
2.2594,0.00033829
2.2599,0.00033812
2.2602,0.00033801
2.2606,0.00033786
2.2608,0.00033778
2.2613,0.00033762
2.2617,0.00033747
2.2622,0.00033729
2.2624,0.00033721
2.2627,0.0003371
2.263,0.00033702
2.2633,0.00033689
2.2636,0.00033678
2.264,0.00033664
2.2642,0.00033658
2.2648,0.00033635
2.2652,0.0003362
2.2656,0.00033605
2.2658,0.00033598
2.266,0.00033592
2.2665,0.00033573
2.2669,0.00033559
2.2673,0.00033547
2.2676,0.00033536
2.268,0.00033519
2.2682,0.00033513
2.2685,0.00033502
2.2689,0.00033489
2.2692,0.00033475
2.2696,0.00033461
2.2699,0.00033452
2.2702,0.00033442
2.2706,0.00033428
2.271,0.00033412
2.2713,0.00033401
2.2719,0.00033382
2.2722,0.00033368
2.2725,0.0003336
2.2729,0.00033346
2.2733,0.00033332
2.2735,0.00033323
2.2737,0.00033315
2.274,0.00033305
2.2742,0.00033297
2.2745,0.00033288
2.2749,0.00033274
2.2752,0.00033263
2.2756,0.0003325
2.2758,0.00033241
2.2766,0.00033213
2.2767,0.00033208
2.2769,0.00033203
2.2772,0.0003319
2.2775,0.00033181
2.2778,0.0003317
2.2783,0.00033153
2.2788,0.00033134
2.279,0.00033128
2.2794,0.00033112
2.2799,0.00033097
2.2803,0.00033082
2.2806,0.00033071
2.2809,0.00033061
2.2812,0.00033049
2.2816,0.00033035
2.2821,0.00033019
2.2823,0.0003301
2.2828,0.00032994
2.2834,0.00032973
2.2837,0.00032963
2.2842,0.00032944
2.2846,0.00032929
2.285,0.00032914
2.2853,0.00032906
2.2857,0.00032892
2.2858,0.00032887
2.2863,0.00032868
2.2865,0.00032863
2.287,0.00032844
2.2874,0.00032831
2.2879,0.00032813
2.2882,0.00032802
2.2883,0.000328
2.2886,0.00032789
2.2889,0.00032777
2.2894,0.00032761
2.2898,0.00032747
2.2903,0.0003273
2.2905,0.00032722
2.291,0.00032705
2.2915,0.00032689
2.2917,0.00032682
2.2918,0.00032676
2.2922,0.00032664
2.2926,0.0003265
2.2928,0.00032641
2.293,0.00032635
2.2933,0.00032624
2.2937,0.0003261
2.2941,0.00032597
2.2948,0.00032572
2.295,0.00032566
2.2954,0.00032553
2.2955,0.00032547
2.2957,0.00032541
2.2964,0.00032517
2.2968,0.00032504
2.2972,0.00032489
2.2974,0.00032481
2.2977,0.00032473
2.298,0.00032461
2.2983,0.00032452
2.2989,0.00032431
2.2992,0.0003242
2.2995,0.00032411
2.2998,0.000324
2.3001,0.0003239
2.3007,0.0003237
2.301,0.00032359
2.3015,0.00032339
2.302,0.00032323
2.3026,0.00032303
2.3028,0.00032297
2.3031,0.00032286
2.3033,0.00032278
2.3035,0.00032271
2.304,0.00032254
2.3044,0.00032242
2.3047,0.0003223
2.3049,0.00032222
2.3054,0.00032205
2.3062,0.00032177
2.3064,0.00032173
2.3066,0.00032165
2.307,0.00032152
2.3073,0.00032141
2.3078,0.00032125
2.3081,0.00032113
2.3085,0.00032099
2.3088,0.0003209
2.3091,0.00032079
2.3096,0.00032063
2.3098,0.00032056
2.3101,0.00032045
2.3105,0.00032031
2.3108,0.00032021
2.311,0.00032015
2.3115,0.00031997
2.3119,0.00031984
2.3127,0.00031955
2.3133,0.00031937
2.3136,0.00031925
2.3138,0.00031918
2.3145,0.00031897
2.3148,0.00031886
2.3149,0.00031884
2.3154,0.00031865
2.3157,0.00031854
2.316,0.00031846
2.3166,0.00031826
2.3171,0.00031809
2.3174,0.00031799
2.3176,0.0003179
2.3178,0.00031783
2.3179,0.00031779
2.3185,0.00031759
2.319,0.00031743
2.3196,0.00031722
2.32,0.0003171
2.3204,0.00031696
2.3208,0.00031682
2.321,0.00031676
2.3212,0.00031671
2.3214,0.00031663
2.3219,0.00031645
2.3222,0.00031634
2.3227,0.0003162
2.3231,0.00031604
2.3234,0.00031594
2.3241,0.0003157
2.3245,0.00031558
2.3247,0.00031551
2.325,0.00031541
2.3252,0.00031534
2.3258,0.00031514
2.3263,0.00031497
2.3264,0.00031493
2.3269,0.00031479
2.3273,0.00031464
2.3275,0.00031456
2.3278,0.00031446
2.3283,0.0003143
2.3286,0.00031422
2.3288,0.00031413
2.3291,0.00031403
2.3294,0.00031395
2.3298,0.0003138
2.3303,0.00031365
2.3309,0.00031343
2.3315,0.00031325
2.3316,0.0003132
2.3321,0.00031303
2.3323,0.00031297
2.3326,0.00031289
2.3329,0.00031276
2.3332,0.00031268
2.3337,0.00031252
2.334,0.00031241
2.3344,0.00031229
2.3348,0.00031214
2.3357,0.00031185
2.3359,0.00031178
2.3361,0.0003117
2.3366,0.00031157
2.3368,0.00031147
2.3378,0.00031117
2.338,0.00031109
2.3382,0.00031101
2.3387,0.00031086
2.3391,0.00031072
2.3394,0.00031064
2.3395,0.00031058
2.34,0.00031042
2.3403,0.00031033
2.3408,0.00031018
2.3409,0.00031012
2.3415,0.00030993
2.342,0.00030976
2.3426,0.00030957
2.3429,0.00030947
2.3431,0.0003094
2.3436,0.00030924
2.344,0.00030913
2.3443,0.00030902
2.3445,0.00030896
2.345,0.00030877
2.3454,0.00030866
2.3459,0.00030851
2.3463,0.00030836
2.3468,0.00030821
2.3472,0.00030808
2.3474,0.00030799
2.3476,0.00030794
2.3482,0.00030773
2.3487,0.00030759
2.3493,0.0003074
2.3496,0.00030728
2.3498,0.0003072
2.3503,0.00030706
2.3506,0.00030697
2.3507,0.00030693
2.3511,0.0003068
2.3516,0.00030665
2.3523,0.00030642
2.3525,0.00030635
2.353,0.00030618
2.3536,0.00030598
2.3541,0.00030582
2.3544,0.00030574
2.3547,0.00030562
2.3552,0.00030546
2.3557,0.0003053
2.3559,0.00030525
2.3561,0.00030519
2.3566,0.00030501
2.357,0.0003049
2.3574,0.00030475
2.3578,0.00030464
2.358,0.00030457
2.3586,0.00030438
2.3588,0.00030431
2.359,0.00030423
2.3597,0.00030403
2.36,0.00030393
2.3607,0.0003037
2.3611,0.00030357
2.3612,0.00030352
2.3617,0.00030339
2.362,0.00030328
2.3625,0.00030313
2.3628,0.00030302
2.3633,0.00030286
2.3637,0.00030274
2.364,0.00030265
2.3645,0.00030249
2.3652,0.00030225
2.3656,0.00030214
2.3658,0.00030206
2.3662,0.00030194
2.3668,0.00030173
2.3671,0.00030165
2.3674,0.00030154
2.3678,0.00030141
2.3681,0.00030132
2.3685,0.00030119
2.3688,0.0003011
2.3693,0.00030096
2.3698,0.0003008
2.3702,0.00030067
2.3706,0.00030053
2.3712,0.00030035
2.3715,0.00030024
2.3724,0.00029996
2.3728,0.00029985
2.373,0.00029978
2.3731,0.00029973
2.3737,0.00029956
2.374,0.00029946
2.3747,0.00029924
2.375,0.00029913
2.3754,0.00029903
2.3757,0.00029891
2.3763,0.00029873
2.377,0.00029853
2.3771,0.00029849
2.3775,0.00029834
2.3782,0.00029813
2.3786,0.000298
2.3789,0.00029792
2.3793,0.0002978
2.3796,0.0002977
2.3801,0.00029754
2.3804,0.00029745
2.3808,0.0002973
2.3815,0.00029711
2.3819,0.00029697
2.3821,0.00029692
2.3827,0.00029672
2.3836,0.00029645
2.3838,0.00029636
2.3841,0.00029627
2.3846,0.00029613
2.3849,0.00029602
2.3854,0.00029588
2.3855,0.00029583
2.3862,0.00029562
2.3866,0.0002955
2.387,0.00029537
2.3874,0.00029527
2.3881,0.00029504
2.3885,0.00029493
2.3887,0.00029486
2.3893,0.00029465
2.3897,0.00029454
2.3903,0.00029435
2.3906,0.00029426
2.3909,0.00029418
2.3913,0.00029405
2.3917,0.00029391
2.392,0.00029381
2.3924,0.0002937
2.393,0.00029353
2.3934,0.00029341
2.3935,0.00029335
2.3941,0.00029318
2.3951,0.00029287
2.3953,0.0002928
2.3958,0.00029265
2.3961,0.00029256
2.3964,0.00029248
2.3967,0.00029238
2.397,0.00029228
2.3975,0.00029213
2.3979,0.000292
2.3982,0.00029192
2.3986,0.00029181
2.3994,0.00029155
2.3998,0.00029143
2.4001,0.00029134
2.4006,0.00029119
2.4009,0.0002911
2.4016,0.00029086
2.402,0.00029075
2.4022,0.0002907
2.4025,0.00029061
2.4033,0.00029036
2.4036,0.00029027
2.404,0.00029015
2.4045,0.00029
2.4048,0.0002899
2.4052,0.00028976
2.4057,0.00028964
2.4064,0.0002894
2.4069,0.00028926
2.4074,0.00028911
2.4078,0.00028899
2.408,0.00028892
2.4085,0.00028877
2.4087,0.00028872
2.4091,0.00028859
2.4095,0.00028846
2.4097,0.0002884
2.4104,0.00028821
2.4108,0.00028809
2.4112,0.00028795
2.4116,0.00028783
2.4123,0.00028763
2.4126,0.00028753
2.4134,0.00028731
2.4136,0.00028723
2.4137,0.00028719
2.4141,0.00028707
2.4147,0.00028689
2.415,0.00028681
2.4156,0.00028663
2.4159,0.00028655
2.4163,0.00028643
2.4167,0.0002863
2.4173,0.00028613
2.4179,0.00028595
2.4181,0.00028587
2.4187,0.00028571
2.4191,0.00028558
2.4194,0.00028548
2.4198,0.00028536
2.4201,0.00028528
2.4204,0.0002852
2.4207,0.00028509
2.4212,0.00028496
2.4216,0.00028482
2.422,0.00028471
2.4226,0.00028453
2.423,0.00028441
2.4234,0.0002843
2.4239,0.00028415
2.4248,0.00028389
2.425,0.00028382
2.4253,0.00028374
2.4255,0.00028366
2.426,0.00028351
2.4264,0.00028341
2.4268,0.0002833
2.4274,0.0002831
2.428,0.00028293
2.4284,0.00028281
2.429,0.00028262
2.4295,0.00028249
2.4298,0.00028241
2.4304,0.00028223
2.431,0.00028204
2.4313,0.00028197
2.4317,0.00028184
2.4319,0.00028178
2.4324,0.00028162
2.4329,0.00028148
2.4333,0.00028136
2.4341,0.00028114
2.4345,0.00028102
2.435,0.00028086
2.4358,0.00028064
2.4363,0.00028047
2.4368,0.00028034
2.437,0.00028028
2.4375,0.00028014
2.438,0.00027999
2.4382,0.00027993
2.4388,0.00027976
2.4393,0.00027961
2.4397,0.0002795
2.4404,0.00027929
2.4409,0.00027914
2.4412,0.00027905
2.4419,0.00027885
2.4421,0.00027878
2.4428,0.0002786
2.4431,0.0002785
2.4433,0.00027845
2.4436,0.00027834
2.4444,0.00027813
2.4446,0.00027805
2.4453,0.00027786
2.4457,0.00027775
2.446,0.00027766
2.4463,0.00027755
2.4473,0.00027727
2.4478,0.00027715
2.4482,0.00027702
2.4486,0.0002769
2.449,0.0002768
2.4496,0.00027661
2.45,0.00027651
2.4502,0.00027645
2.4507,0.00027629
2.4512,0.00027615
2.4517,0.00027602
2.4523,0.00027584
2.4527,0.00027572
2.4533,0.00027554
2.4537,0.00027544
2.4544,0.00027524
2.4547,0.00027514
2.455,0.00027507
2.4553,0.00027496
2.456,0.00027477
2.4565,0.00027463
2.4571,0.00027447
2.4576,0.00027432
2.4582,0.00027415
2.4589,0.00027394
2.4593,0.00027384
2.4597,0.00027373
2.4601,0.00027359
2.4605,0.0002735
2.4611,0.00027331
2.4613,0.00027326
2.4616,0.00027317
2.4624,0.00027295
2.463,0.00027279
2.4637,0.00027258
2.4642,0.00027244
2.4647,0.00027231
2.4653,0.00027213
2.4659,0.00027196
2.466,0.00027193
2.4663,0.00027183
2.4666,0.00027176
2.4672,0.00027158
2.4676,0.00027148
2.4682,0.00027131
2.4686,0.00027118
2.4692,0.00027102
2.4699,0.00027084
2.4705,0.00027065
2.4709,0.00027055
2.4716,0.00027035
2.4719,0.00027027
2.4724,0.00027013
2.4728,0.00027
2.4733,0.00026988
2.4738,0.00026973
2.4743,0.0002696
2.4751,0.00026938
2.4753,0.0002693
2.4758,0.00026918
2.4767,0.00026892
2.4775,0.00026871
2.4776,0.00026866
2.478,0.00026857
2.4785,0.00026841
2.4791,0.00026824
2.4793,0.00026819
2.4798,0.00026805
2.4804,0.0002679
2.4811,0.0002677
2.4819,0.00026747
2.4823,0.00026737
2.4829,0.0002672
2.4832,0.00026712
2.4837,0.00026698
2.4842,0.00026684
2.4844,0.00026679
2.4848,0.00026668
2.4854,0.0002665
2.4859,0.00026636
2.4866,0.00026619
2.487,0.00026606
2.4874,0.00026596
2.4883,0.0002657
2.4889,0.00026555
2.4892,0.00026546
2.4895,0.00026539
2.4898,0.00026528
2.4905,0.0002651
2.4909,0.00026499
2.4917,0.00026478
2.4921,0.00026465
2.4927,0.00026451
2.4934,0.00026431
2.4938,0.00026419
2.4945,0.00026399
2.4952,0.00026383
2.4955,0.00026372
2.4958,0.00026365
2.4961,0.00026356
2.4969,0.00026334
2.4974,0.00026322
2.498,0.00026306
2.4983,0.00026295
2.4988,0.00026282
2.4996,0.0002626
2.5002,0.00026245
2.5006,0.00026235
2.5009,0.00026226
2.5012,0.00026218
2.5018,0.00026202
2.5023,0.00026189
2.5025,0.00026182
2.5032,0.00026164
2.5039,0.00026146
2.5047,0.00026124
2.505,0.00026115
2.5054,0.00026105
2.5061,0.00026086
2.5068,0.00026067
2.5071,0.0002606
2.5074,0.0002605
2.5078,0.00026041
2.5086,0.00026019
2.509,0.00026006
2.5095,0.00025993
2.5102,0.00025976
2.5108,0.0002596
2.5116,0.00025938
2.512,0.00025928
2.5125,0.00025915
2.5127,0.00025908
2.5134,0.0002589
2.5138,0.00025878
2.5142,0.0002587
2.5151,0.00025845
2.5156,0.00025832
2.5162,0.00025815
2.5168,0.00025798
2.5174,0.00025782
2.5183,0.0002576
2.5185,0.00025755
2.5187,0.00025748
2.5193,0.00025732
2.5202,0.00025709
2.5204,0.00025702
2.5211,0.00025684
2.5217,0.00025668
2.5222,0.00025655
2.523,0.00025634
2.5234,0.00025623
2.5241,0.00025606
2.5243,0.00025601
2.5247,0.00025589
2.5254,0.00025572
2.5258,0.00025561
2.5266,0.00025539
2.527,0.00025528
2.5276,0.00025513
2.5283,0.00025494
2.5289,0.00025479
2.5298,0.00025455
2.53,0.00025449
2.5304,0.0002544
2.5308,0.00025428
2.5316,0.00025409
2.532,0.00025399
2.5327,0.00025379
2.5334,0.00025361
2.5343,0.00025338
2.5349,0.00025324
2.5356,0.00025304
2.5358,0.00025299
2.5363,0.00025286
2.5367,0.00025275
2.5371,0.00025264
2.5381,0.00025241
2.5385,0.0002523
2.5391,0.00025214
2.5399,0.00025194
2.5404,0.0002518
2.5412,0.00025158
2.5416,0.00025149
2.542,0.00025137
2.5425,0.00025125
2.5434,0.00025103
2.5435,0.00025099
2.5443,0.00025079
2.545,0.00025062
2.5457,0.00025044
2.5463,0.00025027
2.5471,0.00025008
2.5474,0.00025001
2.5479,0.00024987
2.5483,0.00024977
2.5486,0.00024968
2.5496,0.00024942
2.55,0.00024933
2.5506,0.00024918
2.5515,0.00024895
2.5523,0.00024874
2.5531,0.00024855
2.5533,0.00024849
2.5537,0.00024839
2.5543,0.00024825
2.555,0.00024806
2.5555,0.00024792
2.5562,0.00024776
2.5567,0.00024763
2.5578,0.00024736
2.5586,0.00024715
2.559,0.00024705
2.5594,0.00024695
2.5597,0.00024686
2.5601,0.00024675
2.5606,0.00024663
2.5613,0.00024645
2.5622,0.00024625
2.5628,0.00024609
2.5634,0.00024595
2.5643,0.00024572
2.5648,0.00024559
2.5651,0.00024551
2.5654,0.00024544
2.5661,0.00024524
2.5666,0.00024513
2.5672,0.00024498
2.5678,0.00024483
2.5685,0.00024466
2.5695,0.00024441
2.57,0.00024427
2.5706,0.00024413
2.5711,0.00024401
2.5715,0.0002439
2.5719,0.0002438
2.5728,0.00024357
2.5732,0.00024348
2.5741,0.00024325
2.5748,0.00024309
2.5757,0.00024285
2.5764,0.00024269
2.5767,0.00024261
2.5772,0.00024249
2.5778,0.00024233
2.5782,0.00024225
2.5791,0.00024202
2.5797,0.00024189
2.5806,0.00024166
2.5815,0.00024143
2.5822,0.00024125
2.5826,0.00024115
2.5832,0.00024101
2.5835,0.00024093
2.5844,0.00024071
2.5848,0.00024061
2.5859,0.00024035
2.5864,0.00024024
2.5874,0.00023998
2.5881,0.00023981
2.5884,0.00023975
2.5889,0.00023961
2.5895,0.00023947
2.5899,0.00023937
2.5909,0.00023914
2.5917,0.00023895
2.5926,0.00023871
2.5934,0.00023852
2.5939,0.00023841
2.5942,0.00023833
2.5948,0.00023819
2.5951,0.0002381
2.596,0.0002379
2.5965,0.00023778
2.5974,0.00023756
2.598,0.00023742
2.599,0.00023717
2.5997,0.000237
2.6,0.00023693
2.6005,0.0002368
2.6011,0.00023666
2.6015,0.00023656
2.6024,0.00023634
2.6031,0.00023618
2.604,0.00023597
2.605,0.00023573
2.6055,0.00023561
2.6057,0.00023556
2.6063,0.00023541
2.6068,0.00023531
2.6076,0.00023511
2.6081,0.00023499
2.6089,0.0002348
2.6099,0.00023457
2.6106,0.0002344
2.6114,0.00023421
2.6117,0.00023414
2.6122,0.000234
2.6128,0.00023387
2.6136,0.00023367
2.6142,0.00023355
2.6152,0.00023329
2.6158,0.00023315
2.6169,0.0002329
2.6172,0.00023283
2.6178,0.0002327
2.6183,0.00023256
2.6192,0.00023236
2.6197,0.00023224
2.6204,0.00023207
2.6215,0.00023183
2.6222,0.00023166
2.623,0.00023147
2.6235,0.00023136
2.624,0.00023123
2.6248,0.00023105
2.6256,0.00023087
2.6264,0.00023067
2.6272,0.00023048
2.6283,0.00023022
2.6288,0.00023012
2.6292,0.00023003
2.6297,0.00022991
2.6304,0.00022975
2.6313,0.00022953
2.632,0.00022938
2.6331,0.00022912
2.6345,0.00022879
2.6348,0.00022872
2.6353,0.0002286
2.636,0.00022846
2.6369,0.00022825
2.6374,0.00022813
2.6386,0.00022786
2.6396,0.00022761
2.6404,0.00022744
2.6407,0.00022736
2.6412,0.00022726
2.6418,0.00022711
2.6424,0.00022698
2.6435,0.00022673
2.6443,0.00022654
2.6453,0.00022631
2.6462,0.00022611
2.6465,0.00022604
2.647,0.00022594
2.6476,0.00022579
2.6487,0.00022555
2.6496,0.00022535
2.6503,0.00022518
2.6516,0.0002249
2.652,0.00022479
2.6524,0.0002247
2.6529,0.00022459
2.6539,0.00022437
2.6546,0.00022422
2.6557,0.00022397
2.6568,0.00022371
2.6577,0.0002235
2.658,0.00022345
2.6586,0.00022331
2.6593,0.00022316
2.6603,0.00022294
2.6612,0.00022273
2.6618,0.00022259
2.6632,0.00022229
2.6637,0.00022216
2.6641,0.00022208
2.6647,0.00022194
2.6655,0.00022178
2.6665,0.00022154
2.6673,0.00022137
2.6685,0.0002211
2.6695,0.00022089
2.6698,0.00022082
2.6705,0.00022065
2.671,0.00022056
2.6719,0.00022036
2.6728,0.00022015
2.6741,0.00021987
2.6753,0.00021961
2.6755,0.00021955
2.6759,0.00021947
2.6769,0.00021925
2.6773,0.00021916
2.6783,0.00021894
2.6795,0.00021867
2.681,0.00021836
2.6814,0.00021827
2.6821,0.00021811
2.6826,0.00021801
2.6835,0.00021782
2.6846,0.00021756
2.6859,0.00021729
2.6869,0.00021706
2.6872,0.000217
2.6878,0.00021687
2.6886,0.0002167
2.6897,0.00021646
2.6907,0.00021625
2.6918,0.000216
2.6928,0.0002158
2.6933,0.00021568
2.6941,0.00021551
2.695,0.00021532
2.696,0.0002151
2.6973,0.00021483
2.6985,0.00021456
2.6988,0.00021451
2.6994,0.00021437
2.7002,0.00021421
2.7013,0.00021397
2.7023,0.00021377
2.7034,0.00021352
2.7044,0.00021331
2.7049,0.0002132
2.7058,0.00021303
2.7066,0.00021284
2.7077,0.00021262
2.7089,0.00021236
2.7102,0.00021209
2.7106,0.00021201
2.7112,0.00021188
2.7122,0.00021167
2.7132,0.00021146
2.7148,0.00021111
2.716,0.00021087
2.7165,0.00021076
2.717,0.00021065
2.7181,0.00021042
2.7192,0.00021021
2.7205,0.00020992
2.7218,0.00020965
2.7222,0.00020957
2.7228,0.00020946
2.7236,0.00020928
2.7248,0.00020903
2.7264,0.0002087
2.7276,0.00020845
2.7281,0.00020835
2.7287,0.00020823
2.7298,0.00020799
2.7309,0.00020778
2.7327,0.0002074
2.7335,0.00020723
2.7338,0.00020717
2.7346,0.00020701
2.7359,0.00020675
2.737,0.00020652
2.739,0.00020612
2.7394,0.00020603
2.74,0.00020591
2.741,0.0002057
2.7423,0.00020543
2.7437,0.00020515
2.7451,0.00020488
2.7455,0.0002048
2.7463,0.00020464
2.7475,0.00020439
2.7486,0.00020417
2.7506,0.00020377
2.7512,0.00020365
2.7519,0.0002035
2.753,0.00020328
2.7541,0.00020306
2.756,0.00020268
2.7568,0.00020253
2.7576,0.00020237
2.7584,0.00020221
2.7597,0.00020196
2.7615,0.00020159
2.7627,0.00020136
2.7633,0.00020124
2.7643,0.00020104
2.7655,0.00020079
2.7677,0.00020038
2.7684,0.00020022
2.7692,0.00020008
2.77,0.00019991
2.7713,0.00019966
2.7738,0.00019917
2.7744,0.00019904
2.7752,0.0001989
2.7762,0.00019869
2.7779,0.00019836
2.78,0.00019796
2.7803,0.00019789
2.7811,0.00019774
2.7824,0.0001975
2.7847,0.00019705
2.7859,0.00019682
2.7865,0.0001967
2.7875,0.00019651
2.7896,0.00019612
2.7916,0.00019573
2.792,0.00019565
2.7928,0.0001955
2.7945,0.00019517
2.797,0.00019469
2.7977,0.00019456
2.7984,0.00019442
2.8001,0.00019411
2.8025,0.00019366
2.8033,0.0001935
2.8041,0.00019335
2.8056,0.00019306
2.8079,0.00019263
2.8092,0.00019239
2.8101,0.00019223
2.8117,0.00019192
2.8141,0.00019148
2.8151,0.00019129
2.816,0.00019112
2.8178,0.00019079
2.8207,0.00019025
2.8212,0.00019017
2.8224,0.00018994
2.8244,0.00018956
2.8266,0.00018917
2.8273,0.00018903
2.8289,0.00018874
2.8323,0.00018812
2.8328,0.00018803
2.834,0.0001878
2.836,0.00018744
2.8383,0.00018702
2.8393,0.00018685
2.841,0.00018654
2.8441,0.00018598
2.8449,0.00018583
2.8466,0.00018554
2.8498,0.00018495
2.8506,0.00018482
2.8521,0.00018454
2.8557,0.00018391
2.8566,0.00018375
2.8582,0.00018347
2.8616,0.00018287
2.8625,0.0001827
2.8672,0.00018188
2.8677,0.0001818
2.8689,0.00018158
2.8731,0.00018085
2.8739,0.00018072
2.8788,0.00017986
2.8793,0.00017978
2.8805,0.00017957
2.8849,0.00017882
2.8858,0.00017866
2.8906,0.00017784
2.8914,0.0001777
2.8964,0.00017686
2.8971,0.00017673
2.9022,0.00017587
2.9031,0.00017573
2.9081,0.00017489
2.9137,0.00017395
2.9142,0.00017388
2.9196,0.00017298
2.9254,0.00017204
2.9258,0.00017196
2.9314,0.00017106
2.9371,0.00017012
2.9429,0.0001692
2.9488,0.00016826
2.9603,0.00016644
2.9719,0.00016463
