0.032899,0
0.065798,3.5225e-154
0.093053,1.5288e-077
0.10404,2.9294e-062
0.1316,2.0819e-039
0.13958,3.4192e-035
0.1645,8.755e-026
0.17717,1.8294e-022
0.19183,2.0036e-019
0.20012,5.3217e-018
0.21066,1.9768e-016
0.23029,4.5141e-014
0.23724,2.2304e-013
0.25055,3.2814e-012
0.26319,2.8817e-011
0.27129,9.8568e-011
0.28109,3.7727e-010
0.29426,1.8473e-009
0.29791,2.7623e-009
0.30332,4.8684e-009
0.31211,1.1475e-008
0.32569,3.7444e-008
0.33063,5.5478e-008
0.33872,1.0144e-007
0.34972,2.1495e-007
0.35586,3.1643e-007
0.36338,4.9418e-007
0.37221,8.0375e-007
0.37511,9.3527e-007
0.38508,1.5319e-006
0.39616,2.5305e-006
0.39752,2.6833e-006
0.40159,3.1829e-006
0.41223,4.8499e-006
0.41874,6.1685e-006
0.42769,8.4181e-006
0.42895,8.7806e-006
0.43893,1.2077e-005
0.44261,1.3503e-005
0.44748,1.5573e-005
0.45823,2.097e-005
0.46176,2.3003e-005
0.46759,2.6659e-005
0.47448,3.1494e-005
0.48575,4.065e-005
0.49349,4.7877e-005
0.49458,4.8964e-005
0.50111,5.577e-005
0.50326,5.8145e-005
0.51179,6.8171e-005
0.51495,7.2143e-005
0.52018,7.9012e-005
0.52741,8.9136e-005
0.5315,9.5178e-005
0.53959,0.00010779
0.54458,0.00011602
0.55149,0.00012795
0.55929,0.00014213
0.56025,0.00014394
0.56314,0.00014942
0.56793,0.00015872
0.5755,0.00017397
0.58298,0.00018963
0.58852,0.00020162
0.5931,0.00021175
0.59583,0.00021788
0.60395,0.0002365
0.60484,0.00023859
0.60663,0.00024277
0.61461,0.00026174
0.62074,0.00027662
0.62508,0.0002873
0.62854,0.00029587
0.63197,0.00030445
0.63539,0.00031305
0.64637,0.000341
0.64887,0.00034744
0.65303,0.00035816
0.65798,0.00037099
0.66127,0.00037952
0.66534,0.00039015
0.67101,0.00040494
0.67744,0.00042172
0.67823,0.00042381
0.68696,0.00044657
0.69167,0.00045884
0.69401,0.00046494
0.6979,0.00047502
0.69945,0.00047903
0.70407,0.00049098
0.70867,0.00050279
0.71172,0.00051059
0.72154,0.00053549
0.72378,0.00054113
0.72677,0.0005486
0.73048,0.00055784
0.73565,0.00057059
0.74224,0.00058666
0.74588,0.00059543
0.75022,0.0006058
0.75166,0.00060922
0.7574,0.0006227
0.76309,0.00063589
0.76733,0.00064558
0.76804,0.00064717
0.77085,0.00065352
0.77645,0.00066597
0.782,0.00067812
0.78958,0.00069433
0.79095,0.00069721
0.79232,0.00070008
0.79504,0.00070575
0.7964,0.00070856
0.80115,0.00071824
0.80653,0.00072902
0.81255,0.00074079
0.81388,0.00074335
0.8172,0.00074968
0.82314,0.00076079
0.82511,0.00076441
0.83034,0.00077386
0.83294,0.00077849
0.83877,0.00078863
0.8407,0.00079193
0.84327,0.00079627
0.84903,0.00080579
0.85411,0.00081396
0.85601,0.00081696
0.85791,0.00081992
0.86356,0.00082857
0.86856,0.000836
0.87105,0.00083962
0.87601,0.00084666
0.88278,0.00085595
0.88523,0.00085922
0.88828,0.00086322
0.89071,0.00086635
0.89495,0.0008717
0.89797,0.00087541
0.89858,0.00087615
0.90518,0.00088397
0.90995,0.0008894
0.91232,0.00089204
0.91469,0.00089463
0.91765,0.00089778
0.92176,0.00090207
0.92352,0.00090386
0.92703,0.00090736
0.93053,0.00091075
0.93169,0.00091185
0.93575,0.00091563
0.94094,0.00092027
0.94266,0.00092177
0.94896,0.00092704
0.95408,0.00093111
0.95634,0.00093285
0.95917,0.00093497
0.96311,0.00093782
0.96759,0.00094093
0.9715,0.00094353
0.97428,0.00094531
0.97706,0.00094703
0.98148,0.00094966
0.98588,0.00095215
0.98698,0.00095275
0.98917,0.00095392
0.98971,0.00095421
0.99462,0.00095671
0.99897,0.00095878
1.0022,0.00096025
1.0044,0.00096119
1.0071,0.00096232
1.0135,0.00096484
1.0162,0.00096581
1.0204,0.00096726
1.0215,0.00096761
1.0236,0.00096828
1.0278,0.00096954
1.0299,0.00097012
1.0325,0.00097082
1.0388,0.00097232
1.0404,0.00097266
1.0456,0.0009737
1.0492,0.00097433
1.0512,0.00097466
1.0533,0.00097496
1.0574,0.0009755
1.0594,0.00097574
1.062,0.000976
1.0655,0.00097632
1.0701,0.00097663
1.0716,0.0009767
1.0741,0.00097681
1.0777,0.00097691
1.0822,0.00097695
1.0857,0.00097691
1.0877,0.00097687
1.0897,0.0009768
1.0936,0.00097662
1.0956,0.00097651
1.0995,0.00097622
1.1035,0.00097587
1.1059,0.00097562
1.1132,0.00097472
1.1171,0.00097415
1.1186,0.00097392
1.1191,0.00097384
1.1229,0.00097319
1.1244,0.00097293
1.1263,0.00097257
1.132,0.00097142
1.1344,0.0009709
1.1363,0.00097047
1.1406,0.00096947
1.1444,0.00096852
1.1477,0.00096765
1.151,0.00096675
1.1519,0.00096649
1.1552,0.00096555
1.1571,0.00096499
1.1627,0.00096326
1.1641,0.00096282
1.1669,0.00096191
1.1683,0.00096145
1.1743,0.00095938
1.177,0.0009584
1.1793,0.00095756
1.1844,0.00095567
1.1862,0.00095497
1.1867,0.00095479
1.1885,0.00095408
1.1917,0.00095281
1.1926,0.00095245
1.1962,0.00095096
1.1975,0.0009504
1.2048,0.00094732
1.2066,0.00094653
1.2079,0.00094594
1.2097,0.00094514
1.2133,0.00094352
1.2137,0.00094332
1.2173,0.00094167
1.219,0.00094084
1.2213,0.00093979
1.2226,0.00093916
1.2244,0.00093831
1.2283,0.00093637
1.2319,0.00093463
1.2349,0.00093309
1.2367,0.0009322
1.2384,0.00093131
1.2402,0.00093041
1.2437,0.0009286
1.2484,0.00092608
1.2506,0.00092493
1.2519,0.00092423
1.2528,0.00092376
1.2562,0.00092189
1.2571,0.00092142
1.2597,0.00092
1.2639,0.00091761
1.2661,0.00091641
1.2699,0.00091424
1.2712,0.00091351
1.2797,0.0009086
1.2814,0.00090761
1.2835,0.00090637
1.2869,0.00090437
1.2898,0.00090261
1.2927,0.00090084
1.2948,0.00089958
1.2965,0.00089856
1.2982,0.00089755
1.3015,0.0008955
1.3036,0.00089422
1.3048,0.00089345
1.3098,0.00089036
1.311,0.00088958
1.3147,0.00088724
1.3164,0.0008862
1.3176,0.00088542
1.3213,0.00088307
1.3233,0.00088176
1.3246,0.00088097
1.3262,0.00087992
1.3307,0.00087703
1.3323,0.00087597
1.336,0.00087359
1.3396,0.0008712
1.3424,0.00086934
1.344,0.00086828
1.3493,0.00086481
1.3505,0.00086401
1.3525,0.00086267
1.3549,0.00086106
1.3565,0.00085999
1.3589,0.00085838
1.362,0.00085624
1.3648,0.00085435
1.3684,0.00085193
1.3696,0.00085113
1.3727,0.00084897
1.3743,0.00084789
1.3775,0.00084574
1.381,0.00084331
1.3822,0.0008425
1.3833,0.00084169
1.3837,0.00084142
1.3868,0.00083926
1.388,0.00083845
1.3915,0.00083602
1.3958,0.00083305
1.3962,0.00083278
1.3966,0.00083251
1.3989,0.00083088
1.3997,0.00083034
1.4028,0.00082818
1.4066,0.00082548
1.4128,0.00082117
1.4147,0.00081982
1.4162,0.00081874
1.4173,0.00081793
1.4192,0.00081658
1.4208,0.00081551
1.4238,0.00081335
1.4253,0.00081228
1.4284,0.00081012
1.4299,0.00080905
1.4333,0.00080663
1.4363,0.00080449
1.4389,0.00080261
1.4423,0.0008002
1.4446,0.0007986
1.4464,0.00079726
1.4479,0.00079619
1.4491,0.00079539
1.4524,0.00079299
1.4543,0.00079166
1.4569,0.0007898
1.4573,0.00078953
1.461,0.00078688
1.4613,0.00078661
1.4672,0.00078238
1.4691,0.00078106
1.4713,0.00077947
1.4746,0.0007771
1.4779,0.00077473
1.4805,0.0007729
1.4808,0.00077263
1.4837,0.00077054
1.4863,0.00076871
1.4867,0.00076844
1.4878,0.00076766
1.4896,0.00076636
1.4907,0.00076557
1.4921,0.00076453
1.4954,0.00076219
1.4983,0.00076012
1.5004,0.00075856
1.5019,0.00075753
1.5037,0.00075624
1.5069,0.00075392
1.5098,0.00075186
1.5134,0.00074929
1.5137,0.00074904
1.5155,0.00074776
1.5166,0.00074699
1.5191,0.0007452
1.5212,0.00074367
1.5241,0.00074164
1.5265,0.00073986
1.5304,0.00073708
1.5322,0.00073582
1.5336,0.00073481
1.5354,0.00073355
1.5361,0.00073305
1.5403,0.00073004
1.5417,0.00072904
1.5449,0.00072679
1.5466,0.00072554
1.5477,0.0007248
1.5494,0.00072355
1.5519,0.00072182
1.555,0.00071959
1.5588,0.00071688
1.5599,0.00071614
1.5602,0.0007159
1.5605,0.00071565
1.563,0.00071393
1.564,0.0007132
1.5685,0.00071002
1.5713,0.00070808
1.5726,0.0007071
1.5754,0.00070517
1.5792,0.00070251
1.5798,0.00070203
1.5809,0.00070131
1.5819,0.00070058
1.5826,0.0007001
1.5846,0.00069866
1.5877,0.00069651
1.5891,0.00069556
1.5915,0.00069389
1.5928,0.00069294
1.5959,0.0006908
1.5972,0.00068986
1.6009,0.00068726
1.604,0.00068515
1.6043,0.00068491
1.6063,0.00068351
1.607,0.00068304
1.6094,0.00068141
1.6124,0.00067931
1.6134,0.00067861
1.6174,0.00067583
1.6188,0.00067491
1.6201,0.00067399
1.6231,0.00067192
1.6251,0.00067054
1.6254,0.00067032
1.6284,0.00066826
1.6311,0.00066644
1.6337,0.00066462
1.6361,0.00066304
1.6374,0.00066213
1.6427,0.00065854
1.645,0.00065697
1.6463,0.00065608
1.6489,0.00065429
1.6519,0.00065229
1.6532,0.00065141
1.6545,0.00065052
1.6568,0.00064898
1.6607,0.00064634
1.6626,0.00064503
1.6646,0.00064372
1.6659,0.00064285
1.6678,0.00064154
1.6714,0.00063916
1.6753,0.00063657
1.6766,0.00063571
1.6775,0.00063506
1.6779,0.00063485
1.6791,0.00063399
1.6808,0.00063292
1.683,0.00063143
1.6853,0.00062994
1.6865,0.00062909
1.6894,0.00062719
1.6917,0.00062571
1.6936,0.00062445
1.6958,0.00062298
1.6984,0.00062131
1.6996,0.00062047
1.7038,0.00061777
1.7063,0.00061612
1.7073,0.0006155
1.7098,0.00061385
1.7108,0.00061323
1.712,0.00061241
1.7158,0.00060996
1.7164,0.00060955
1.7186,0.00060813
1.7221,0.0006059
1.7237,0.00060489
1.7249,0.00060409
1.7265,0.00060308
1.729,0.00060148
1.7315,0.00059988
1.7362,0.00059689
1.7374,0.0005961
1.7399,0.00059452
1.7421,0.00059314
1.744,0.00059196
1.7449,0.00059138
1.7464,0.0005904
1.7486,0.00058903
1.7489,0.00058884
1.7514,0.00058728
1.752,0.0005869
1.7539,0.00058573
1.7557,0.00058457
1.7585,0.00058284
1.7597,0.00058208
1.7634,0.00057978
1.7656,0.00057845
1.768,0.00057693
1.7686,0.00057655
1.7708,0.00057523
1.7735,0.00057353
1.7766,0.00057166
1.7778,0.00057091
1.7793,0.00056997
1.7808,0.00056904
1.7814,0.00056867
1.7832,0.00056756
1.7842,0.000567
1.7878,0.00056479
1.7899,0.0005635
1.7905,0.00056313
1.7926,0.00056185
1.7953,0.00056021
1.7959,0.00055985
1.7978,0.00055876
1.7999,0.00055749
1.8023,0.00055604
1.8035,0.00055532
1.8095,0.00055174
1.8104,0.0005512
1.8118,0.00055032
1.8121,0.00055014
1.8142,0.0005489
1.8151,0.00054837
1.8169,0.00054731
1.8199,0.00054555
1.8214,0.00054467
1.8241,0.0005431
1.8249,0.00054257
1.8282,0.00054066
1.8294,0.00053997
1.8329,0.0005379
1.8344,0.00053704
1.8359,0.00053618
1.8391,0.0005343
1.8415,0.00053293
1.8426,0.00053225
1.8435,0.00053175
1.845,0.0005309
1.8453,0.00053073
1.8497,0.0005282
1.8523,0.0005267
1.8541,0.00052569
1.8555,0.00052486
1.8576,0.0005237
1.8611,0.00052171
1.8622,0.00052105
1.8634,0.0005204
1.866,0.00051892
1.8672,0.00051827
1.8695,0.00051696
1.8706,0.00051631
1.8715,0.00051582
1.8732,0.00051485
1.8755,0.00051356
1.8764,0.00051307
1.8778,0.00051227
1.8799,0.00051114
1.8825,0.0005097
1.8842,0.00050875
1.8853,0.00050811
1.8879,0.00050668
1.8893,0.00050589
1.8902,0.00050542
1.8936,0.00050353
1.8945,0.00050306
1.8979,0.00050119
1.8985,0.00050087
1.9008,0.00049963
1.9039,0.00049793
1.9073,0.00049608
1.9082,0.00049562
1.9093,0.00049501
1.9099,0.0004947
1.9127,0.00049317
1.9141,0.00049241
1.9152,0.00049181
1.9164,0.0004912
1.9183,0.00049014
1.922,0.00048819
1.9254,0.00048639
1.9276,0.0004852
1.9301,0.00048386
1.9321,0.00048282
1.9352,0.0004812
1.9355,0.00048106
1.9369,0.00048032
1.9391,0.00047915
1.9413,0.00047799
1.9422,0.00047755
1.9436,0.00047682
1.9455,0.00047581
1.9466,0.00047523
1.948,0.00047451
1.9488,0.00047408
1.953,0.00047193
1.9544,0.00047121
1.9555,0.00047064
1.9569,0.00046993
1.9588,0.00046894
1.9613,0.00046767
1.963,0.00046682
1.9635,0.00046654
1.9676,0.00046444
1.9687,0.00046388
1.9718,0.00046235
1.974,0.00046124
1.9742,0.00046111
1.9745,0.00046097
1.9764,0.00046
1.9775,0.00045945
1.9786,0.0004589
1.9794,0.00045849
1.9808,0.00045781
1.9838,0.00045631
1.9863,0.00045508
1.9873,0.00045454
1.9876,0.00045441
1.9892,0.0004536
1.9917,0.00045238
1.9939,0.00045131
1.996,0.00045024
1.9985,0.00044904
2.0004,0.00044811
2.0012,0.00044772
2.0028,0.00044692
2.0044,0.00044613
2.0069,0.00044495
2.0079,0.00044443
2.0093,0.00044377
2.0101,0.00044338
2.013,0.00044195
2.0141,0.00044143
2.0165,0.00044027
2.0184,0.00043936
2.02,0.00043859
2.024,0.00043667
2.0262,0.00043565
2.0272,0.00043515
2.0294,0.00043413
2.0304,0.00043363
2.0312,0.00043325
2.0336,0.00043212
2.035,0.00043149
2.0392,0.00042949
2.04,0.00042912
2.0408,0.00042874
2.0429,0.00042775
2.0453,0.00042664
2.0464,0.00042615
2.0477,0.00042553
2.0493,0.0004248
2.0517,0.0004237
2.0527,0.00042321
2.054,0.0004226
2.0567,0.00042139
2.0598,0.00041994
2.0609,0.00041946
2.0611,0.00041934
2.0651,0.00041754
2.0666,0.00041683
2.0716,0.00041458
2.0729,0.00041399
2.0747,0.00041316
2.075,0.00041304
2.0771,0.00041211
2.0779,0.00041175
2.0807,0.00041047
2.081,0.00041036
2.0833,0.00040931
2.0841,0.00040896
2.0862,0.00040804
2.0896,0.00040654
2.0911,0.00040586
2.0924,0.00040528
2.0937,0.00040471
2.0955,0.00040392
2.0983,0.00040267
2.0994,0.00040222
2.1019,0.00040109
2.1025,0.00040087
2.1048,0.00039986
2.1058,0.00039941
2.1066,0.00039908
2.1081,0.00039841
2.1099,0.00039763
2.112,0.00039674
2.1122,0.00039663
2.1148,0.00039553
2.1163,0.00039487
2.1181,0.0003941
2.1189,0.00039377
2.1201,0.00039323
2.1219,0.00039247
2.1232,0.00039192
2.126,0.00039073
2.1265,0.00039051
2.1306,0.00038879
2.1324,0.00038804
2.1346,0.00038708
2.1364,0.00038634
2.1384,0.00038549
2.1395,0.00038506
2.1407,0.00038454
2.1425,0.0003838
2.1448,0.00038285
2.1455,0.00038254
2.1475,0.0003817
2.1483,0.00038139
2.1485,0.00038128
2.1508,0.00038035
2.1528,0.00037952
2.1546,0.0003788
2.1556,0.00037838
2.1583,0.00037725
2.1626,0.00037552
2.1636,0.00037511
2.1644,0.00037481
2.1646,0.0003747
2.1649,0.0003746
2.1669,0.00037379
2.1689,0.00037298
2.1703,0.00037238
2.1716,0.00037188
2.1726,0.00037148
2.1746,0.00037068
2.1753,0.00037038
2.1776,0.00036948
2.1786,0.00036909
2.1803,0.00036839
2.1808,0.00036819
2.1835,0.00036711
2.1848,0.00036662
2.1872,0.00036564
2.1887,0.00036505
2.1912,0.00036408
2.1924,0.00036359
2.1946,0.00036272
2.1954,0.00036243
2.1961,0.00036214
2.1991,0.00036099
2.2006,0.00036041
2.2023,0.00035975
2.2045,0.00035889
2.206,0.00035832
2.2069,0.00035794
2.2082,0.00035747
2.2104,0.00035662
2.2111,0.00035634
2.2131,0.00035558
2.2162,0.00035437
2.2182,0.00035362
2.2197,0.00035307
2.2199,0.00035297
2.2221,0.00035214
2.2248,0.00035113
2.2267,0.00035039
2.2287,0.00034966
2.2299,0.0003492
2.2333,0.00034793
2.2342,0.00034757
2.2357,0.00034703
2.2371,0.00034648
2.2374,0.00034639
2.2376,0.0003463
2.2393,0.00034567
2.241,0.00034505
2.2432,0.00034424
2.2454,0.00034344
2.2458,0.00034326
2.2487,0.0003422
2.2507,0.00034149
2.2519,0.00034105
2.2528,0.0003407
2.255,0.00033991
2.2569,0.00033921
2.2576,0.00033895
2.2595,0.00033826
2.2612,0.00033765
2.2634,0.00033687
2.266,0.00033592
2.2681,0.00033515
2.2689,0.00033489
2.2703,0.00033438
2.2717,0.00033387
2.2727,0.00033353
2.2739,0.0003331
2.276,0.00033234
2.2777,0.00033175
2.2796,0.00033108
2.2803,0.00033082
2.2812,0.00033049
2.2817,0.00033032
2.2834,0.00032973
2.2853,0.00032907
2.2888,0.00032782
2.2909,0.00032708
2.2912,0.000327
2.2938,0.00032609
2.2956,0.00032543
2.2975,0.00032478
2.2987,0.00032437
2.3004,0.0003238
2.3029,0.00032291
2.3032,0.00032283
2.3039,0.00032259
2.3041,0.00032251
2.306,0.00032186
2.3067,0.00032162
2.3088,0.0003209
2.31,0.0003205
2.3107,0.00032026
2.3116,0.00031994
2.3137,0.00031922
2.3144,0.00031898
2.3163,0.00031835
2.3179,0.00031779
2.32,0.00031708
2.3219,0.00031646
2.3231,0.00031606
2.3254,0.00031528
2.3268,0.00031481
2.3284,0.00031427
2.3303,0.00031365
2.3305,0.00031357
2.3319,0.00031311
2.3358,0.0003118
2.3365,0.00031157
2.3368,0.00031149
2.3379,0.00031111
2.3398,0.0003105
2.3414,0.00030997
2.3423,0.00030967
2.3442,0.00030906
2.346,0.00030845
2.3486,0.00030763
2.3497,0.00030725
2.3506,0.00030695
2.3525,0.00030635
2.3541,0.00030583
2.3545,0.00030568
2.3552,0.00030546
2.3587,0.00030435
2.3616,0.00030339
2.3635,0.0003028
2.3644,0.00030251
2.3687,0.00030112
2.369,0.00030105
2.3697,0.00030083
2.3708,0.00030047
2.3717,0.00030018
2.3724,0.00029996
2.3729,0.00029982
2.3744,0.00029932
2.3754,0.00029903
2.3765,0.00029867
2.377,0.00029853
2.3799,0.00029759
2.3808,0.00029731
2.3826,0.00029674
2.3835,0.00029646
2.3842,0.00029624
2.3863,0.00029561
2.3874,0.00029525
2.3892,0.00029469
2.3915,0.00029399
2.3928,0.00029357
2.3951,0.00029287
2.3962,0.00029252
2.3983,0.0002919
2.3998,0.00029141
2.4016,0.00029086
2.4019,0.00029079
2.4034,0.00029031
2.4043,0.00029004
2.407,0.00028922
2.4073,0.00028915
2.4097,0.0002884
2.4127,0.00028752
2.4131,0.00028738
2.414,0.00028711
2.4151,0.00028677
2.4158,0.00028657
2.418,0.0002859
2.4194,0.0002855
2.4196,0.00028543
2.4205,0.00028516
2.4214,0.0002849
2.4241,0.0002841
2.4265,0.00028337
2.4267,0.0002833
2.4276,0.00028304
2.4288,0.00028271
2.4321,0.00028172
2.4339,0.0002812
2.4345,0.000281
2.4348,0.00028093
2.4359,0.00028061
2.4376,0.00028009
2.4394,0.00027957
2.4412,0.00027905
2.4425,0.00027866
2.4428,0.0002786
2.4445,0.00027808
2.4454,0.00027783
2.4478,0.00027712
2.4487,0.00027687
2.4498,0.00027655
2.4518,0.00027598
2.4551,0.00027503
2.4553,0.00027496
2.4567,0.00027458
2.4571,0.00027446
2.4584,0.00027408
2.4606,0.00027345
2.4624,0.00027295
2.4657,0.00027202
2.4659,0.00027196
2.4674,0.00027152
2.4683,0.00027127
2.4694,0.00027097
2.4709,0.00027053
2.4725,0.0002701
2.4734,0.00026986
2.4744,0.00026955
2.4764,0.000269
2.4769,0.00026888
2.4777,0.00026864
2.4803,0.00026791
2.4817,0.00026754
2.483,0.00026718
2.4851,0.00026658
2.4867,0.00026616
2.4873,0.00026598
2.4886,0.00026562
2.4901,0.0002652
2.4908,0.00026502
2.4919,0.00026472
2.4938,0.00026419
2.4945,0.00026401
2.498,0.00026306
2.4988,0.00026283
2.5003,0.00026241
2.5012,0.00026218
2.5023,0.00026189
2.5038,0.00026148
2.5055,0.00026101
2.5057,0.00026095
2.5081,0.00026031
2.5094,0.00025996
2.5109,0.00025956
2.5124,0.00025916
2.5135,0.00025887
2.5142,0.0002587
2.5161,0.00025818
2.5178,0.00025772
2.5185,0.00025755
2.5193,0.00025732
2.5219,0.00025664
2.523,0.00025636
2.5264,0.00025545
2.5281,0.000255
2.5298,0.00025455
2.5307,0.00025433
2.5313,0.00025416
2.5332,0.00025366
2.5335,0.0002536
2.5341,0.00025344
2.5358,0.00025299
2.5367,0.00025277
2.5384,0.00025233
2.5386,0.00025227
2.5399,0.00025194
2.5409,0.00025167
2.5424,0.00025128
2.5443,0.00025079
2.546,0.00025035
2.5471,0.00025008
2.5486,0.0002497
2.5494,0.00024948
2.5505,0.00024921
2.5537,0.0002484
2.5551,0.00024802
2.559,0.00024705
2.5594,0.00024695
2.5602,0.00024673
2.5606,0.00024663
2.5623,0.0002462
2.5638,0.00024583
2.5657,0.00024535
2.5663,0.00024519
2.5672,0.00024498
2.5691,0.00024451
2.5697,0.00024435
2.5722,0.00024372
2.5739,0.0002433
2.5748,0.00024309
2.5764,0.00024268
2.579,0.00024205
2.5796,0.0002419
2.5809,0.00024159
2.5823,0.00024123
2.5842,0.00024076
2.5855,0.00024046
2.5871,0.00024005
2.5896,0.00023944
2.5907,0.00023918
2.5915,0.00023898
2.593,0.00023862
2.5942,0.00023832
2.5955,0.00023802
2.5965,0.00023776
2.5992,0.00023711
2.5999,0.00023696
2.6009,0.00023671
2.6015,0.00023656
2.603,0.00023621
2.6042,0.00023591
2.6055,0.00023561
2.6059,0.00023551
2.6071,0.00023522
2.6076,0.00023512
2.6092,0.00023472
2.6115,0.00023418
2.6123,0.00023398
2.6132,0.00023379
2.6158,0.00023315
2.6189,0.00023242
2.6196,0.00023227
2.6198,0.00023223
2.622,0.00023169
2.6225,0.0002316
2.6241,0.00023121
2.6264,0.00023068
2.628,0.0002303
2.6295,0.00022996
2.6313,0.00022953
2.6321,0.00022934
2.6336,0.00022901
2.6338,0.00022896
2.634,0.00022891
2.6352,0.00022863
2.6362,0.00022839
2.6389,0.00022778
2.6395,0.00022764
2.6406,0.0002274
2.6412,0.00022726
2.6426,0.00022693
2.6451,0.00022637
2.6455,0.00022628
2.6467,0.000226
2.6483,0.00022563
2.6492,0.00022544
2.6518,0.00022484
2.6524,0.0002247
2.6534,0.00022447
2.6536,0.00022443
2.6557,0.00022397
2.6575,0.00022355
2.6585,0.00022333
2.6614,0.00022269
2.6632,0.00022228
2.6634,0.00022223
2.6648,0.00022192
2.6656,0.00022174
2.6663,0.0002216
2.6667,0.00022151
2.6689,0.00022102
2.6699,0.00022079
2.6721,0.0002203
2.6738,0.00021994
2.6748,0.00021972
2.6762,0.00021941
2.6778,0.00021905
2.6784,0.00021892
2.6802,0.00021852
2.681,0.00021835
2.6826,0.00021799
2.6841,0.00021769
2.6849,0.00021751
2.6857,0.00021734
2.6881,0.00021681
2.6907,0.00021625
2.6925,0.00021586
2.6939,0.00021555
2.6947,0.00021538
2.6957,0.00021516
2.6977,0.00021473
2.6979,0.00021469
2.6985,0.00021456
2.6995,0.00021435
2.7003,0.00021418
2.7021,0.00021379
2.7027,0.00021367
2.7049,0.0002132
2.7051,0.00021315
2.7073,0.00021269
2.7085,0.00021244
2.7097,0.00021218
2.7105,0.00021201
2.7129,0.00021151
2.7139,0.0002113
2.7163,0.0002108
2.7177,0.00021051
2.7187,0.0002103
2.7201,0.00021001
2.7219,0.00020964
2.7229,0.00020943
2.7241,0.00020918
2.7259,0.00020881
2.7261,0.00020877
2.7267,0.00020865
2.7296,0.00020803
2.7306,0.00020783
2.7314,0.00020767
2.7324,0.00020746
2.7356,0.00020681
2.7368,0.00020657
2.737,0.00020653
2.7378,0.00020637
2.7385,0.00020621
2.7403,0.00020585
2.7425,0.0002054
2.7433,0.00020524
2.7449,0.00020492
2.7455,0.0002048
2.7466,0.00020457
2.748,0.00020429
2.7494,0.00020401
2.7514,0.00020361
2.7527,0.00020334
2.7545,0.00020298
2.7551,0.00020287
2.7561,0.00020267
2.7575,0.0002024
2.759,0.00020208
2.7614,0.00020162
2.7635,0.00020119
2.7639,0.00020111
2.7643,0.00020103
2.7655,0.0002008
2.7667,0.00020057
2.7674,0.00020042
2.7686,0.00020019
2.7702,0.00019988
2.7706,0.0001998
2.7731,0.0001993
2.7739,0.00019915
2.776,0.00019873
2.7762,0.00019869
2.7778,0.00019839
2.7801,0.00019794
2.7809,0.00019779
2.7811,0.00019775
2.783,0.00019737
2.7842,0.00019715
2.7848,0.00019703
2.7871,0.00019658
2.7885,0.00019632
2.7902,0.00019599
2.7916,0.00019573
2.7924,0.00019558
2.7931,0.00019543
2.7941,0.00019525
2.7955,0.00019499
2.7964,0.0001948
2.7972,0.00019466
2.7982,0.00019447
2.7993,0.00019425
2.7995,0.00019422
2.8013,0.00019389
2.8018,0.00019378
2.8034,0.00019348
2.8055,0.00019308
2.8072,0.00019276
2.809,0.00019243
2.8105,0.00019214
2.8109,0.00019207
2.8121,0.00019186
2.8126,0.00019175
2.8149,0.00019132
2.8163,0.00019107
2.8167,0.000191
2.8196,0.00019046
2.8198,0.00019043
2.8213,0.00019014
2.8228,0.00018986
2.8249,0.00018947
2.8255,0.00018936
2.8265,0.00018919
2.8288,0.00018877
2.8293,0.00018866
2.8301,0.00018852
2.8311,0.00018835
2.8324,0.0001881
2.8333,0.00018793
2.8341,0.00018779
2.8347,0.00018769
2.8364,0.00018737
2.8381,0.00018706
2.8387,0.00018696
2.8396,0.00018679
2.8408,0.00018658
2.8415,0.00018644
2.8425,0.00018627
2.8442,0.00018596
2.8455,0.00018572
2.8471,0.00018545
2.8484,0.00018521
2.8493,0.00018504
2.8507,0.0001848
2.8524,0.0001845
2.8545,0.00018413
2.8562,0.00018382
2.8567,0.00018372
2.8569,0.00018369
2.8598,0.00018319
2.8615,0.00018289
2.8622,0.00018275
2.863,0.00018262
2.8639,0.00018245
2.8654,0.00018219
2.8666,0.00018199
2.867,0.00018192
2.869,0.00018156
2.87,0.0001814
2.872,0.00018103
2.8728,0.0001809
2.8743,0.00018064
2.8773,0.00018012
2.8779,0.00018002
2.8811,0.00017947
2.8826,0.00017921
2.8839,0.00017899
2.8841,0.00017895
2.885,0.00017879
2.8856,0.0001787
2.888,0.00017828
2.8891,0.00017809
2.8901,0.00017793
2.8925,0.00017751
2.894,0.00017726
2.8951,0.00017707
2.8959,0.00017694
2.8968,0.00017679
2.8976,0.00017666
2.8985,0.0001765
2.8998,0.00017628
2.9018,0.00017594
2.903,0.00017575
2.9043,0.00017553
2.9048,0.00017543
2.9058,0.00017528
2.908,0.00017491
2.9087,0.00017478
2.911,0.00017441
2.9125,0.00017416
2.913,0.00017407
2.9138,0.00017395
2.9145,0.00017382
2.9149,0.00017376
2.9162,0.00017355
2.9177,0.0001733
2.9191,0.00017306
2.9204,0.00017284
2.9219,0.0001726
2.9228,0.00017245
2.9243,0.00017221
2.928,0.0001716
2.9282,0.00017157
2.9288,0.00017148
2.9297,0.00017133
2.931,0.00017112
2.9315,0.00017103
2.9332,0.00017076
2.9341,0.00017061
2.9347,0.00017052
2.9371,0.00017013
2.9382,0.00016996
2.9398,0.00016969
2.9413,0.00016945
2.943,0.00016919
2.9435,0.0001691
2.9444,0.00016895
2.9463,0.00016866
2.9465,0.00016863
2.9487,0.00016828
2.9492,0.00016819
2.9509,0.00016793
2.9545,0.00016735
2.9551,0.00016726
2.9558,0.00016714
2.9567,0.000167
2.9575,0.00016688
2.9589,0.00016665
2.9596,0.00016654
2.9609,0.00016634
2.9611,0.00016631
2.9618,0.00016619
2.9626,0.00016608
2.9638,0.00016588
2.9655,0.00016562
2.9675,0.00016531
2.9679,0.00016525
2.9691,0.00016505
2.9693,0.00016503
2.9721,0.0001646
2.9726,0.00016452
2.975,0.00016415
2.9755,0.00016407
2.9757,0.00016404
2.9766,0.0001639
2.9781,0.00016368
2.9791,0.00016351
2.981,0.00016323
2.983,0.00016292
2.9839,0.00016278
2.9851,0.00016259
2.9868,0.00016234
2.9873,0.00016226
2.9897,0.0001619
2.9911,0.00016168
2.9924,0.00016149
2.9938,0.00016127
2.9945,0.00016116
2.996,0.00016094
2.9967,0.00016084
2.9983,0.00016059
3.0003,0.00016029
3.0009,0.00016021
3.001,0.00016018
3.0018,0.00016008
3.0025,0.00015997
3.0032,0.00015986
3.0054,0.00015954
3.0068,0.00015932
3.0074,0.00015924
3.0083,0.00015911
3.0097,0.0001589
3.0118,0.00015858
3.0133,0.00015836
3.0156,0.00015802
3.0171,0.00015781
3.0196,0.00015744
3.0205,0.00015731
3.0214,0.00015718
3.0242,0.00015676
3.0246,0.00015671
3.0262,0.00015647
3.0269,0.00015637
3.0274,0.00015629
3.0276,0.00015626
3.029,0.00015606
3.0299,0.00015593
3.0305,0.00015585
3.0312,0.00015575
3.0332,0.00015546
3.0333,0.00015544
3.0355,0.00015513
3.0369,0.00015492
3.0381,0.00015474
3.0397,0.00015451
3.0412,0.00015431
3.0414,0.00015428
3.0424,0.00015413
3.0456,0.00015368
3.0469,0.0001535
3.0476,0.0001534
3.0483,0.0001533
3.0485,0.00015327
3.0499,0.00015307
3.0518,0.00015279
3.0524,0.00015272
3.0531,0.00015262
3.0561,0.00015219
3.0568,0.0001521
3.0584,0.00015187
3.0596,0.0001517
3.0603,0.0001516
3.0609,0.00015152
3.0612,0.00015148
3.0625,0.0001513
3.064,0.00015108
3.0646,0.00015101
3.066,0.00015081
3.0672,0.00015064
3.0674,0.00015061
3.0693,0.00015035
3.0707,0.00015015
3.0711,0.0001501
3.0722,0.00014996
3.073,0.00014983
3.0739,0.00014971
3.0753,0.00014952
3.0759,0.00014945
3.0767,0.00014933
3.078,0.00014916
3.0795,0.00014894
3.0806,0.0001488
3.082,0.0001486
3.0841,0.00014832
3.0852,0.00014817
3.088,0.00014779
3.0894,0.0001476
3.0899,0.00014753
3.0913,0.00014734
3.0925,0.00014718
3.0932,0.00014708
3.0936,0.00014703
3.0941,0.00014696
3.0953,0.0001468
3.0969,0.00014659
3.0976,0.00014649
3.0988,0.00014633
3.1006,0.0001461
3.1011,0.00014603
3.1037,0.00014568
3.1046,0.00014556
3.1047,0.00014554
3.1061,0.00014535
3.1088,0.00014501
3.11,0.00014485
3.1108,0.00014473
3.1121,0.00014457
3.1136,0.00014436
3.1136,0.00014436
3.1157,0.00014409
3.1173,0.00014388
3.1176,0.00014384
3.1192,0.00014363
3.1199,0.00014354
3.1204,0.00014347
3.1211,0.00014338
3.122,0.00014327
3.1233,0.00014309
3.1254,0.00014282
3.1259,0.00014275
3.1261,0.00014273
3.127,0.00014262
3.1282,0.00014246
3.1297,0.00014226
3.1316,0.00014201
3.1339,0.00014172
3.1344,0.00014166
3.1351,0.00014157
3.1365,0.00014139
3.1367,0.00014137
3.138,0.00014119
3.1394,0.00014102
3.1406,0.00014086
3.1422,0.00014066
3.1427,0.0001406
3.1441,0.00014042
3.1453,0.00014027
3.1463,0.00014014
3.1482,0.0001399
3.1489,0.00013981
3.1503,0.00013964
3.1509,0.00013955
3.1518,0.00013944
3.1535,0.00013923
3.1544,0.00013912
3.1551,0.00013903
3.1583,0.00013862
3.159,0.00013854
3.1597,0.00013845
3.1611,0.00013828
3.1626,0.00013809
3.1633,0.000138
3.1638,0.00013794
3.1641,0.0001379
3.1652,0.00013777
3.1653,0.00013775
3.1667,0.00013758
3.1669,0.00013756
3.1688,0.00013732
3.1693,0.00013726
3.171,0.00013705
3.1722,0.0001369
3.1735,0.00013674
3.1751,0.00013655
3.1761,0.00013642
3.1769,0.00013632
3.1783,0.00013615
3.1797,0.00013598
3.1805,0.00013588
3.1829,0.00013559
3.1838,0.00013549
3.1846,0.00013538
3.1858,0.00013524
3.1871,0.00013507
3.1878,0.00013499
3.189,0.00013485
3.1912,0.00013458
3.1914,0.00013456
3.1917,0.00013452
3.1927,0.0001344
3.1939,0.00013425
3.1953,0.00013409
3.196,0.00013401
3.1968,0.00013391
3.1978,0.00013379
3.1995,0.00013358
3.2009,0.00013342
3.2014,0.00013336
3.2021,0.00013328
3.2046,0.00013298
3.2049,0.00013294
3.2075,0.00013264
3.2076,0.00013262
3.2081,0.00013256
3.2086,0.0001325
3.2102,0.00013232
3.2107,0.00013226
3.2117,0.00013214
3.2122,0.00013208
3.2134,0.00013194
3.2149,0.00013176
3.2157,0.00013167
3.2161,0.00013163
3.2187,0.00013131
3.2198,0.00013119
3.2223,0.0001309
3.2236,0.00013074
3.2241,0.00013068
3.2248,0.00013061
3.2256,0.00013051
3.2268,0.00013037
3.2278,0.00013026
3.2292,0.0001301
3.2317,0.00012981
3.2323,0.00012973
3.2337,0.00012958
3.2343,0.0001295
3.2357,0.00012935
3.2369,0.00012921
3.2377,0.00012912
3.2397,0.00012889
3.2402,0.00012883
3.2404,0.00012881
3.2409,0.00012875
3.2439,0.00012841
3.2457,0.0001282
3.2465,0.00012811
3.2482,0.00012792
3.2492,0.00012781
3.2502,0.00012769
3.2517,0.00012753
3.2519,0.00012751
3.2532,0.00012736
3.2555,0.0001271
3.2569,0.00012695
3.2572,0.00012691
3.2577,0.00012685
3.2583,0.00012678
3.2585,0.00012676
3.2598,0.00012661
3.2617,0.00012641
3.2623,0.00012633
3.2637,0.00012619
3.2663,0.00012589
3.2675,0.00012576
3.2678,0.00012573
3.269,0.0001256
3.2703,0.00012545
3.2721,0.00012525
3.2728,0.00012518
3.2736,0.00012509
3.2757,0.00012485
3.2776,0.00012465
3.2781,0.0001246
3.2797,0.00012442
3.2809,0.00012429
3.281,0.00012427
3.2822,0.00012415
3.2837,0.00012398
3.2842,0.00012393
3.2853,0.00012381
3.2868,0.00012364
3.2876,0.00012356
3.2894,0.00012336
3.2901,0.00012329
3.2914,0.00012315
3.2929,0.00012299
3.2942,0.00012285
3.2958,0.00012267
3.2968,0.00012256
3.2978,0.00012246
3.2986,0.00012237
3.2993,0.0001223
3.3004,0.00012218
3.3032,0.00012188
3.3037,0.00012183
3.3039,0.00012181
3.3047,0.00012172
3.3063,0.00012155
3.3086,0.00012131
3.3098,0.00012118
3.3104,0.00012112
3.3112,0.00012103
3.3117,0.00012098
3.313,0.00012084
3.3137,0.00012077
3.3163,0.0001205
3.3176,0.00012036
3.3189,0.00012022
3.3196,0.00012015
3.3215,0.00011995
3.3228,0.00011981
3.3235,0.00011975
3.3243,0.00011966
3.3254,0.00011954
3.3269,0.00011939
3.3274,0.00011934
3.3292,0.00011915
3.3298,0.00011909
3.3306,0.000119
3.3308,0.00011899
3.3313,0.00011894
3.3332,0.00011874
3.3357,0.00011848
3.336,0.00011845
3.3371,0.00011833
3.3397,0.00011807
3.3404,0.000118
3.341,0.00011794
3.3425,0.00011779
3.3428,0.00011775
3.3442,0.00011761
3.3462,0.00011741
3.3488,0.00011715
3.3501,0.00011702
3.3506,0.00011697
3.3514,0.00011689
3.3528,0.00011674
3.3541,0.00011661
3.3551,0.00011651
3.3557,0.00011645
3.3559,0.00011643
3.3572,0.0001163
3.3583,0.00011619
3.3585,0.00011617
3.3597,0.00011604
3.3609,0.00011593
3.3617,0.00011585
3.3628,0.00011574
3.3643,0.00011559
3.366,0.00011542
3.367,0.00011532
3.3686,0.00011516
3.3688,0.00011514
3.3696,0.00011506
3.3708,0.00011494
3.3713,0.00011489
3.3731,0.00011472
3.3739,0.00011464
3.3752,0.00011451
3.3758,0.00011445
3.3763,0.0001144
3.3771,0.00011432
3.3789,0.00011415
3.3797,0.00011407
3.3816,0.00011388
3.3821,0.00011383
3.3833,0.00011371
3.3848,0.00011357
3.3862,0.00011343
3.3872,0.00011334
3.3873,0.00011332
3.3888,0.00011318
3.3893,0.00011314
3.3912,0.00011295
3.3916,0.0001129
3.3926,0.00011281
3.3944,0.00011264
3.3963,0.00011246
3.3968,0.00011241
3.3988,0.00011221
3.3993,0.00011217
3.4003,0.00011208
3.4015,0.00011195
3.4033,0.00011179
3.4041,0.00011171
3.4044,0.00011168
3.4076,0.00011138
3.4079,0.00011135
3.409,0.00011124
3.412,0.00011096
3.413,0.00011087
3.4139,0.00011078
3.4145,0.00011072
3.4155,0.00011063
3.4165,0.00011054
3.4172,0.00011046
3.4196,0.00011024
3.4204,0.00011017
3.4217,0.00011005
3.4221,0.00011
3.4231,0.00010991
3.4236,0.00010987
3.4244,0.0001098
3.4255,0.00010969
3.4261,0.00010963
3.4272,0.00010953
3.4282,0.00010944
3.4293,0.00010934
3.4307,0.00010921
3.4312,0.00010917
3.4316,0.00010912
3.4329,0.000109
3.4332,0.00010898
3.4345,0.00010886
3.4362,0.0001087
3.4375,0.00010858
3.44,0.00010835
3.442,0.00010816
3.443,0.00010808
3.4433,0.00010805
3.4442,0.00010796
3.4448,0.00010791
3.4463,0.00010778
3.448,0.00010762
3.4494,0.00010749
3.4508,0.00010736
3.4524,0.00010722
3.4543,0.00010705
3.4546,0.00010702
3.4558,0.00010691
3.4571,0.0001068
3.458,0.00010671
3.4583,0.00010668
3.46,0.00010653
3.4607,0.00010647
3.4618,0.00010638
3.463,0.00010626
3.4646,0.00010612
3.4651,0.00010608
3.4663,0.00010597
3.4669,0.00010591
3.4674,0.00010587
3.4683,0.00010579
3.47,0.00010564
3.4713,0.00010553
3.4724,0.00010543
3.4725,0.00010542
3.4738,0.00010531
3.4749,0.00010521
3.4758,0.00010513
3.4769,0.00010503
3.4775,0.00010498
3.4794,0.00010481
3.4808,0.00010469
3.4823,0.00010455
3.4842,0.00010439
3.4856,0.00010427
3.4873,0.00010412
3.4875,0.0001041
3.4879,0.00010406
3.4887,0.000104
3.4895,0.00010393
3.4898,0.0001039
3.4907,0.00010382
3.4923,0.00010369
3.4931,0.00010362
3.4944,0.0001035
3.4949,0.00010346
3.4966,0.00010331
3.4972,0.00010326
3.4982,0.00010318
3.4999,0.00010303
3.5006,0.00010296
3.5022,0.00010283
3.5028,0.00010278
3.504,0.00010267
3.5042,0.00010266
3.5048,0.00010261
3.5054,0.00010255
3.5073,0.00010239
3.5079,0.00010234
3.5096,0.0001022
3.5114,0.00010204
3.5128,0.00010192
3.5134,0.00010187
3.5147,0.00010177
3.5165,0.00010161
3.5167,0.0001016
3.517,0.00010157
3.5179,0.00010149
3.519,0.0001014
3.5194,0.00010136
3.5204,0.00010128
3.5216,0.00010118
3.5221,0.00010114
3.5227,0.00010109
3.5228,0.00010108
3.5253,0.00010087
3.5264,0.00010078
3.5268,0.00010074
3.5276,0.00010068
3.5294,0.00010053
3.53,0.00010047
3.5313,0.00010037
3.5319,0.00010032
3.5339,0.00010016
3.5349,0.00010007
3.5356,0.00010002
3.5363,9.9953e-005
3.5372,9.9877e-005
3.5388,9.9751e-005
3.5404,9.9612e-005
3.5415,9.9524e-005
3.5429,9.9411e-005
3.5435,9.9361e-005
3.5459,9.916e-005
3.5461,9.9148e-005
3.547,9.9073e-005
3.5478,9.901e-005
3.5488,9.8923e-005
3.5502,9.8811e-005
3.551,9.8749e-005
3.5531,9.8575e-005
3.5537,9.8526e-005
3.5546,9.8452e-005
3.5551,9.8415e-005
3.5557,9.8365e-005
3.5583,9.8156e-005
3.5586,9.8131e-005
3.5594,9.807e-005
3.56,9.8021e-005
3.5607,9.7959e-005
3.5612,9.7922e-005
3.5616,9.7886e-005
3.5628,9.7788e-005
3.563,9.7776e-005
3.5644,9.7666e-005
3.5654,9.758e-005
3.5665,9.7495e-005
3.568,9.7374e-005
3.5683,9.7349e-005
3.5697,9.724e-005
3.5715,9.7095e-005
3.5721,9.7047e-005
3.5739,9.6902e-005
3.5751,9.6806e-005
3.5756,9.677e-005
3.5763,9.671e-005
3.5769,9.6662e-005
3.578,9.6578e-005
3.5789,9.6506e-005
3.5798,9.6434e-005
3.581,9.6339e-005
3.5825,9.6219e-005
3.583,9.6184e-005
3.5853,9.6005e-005
3.5862,9.5934e-005
3.5872,9.5851e-005
3.5884,9.5757e-005
3.5896,9.5662e-005
3.5898,9.565e-005
3.5902,9.5615e-005
3.5914,9.5521e-005
3.5919,9.5486e-005
3.5926,9.5427e-005
3.5934,9.5368e-005
3.5943,9.5298e-005
3.5955,9.5204e-005
3.5957,9.5192e-005
3.5973,9.5064e-005
3.5987,9.4959e-005
3.5997,9.4877e-005
3.6006,9.4807e-005
3.6018,9.4714e-005
3.6021,9.4691e-005
3.6042,9.4529e-005
3.6047,9.4494e-005
3.6059,9.4402e-005
3.6069,9.4321e-005
3.6077,9.4264e-005
3.6101,9.408e-005
3.6114,9.3976e-005
3.6126,9.3885e-005
3.6143,9.3759e-005
3.615,9.3702e-005
3.6167,9.3577e-005
3.6185,9.344e-005
3.6191,9.3395e-005
3.6197,9.3349e-005
3.6203,9.3304e-005
3.6209,9.3259e-005
3.6213,9.3225e-005
3.6234,9.3067e-005
3.6237,9.3044e-005
3.6243,9.2999e-005
3.6244,9.2988e-005
3.6261,9.2864e-005
3.6274,9.2763e-005
3.6285,9.2684e-005
3.6294,9.2617e-005
3.6306,9.2528e-005
3.6316,9.245e-005
3.6328,9.236e-005
3.6334,9.2316e-005
3.6341,9.226e-005
3.6352,9.2182e-005
3.637,9.2049e-005
3.6387,9.1916e-005
3.6398,9.1839e-005
3.6401,9.1817e-005
3.6411,9.174e-005
3.6413,9.1729e-005
3.6428,9.1619e-005
3.6436,9.1553e-005
3.6448,9.1465e-005
3.6459,9.1388e-005
3.6472,9.129e-005
3.6488,9.117e-005
3.6499,9.1093e-005
3.6518,9.0952e-005
3.6524,9.0909e-005
3.653,9.0865e-005
3.6531,9.0854e-005
3.6542,9.0778e-005
3.6555,9.0681e-005
3.6564,9.0616e-005
3.6571,9.0562e-005
3.6588,9.0444e-005
3.6595,9.039e-005
3.6613,9.0261e-005
3.6619,9.0218e-005
3.6625,9.0175e-005
3.6636,9.0089e-005
3.6638,9.0079e-005
3.665,8.9993e-005
3.6654,8.9961e-005
3.6666,8.9876e-005
3.6678,8.9791e-005
3.6685,8.9737e-005
3.669,8.9706e-005
3.6706,8.9589e-005
3.6719,8.9493e-005
3.6725,8.9451e-005
3.6731,8.9409e-005
3.6737,8.9367e-005
3.6756,8.9229e-005
3.6768,8.9145e-005
3.6778,8.9072e-005
3.679,8.8988e-005
3.6803,8.8893e-005
3.6812,8.8831e-005
3.6838,8.8643e-005
3.6847,8.858e-005
3.685,8.8559e-005
3.686,8.8487e-005
3.6866,8.8445e-005
3.6871,8.8414e-005
3.6876,8.8372e-005
3.6896,8.8238e-005
3.69,8.8207e-005
3.6913,8.8114e-005
3.6931,8.799e-005
3.6937,8.7949e-005
3.6941,8.7918e-005
3.6944,8.7898e-005
3.6956,8.7815e-005
3.6972,8.7703e-005
3.6983,8.7621e-005
3.6994,8.7549e-005
3.6995,8.7539e-005
3.7014,8.7406e-005
3.7024,8.7335e-005
3.704,8.7223e-005
3.7048,8.7173e-005
3.7049,8.7163e-005
3.7059,8.7092e-005
3.7077,8.697e-005
3.7084,8.692e-005
3.7094,8.6849e-005
3.7106,8.6769e-005
3.7111,8.6738e-005
3.7112,8.6728e-005
3.7141,8.6528e-005
3.7151,8.6458e-005
3.7159,8.6408e-005
3.7176,8.6288e-005
3.7182,8.6248e-005
3.7189,8.6198e-005
3.7199,8.6128e-005
3.7212,8.6039e-005
3.7224,8.596e-005
3.7228,8.593e-005
3.7234,8.589e-005
3.7247,8.5801e-005
3.7252,8.5772e-005
3.7263,8.5693e-005
3.7269,8.5653e-005
3.7281,8.5575e-005
3.7294,8.5486e-005
3.7298,8.5457e-005
3.732,8.531e-005
3.7326,8.527e-005
3.7343,8.5153e-005
3.7352,8.5095e-005
3.7362,8.5026e-005
3.7372,8.4958e-005
3.7374,8.4949e-005
3.7389,8.4842e-005
3.7407,8.4725e-005
3.7413,8.4687e-005
3.742,8.4638e-005
3.7426,8.46e-005
3.7433,8.4552e-005
3.7453,8.4417e-005
3.7456,8.4397e-005
3.746,8.4369e-005
3.7468,8.432e-005
3.7489,8.4177e-005
3.7502,8.409e-005
3.7505,8.4071e-005
3.7507,8.4062e-005
3.7511,8.4033e-005
3.7518,8.3985e-005
3.7524,8.3947e-005
3.7528,8.3919e-005
3.7547,8.3795e-005
3.7551,8.3766e-005
3.7558,8.3719e-005
3.7571,8.3634e-005
3.7576,8.3605e-005
3.7583,8.3558e-005
3.7594,8.3482e-005
3.7597,8.3463e-005
3.7599,8.3454e-005
3.7622,8.3303e-005
3.7633,8.3228e-005
3.7645,8.3152e-005
3.7662,8.304e-005
3.7666,8.3012e-005
3.7679,8.2928e-005
3.7685,8.289e-005
3.7689,8.2862e-005
3.7698,8.2806e-005
3.7709,8.2732e-005
3.7714,8.2704e-005
3.7732,8.2583e-005
3.7748,8.2481e-005
3.7758,8.2416e-005
3.7765,8.237e-005
3.7777,8.2296e-005
3.7787,8.2231e-005
3.779,8.2213e-005
3.7813,8.2066e-005
3.7823,8.2001e-005
3.7828,8.1965e-005
3.7834,8.1928e-005
3.784,8.1891e-005
3.7857,8.1782e-005
3.787,8.17e-005
3.7873,8.1681e-005
3.7878,8.1645e-005
3.7886,8.1599e-005
3.7903,8.149e-005
3.7904,8.1481e-005
3.7916,8.1408e-005
3.792,8.1381e-005
3.7937,8.1273e-005
3.795,8.1191e-005
3.7958,8.1137e-005
3.7964,8.1101e-005
3.7973,8.1047e-005
3.7977,8.102e-005
3.7983,8.0984e-005
3.8005,8.084e-005
3.8005,8.084e-005
3.8015,8.0778e-005
3.8032,8.067e-005
3.8052,8.0545e-005
3.8062,8.0483e-005
3.8075,8.0403e-005
3.8079,8.0376e-005
3.8086,8.0332e-005
3.8108,8.0199e-005
3.8113,8.0164e-005
3.8123,8.0102e-005
3.8125,8.0093e-005
3.8142,7.9987e-005
3.8147,7.9952e-005
3.8152,7.9925e-005
3.8163,7.9855e-005
3.8169,7.982e-005
3.8177,7.9767e-005
3.8186,7.9715e-005
3.8193,7.9671e-005
3.8197,7.9645e-005
3.8214,7.954e-005
3.8232,7.9426e-005
3.8244,7.9357e-005
3.8245,7.9348e-005
3.8257,7.9279e-005
3.8278,7.9148e-005
3.8282,7.9123e-005
3.829,7.9071e-005
3.8295,7.9045e-005
3.8305,7.8984e-005
3.8317,7.8907e-005
3.8327,7.8846e-005
3.8333,7.8812e-005
3.8347,7.8726e-005
3.8367,7.8606e-005
3.8385,7.8495e-005
3.8391,7.8461e-005
3.8402,7.8392e-005
3.8413,7.8324e-005
3.8419,7.829e-005
3.843,7.8222e-005
3.8436,7.8188e-005
3.8441,7.8154e-005
3.8448,7.8112e-005
3.8464,7.8019e-005
3.847,7.7985e-005
3.8482,7.7909e-005
3.8493,7.7841e-005
3.8498,7.7816e-005
3.8505,7.7774e-005
3.8515,7.7715e-005
3.8524,7.7656e-005
3.8537,7.7581e-005
3.8548,7.7514e-005
3.855,7.7505e-005
3.8558,7.7455e-005
3.8571,7.738e-005
3.8582,7.7313e-005
3.8588,7.728e-005
3.8599,7.7213e-005
3.8604,7.718e-005
3.8606,7.7172e-005
3.862,7.7089e-005
3.8628,7.7039e-005
3.8638,7.6981e-005
3.8642,7.6956e-005
3.8662,7.6841e-005
3.8687,7.6692e-005
3.8694,7.6651e-005
3.8695,7.6643e-005
3.87,7.6618e-005
3.8704,7.6594e-005
3.8707,7.6577e-005
3.8718,7.6512e-005
3.8726,7.6463e-005
3.8737,7.6397e-005
3.8754,7.6299e-005
3.8767,7.6226e-005
3.8782,7.6136e-005
3.8785,7.612e-005
3.8796,7.6055e-005
3.8806,7.5998e-005
3.8817,7.5934e-005
3.8821,7.5909e-005
3.8822,7.5901e-005
3.8834,7.5837e-005
3.8843,7.578e-005
3.885,7.574e-005
3.886,7.5684e-005
3.8867,7.5643e-005
3.8882,7.5555e-005
3.8884,7.5547e-005
3.8889,7.5515e-005
3.8896,7.5475e-005
3.8906,7.5419e-005
3.891,7.5395e-005
3.8923,7.5323e-005
3.8932,7.5267e-005
3.8939,7.5227e-005
3.8955,7.5139e-005
3.8963,7.5092e-005
3.8971,7.5044e-005
3.8977,7.5012e-005
3.8989,7.4941e-005
3.8996,7.4902e-005
3.9017,7.4783e-005
3.9018,7.4775e-005
3.9039,7.4657e-005
3.9045,7.4625e-005
3.9052,7.4586e-005
3.9056,7.4563e-005
3.906,7.4539e-005
3.9085,7.4398e-005
3.9093,7.4351e-005
3.9107,7.4273e-005
3.911,7.4257e-005
3.9127,7.4164e-005
3.9138,7.4102e-005
3.9145,7.4063e-005
3.9151,7.4024e-005
3.9154,7.4008e-005
3.9162,7.3962e-005
3.9167,7.3939e-005
3.9176,7.3884e-005
3.9183,7.3846e-005
3.92,7.3753e-005
3.9216,7.3661e-005
3.9222,7.363e-005
3.9229,7.3591e-005
3.9238,7.3538e-005
3.9259,7.3423e-005
3.9262,7.3407e-005
3.9271,7.3354e-005
3.9284,7.3285e-005
3.9294,7.3232e-005
3.9316,7.311e-005
3.9317,7.3102e-005
3.9328,7.3041e-005
3.9332,7.3019e-005
3.9338,7.2988e-005
3.9353,7.2905e-005
3.9358,7.2875e-005
3.9371,7.2807e-005
3.9383,7.2739e-005
3.9405,7.2618e-005
3.9419,7.2543e-005
3.9431,7.2476e-005
3.9437,7.2446e-005
3.9442,7.2416e-005
3.9453,7.2356e-005
3.9464,7.2296e-005
3.9479,7.2214e-005
3.948,7.2207e-005
3.9485,7.2184e-005
3.9491,7.2147e-005
3.9502,7.2087e-005
3.9513,7.2028e-005
3.9515,7.2021e-005
3.953,7.1939e-005
3.9546,7.185e-005
3.955,7.1828e-005
3.9552,7.1821e-005
3.9563,7.1762e-005
3.9572,7.171e-005
3.958,7.1666e-005
3.9589,7.1622e-005
3.9591,7.1607e-005
3.9601,7.1556e-005
3.9616,7.1475e-005
3.9621,7.1446e-005
3.9639,7.1351e-005
3.9645,7.1321e-005
3.9646,7.1314e-005
3.9657,7.1256e-005
3.9666,7.1205e-005
3.9677,7.1147e-005
3.9683,7.1118e-005
3.9699,7.103e-005
3.971,7.0972e-005
3.9722,7.0907e-005
3.9732,7.0857e-005
3.9743,7.0799e-005
3.9747,7.0777e-005
3.9752,7.0749e-005
3.9755,7.0734e-005
3.9777,7.0619e-005
3.9785,7.0576e-005
3.9786,7.0569e-005
3.9797,7.0511e-005
3.9809,7.0447e-005
3.982,7.039e-005
3.9824,7.0368e-005
3.983,7.034e-005
3.9834,7.0318e-005
3.9842,7.0276e-005
3.9857,7.0197e-005
3.9873,7.0112e-005
3.9875,7.0105e-005
3.9885,7.0048e-005
3.9895,6.9999e-005
3.9899,6.9977e-005
3.9911,6.9914e-005
3.9921,6.9864e-005
3.9938,6.9773e-005
3.9944,6.9745e-005
3.9951,6.9709e-005
3.996,6.966e-005
3.9969,6.9611e-005
3.9972,6.9597e-005
3.9994,6.9485e-005
4.0005,6.9429e-005
4.0013,6.9387e-005
4.002,6.9352e-005
4.0025,6.9324e-005
4.0037,6.9262e-005
4.0052,6.9185e-005
4.0057,6.9158e-005
4.007,6.9095e-005
4.0074,6.9074e-005
4.0079,6.9047e-005
4.0084,6.9019e-005
4.011,6.8888e-005
4.0117,6.8853e-005
4.0138,6.8743e-005
4.0145,6.8709e-005
4.0149,6.8688e-005
4.0155,6.8661e-005
4.0167,6.8599e-005
4.0171,6.8579e-005
4.0176,6.8551e-005
4.0186,6.8503e-005
4.0188,6.849e-005
4.0199,6.8435e-005
4.0203,6.8415e-005
4.0219,6.8333e-005
4.0231,6.8272e-005
4.0242,6.8217e-005
4.0251,6.817e-005
4.0262,6.8116e-005
4.0272,6.8068e-005
4.0278,6.8035e-005
4.0282,6.8014e-005
4.0296,6.7947e-005
4.0311,6.7873e-005
4.0316,6.7846e-005
4.0327,6.7792e-005
4.0331,6.7772e-005
4.0348,6.7685e-005
4.0359,6.7631e-005
4.0368,6.7584e-005
4.0375,6.7551e-005
4.0392,6.7464e-005
4.0396,6.7444e-005
4.0403,6.7411e-005
4.0429,6.7285e-005
4.0443,6.7212e-005
4.0457,6.7146e-005
4.0466,6.71e-005
4.0471,6.7073e-005
4.0477,6.7047e-005
4.0481,6.7027e-005
4.0489,6.6987e-005
4.0499,6.6935e-005
4.0509,6.6889e-005
4.0521,6.683e-005
4.0523,6.6817e-005
4.0531,6.6777e-005
4.0541,6.6731e-005
4.0551,6.6679e-005
4.0572,6.6581e-005
4.0584,6.6523e-005
4.0588,6.6503e-005
4.0605,6.6419e-005
4.0609,6.6399e-005
4.0616,6.6367e-005
4.0621,6.6341e-005
4.0627,6.6308e-005
4.0649,6.6205e-005
4.0658,6.616e-005
4.0673,6.6089e-005
4.0685,6.6031e-005
4.0694,6.5986e-005
4.0701,6.5954e-005
4.0717,6.5877e-005
4.0727,6.5826e-005
4.0737,6.5781e-005
4.0745,6.5743e-005
4.0755,6.5692e-005
4.0764,6.5647e-005
4.0775,6.5596e-005
4.0784,6.5551e-005
4.0791,6.552e-005
4.0796,6.5494e-005
4.0802,6.5469e-005
4.0808,6.5437e-005
4.0816,6.5399e-005
4.0828,6.5342e-005
4.0844,6.5267e-005
4.0859,6.5197e-005
4.0861,6.5185e-005
4.088,6.5097e-005
4.0897,6.5015e-005
4.0902,6.499e-005
4.0908,6.4965e-005
4.0923,6.489e-005
4.0934,6.484e-005
4.0943,6.4796e-005
4.0946,6.4784e-005
4.0954,6.4746e-005
4.0967,6.4684e-005
4.0971,6.4666e-005
4.0986,6.4597e-005
4.0997,6.4542e-005
4.1003,6.4517e-005
4.1013,6.4467e-005
4.1033,6.4375e-005
4.105,6.4295e-005
4.1052,6.4288e-005
4.1061,6.4245e-005
4.1066,6.4221e-005
4.1075,6.4178e-005
4.1087,6.4123e-005
4.1094,6.4092e-005
4.1108,6.4025e-005
4.1124,6.3951e-005
4.1125,6.3945e-005
4.1133,6.3909e-005
4.1136,6.3897e-005
4.1156,6.3805e-005
4.1167,6.3751e-005
4.1177,6.3708e-005
4.1182,6.3684e-005
4.1188,6.3654e-005
4.1192,6.3636e-005
4.1199,6.3605e-005
4.1207,6.3569e-005
4.1217,6.3521e-005
4.1223,6.3497e-005
4.123,6.3461e-005
4.1244,6.34e-005
4.1255,6.3346e-005
4.1266,6.3298e-005
4.1283,6.322e-005
4.1293,6.3172e-005
4.1303,6.3131e-005
4.1313,6.3083e-005
4.1322,6.3041e-005
4.1333,6.2994e-005
4.1344,6.294e-005
4.135,6.2916e-005
4.136,6.2869e-005
4.1376,6.2798e-005
4.1388,6.2745e-005
4.1411,6.2638e-005
4.1419,6.2603e-005
4.1429,6.2556e-005
4.144,6.2509e-005
4.1453,6.245e-005
4.1458,6.2427e-005
4.1465,6.2397e-005
4.147,6.2374e-005
4.1482,6.2321e-005
4.1491,6.228e-005
4.1495,6.2263e-005
4.1501,6.2234e-005
4.1512,6.2187e-005
4.1522,6.2141e-005
4.1534,6.2088e-005
4.1542,6.2053e-005
4.1552,6.2007e-005
4.1559,6.1978e-005
4.1576,6.1903e-005
4.1583,6.1868e-005
4.1585,6.1862e-005
4.1605,6.177e-005
4.1611,6.1747e-005
4.1615,6.173e-005
4.162,6.1707e-005
4.1638,6.1626e-005
4.1642,6.1609e-005
4.1652,6.1563e-005
4.1659,6.1535e-005
4.1667,6.15e-005
4.1673,6.1472e-005
4.1689,6.1403e-005
4.17,6.1352e-005
4.1708,6.1318e-005
4.172,6.1267e-005
4.1725,6.1244e-005
4.1731,6.1215e-005
4.1746,6.1153e-005
4.1751,6.113e-005
4.1756,6.1108e-005
4.1783,6.0989e-005
4.1786,6.0978e-005
4.1791,6.0955e-005
4.1798,6.0927e-005
4.1803,6.0905e-005
4.1813,6.086e-005
4.1814,6.0854e-005
4.1825,6.0809e-005
4.1829,6.0792e-005
4.1845,6.0719e-005
4.1856,6.0675e-005
4.1865,6.0636e-005
4.1874,6.0596e-005
4.1876,6.0585e-005
4.1885,6.0546e-005
4.1887,6.0541e-005
4.1897,6.0496e-005
4.191,6.0441e-005
4.1915,6.0418e-005
4.1922,6.0391e-005
4.1932,6.0346e-005
4.1938,6.0319e-005
4.1942,6.0302e-005
4.1967,6.0197e-005
4.1972,6.0175e-005
4.1984,6.0125e-005
4.199,6.0098e-005
4.1993,6.0087e-005
4.2,6.0054e-005
4.2025,5.9949e-005
4.2035,5.9906e-005
4.2039,5.9889e-005
4.2049,5.9845e-005
4.2066,5.9774e-005
4.2072,5.9747e-005
4.2081,5.9709e-005
4.2092,5.9665e-005
4.2096,5.9649e-005
4.2111,5.9584e-005
4.2116,5.9562e-005
4.2123,5.9535e-005
4.2138,5.947e-005
4.2153,5.9405e-005
4.2157,5.9389e-005
4.2162,5.9368e-005
4.2164,5.9362e-005
4.2184,5.9276e-005
4.2193,5.9238e-005
4.22,5.9211e-005
4.2215,5.9147e-005
4.2226,5.9099e-005
4.2235,5.9061e-005
4.2239,5.9045e-005
4.2247,5.9013e-005
4.2257,5.8971e-005
4.2266,5.8933e-005
4.228,5.8875e-005
4.2292,5.8827e-005
4.2297,5.8806e-005
4.2308,5.8758e-005
4.2326,5.8684e-005
4.2338,5.8636e-005
4.2342,5.862e-005
4.2349,5.8589e-005
4.2358,5.8552e-005
4.237,5.8504e-005
4.2377,5.8473e-005
4.238,5.8462e-005
4.2389,5.8425e-005
4.2399,5.8383e-005
4.2403,5.8368e-005
4.2423,5.8284e-005
4.2431,5.8252e-005
4.2441,5.8211e-005
4.2449,5.8179e-005
4.2451,5.8169e-005
4.2464,5.8117e-005
4.2472,5.8086e-005
4.2481,5.8049e-005
4.2502,5.7961e-005
4.252,5.7888e-005
4.2521,5.7883e-005
4.2525,5.7868e-005
4.2533,5.7837e-005
4.2546,5.7785e-005
4.2557,5.7739e-005
4.2563,5.7713e-005
4.2572,5.7677e-005
4.2584,5.7631e-005
4.2588,5.7615e-005
4.2603,5.7554e-005
4.2614,5.7508e-005
4.2622,5.7477e-005
4.2643,5.739e-005
4.2649,5.737e-005
4.2668,5.7293e-005
4.2679,5.7248e-005
4.2693,5.7192e-005
4.2706,5.7141e-005
4.2716,5.7101e-005
4.2725,5.7065e-005
4.2755,5.6944e-005
4.2765,5.6904e-005
4.2769,5.6889e-005
4.2785,5.6824e-005
4.2796,5.6784e-005
4.2801,5.6764e-005
4.2807,5.6739e-005
4.2816,5.6704e-005
4.2826,5.6664e-005
4.2831,5.6644e-005
4.2845,5.6589e-005
4.2857,5.6539e-005
4.2868,5.6499e-005
4.2888,5.642e-005
4.2897,5.6385e-005
4.291,5.6331e-005
4.2932,5.6247e-005
4.2937,5.6227e-005
4.2962,5.6129e-005
4.2966,5.6114e-005
4.2971,5.6094e-005
4.2977,5.607e-005
4.2989,5.6026e-005
4.2999,5.5986e-005
4.3009,5.5947e-005
4.3012,5.5933e-005
4.3026,5.5879e-005
4.3038,5.5835e-005
4.3043,5.5815e-005
4.3056,5.5762e-005
4.3072,5.5704e-005
4.3079,5.5675e-005
4.3088,5.5641e-005
4.3103,5.5583e-005
4.3109,5.5558e-005
4.3113,5.5544e-005
4.3129,5.5481e-005
4.3139,5.5443e-005
4.3158,5.537e-005
4.3167,5.5337e-005
4.3173,5.5313e-005
4.3178,5.5294e-005
4.3203,5.5198e-005
4.322,5.5136e-005
4.3252,5.5012e-005
4.3257,5.4993e-005
4.3263,5.4969e-005
4.327,5.4945e-005
4.3278,5.4912e-005
4.328,5.4908e-005
4.3292,5.486e-005
4.3297,5.4841e-005
4.3298,5.4837e-005
4.3313,5.478e-005
4.3328,5.4723e-005
4.3332,5.4709e-005
4.334,5.4681e-005
4.335,5.4643e-005
4.3368,5.4573e-005
4.3377,5.454e-005
4.3388,5.4498e-005
4.3393,5.4479e-005
4.3403,5.4442e-005
4.3409,5.4418e-005
4.3428,5.4348e-005
4.3433,5.433e-005
4.3447,5.4279e-005
4.3459,5.4232e-005
4.3472,5.4186e-005
4.3489,5.4121e-005
4.3493,5.4107e-005
4.3508,5.4052e-005
4.3518,5.4015e-005
4.3528,5.3978e-005
4.3533,5.3959e-005
4.3553,5.3886e-005
4.3563,5.3849e-005
4.3571,5.3817e-005
4.3586,5.3762e-005
4.3597,5.3721e-005
4.3612,5.3666e-005
4.3622,5.363e-005
4.3628,5.3607e-005
4.3637,5.3575e-005
4.3657,5.3502e-005
4.3682,5.3412e-005
4.3695,5.3362e-005
4.3701,5.3339e-005
4.3708,5.3317e-005
4.3718,5.3281e-005
4.3727,5.3245e-005
4.3735,5.3218e-005
4.3745,5.3182e-005
4.3757,5.3137e-005
4.3774,5.3074e-005
4.3787,5.3029e-005
4.38,5.298e-005
4.3804,5.2967e-005
4.3807,5.2958e-005
4.3824,5.2895e-005
4.383,5.2873e-005
4.384,5.2837e-005
4.3849,5.2806e-005
4.3856,5.278e-005
4.3874,5.2713e-005
4.3889,5.266e-005
4.3905,5.2603e-005
4.3908,5.2594e-005
4.3927,5.2523e-005
4.3935,5.2497e-005
4.3968,5.2379e-005
4.3982,5.233e-005
4.3987,5.2313e-005
4.3994,5.2287e-005
4.4004,5.2252e-005
4.4011,5.2226e-005
4.4022,5.2186e-005
4.4033,5.2147e-005
4.4042,5.2117e-005
4.4063,5.2043e-005
4.4073,5.2008e-005
4.409,5.1948e-005
4.4106,5.1892e-005
4.4112,5.187e-005
4.4122,5.1836e-005
4.4139,5.1775e-005
4.4151,5.1732e-005
4.4171,5.1664e-005
4.4184,5.1617e-005
4.4194,5.1583e-005
4.4203,5.1553e-005
4.4217,5.1501e-005
4.4219,5.1497e-005
4.4237,5.1433e-005
4.4239,5.1425e-005
4.4258,5.1361e-005
4.4261,5.1349e-005
4.4288,5.1255e-005
4.4298,5.1222e-005
4.432,5.1146e-005
4.4327,5.112e-005
4.4346,5.1057e-005
4.4357,5.102e-005
4.4364,5.0994e-005
4.4398,5.0877e-005
4.4414,5.0823e-005
4.4424,5.079e-005
4.4437,5.0744e-005
4.4442,5.0727e-005
4.4448,5.0707e-005
4.4463,5.0657e-005
4.4477,5.0607e-005
4.4482,5.0591e-005
4.4506,5.0508e-005
4.453,5.043e-005
4.454,5.0393e-005
4.4555,5.0344e-005
4.4573,5.0282e-005
4.4584,5.0245e-005
4.4598,5.02e-005
4.4608,5.0164e-005
4.4612,5.0151e-005
4.4628,5.0098e-005
4.4638,5.0066e-005
4.4652,5.0017e-005
4.4667,4.9969e-005
4.4668,4.9965e-005
4.4678,4.9932e-005
4.4701,4.9855e-005
4.4714,4.9811e-005
4.472,4.9791e-005
4.4728,4.9763e-005
4.4739,4.9727e-005
4.4744,4.971e-005
4.4753,4.9682e-005
4.4762,4.965e-005
4.4784,4.9578e-005
4.4802,4.9518e-005
4.4812,4.9486e-005
4.482,4.9459e-005
4.4844,4.9379e-005
4.486,4.9327e-005
4.4875,4.928e-005
4.4894,4.9217e-005
4.4902,4.9189e-005
4.4907,4.9173e-005
4.4917,4.9142e-005
4.4929,4.9102e-005
4.4947,4.9043e-005
4.4971,4.8965e-005
4.4975,4.8953e-005
4.499,4.8902e-005
4.5013,4.8828e-005
4.5023,4.8797e-005
4.5025,4.8789e-005
4.5037,4.875e-005
4.5062,4.8669e-005
4.5073,4.8634e-005
4.5091,4.8576e-005
4.5099,4.8549e-005
4.5131,4.8449e-005
4.5138,4.8426e-005
4.5149,4.8391e-005
4.5163,4.8345e-005
4.5169,4.8326e-005
4.5173,4.8314e-005
4.5188,4.8265e-005
4.5197,4.8238e-005
4.5207,4.8203e-005
4.5216,4.8177e-005
4.523,4.8131e-005
4.5255,4.8051e-005
4.5267,4.8013e-005
4.5274,4.7991e-005
4.5284,4.796e-005
4.5316,4.7858e-005
4.5325,4.7832e-005
4.5335,4.7798e-005
4.535,4.7753e-005
4.5363,4.7712e-005
4.5369,4.7693e-005
4.5377,4.7667e-005
4.5393,4.7618e-005
4.5412,4.7558e-005
4.5421,4.7529e-005
4.5444,4.7458e-005
4.5453,4.7428e-005
4.5465,4.7391e-005
4.5475,4.7361e-005
4.5477,4.7354e-005
4.5497,4.7291e-005
4.5532,4.7184e-005
4.5534,4.7177e-005
4.554,4.7158e-005
4.555,4.7129e-005
4.5578,4.7041e-005
4.5596,4.6986e-005
4.5605,4.6957e-005
4.5616,4.6924e-005
4.5624,4.6898e-005
4.563,4.688e-005
4.5649,4.6822e-005
4.5664,4.6778e-005
4.5678,4.6735e-005
4.5705,4.6652e-005
4.5716,4.6619e-005
4.5735,4.6562e-005
4.5748,4.6522e-005
4.5759,4.6486e-005
4.5772,4.6447e-005
4.5791,4.6389e-005
4.5797,4.6371e-005
4.5819,4.6307e-005
4.5826,4.6286e-005
4.5833,4.6264e-005
4.5843,4.6232e-005
4.5862,4.6175e-005
4.5876,4.6133e-005
4.59,4.6062e-005
4.5901,4.6059e-005
4.5908,4.6037e-005
4.5924,4.5991e-005
4.5929,4.5974e-005
4.5937,4.5953e-005
4.5961,4.5879e-005
4.5988,4.5798e-005
4.5995,4.5777e-005
4.6008,4.5739e-005
4.6041,4.5641e-005
4.6055,4.5599e-005
4.606,4.5585e-005
4.6064,4.5575e-005
4.608,4.5526e-005
4.6088,4.5502e-005
4.6099,4.5471e-005
4.6112,4.5433e-005
4.6127,4.5388e-005
4.6146,4.5333e-005
4.6173,4.5254e-005
4.6176,4.5243e-005
4.62,4.5175e-005
4.621,4.5144e-005
4.6214,4.5134e-005
4.6238,4.5062e-005
4.6257,4.5008e-005
4.6275,4.4957e-005
4.6294,4.4899e-005
4.6299,4.4886e-005
4.6322,4.4818e-005
4.6345,4.4754e-005
4.6352,4.4734e-005
4.6355,4.4723e-005
4.6365,4.4697e-005
4.6382,4.4646e-005
4.6398,4.4599e-005
4.6425,4.4522e-005
4.6445,4.4466e-005
4.6457,4.4432e-005
4.6467,4.4402e-005
4.6494,4.4326e-005
4.6504,4.4296e-005
4.6508,4.4286e-005
4.6526,4.4233e-005
4.6536,4.4207e-005
4.6547,4.4174e-005
4.6556,4.4151e-005
4.6564,4.4128e-005
4.6587,4.4062e-005
4.6606,4.401e-005
4.663,4.3941e-005
4.664,4.3911e-005
4.6648,4.3889e-005
4.6659,4.3859e-005
4.6662,4.3849e-005
4.6686,4.3784e-005
4.6718,4.3694e-005
4.6731,4.3658e-005
4.6759,4.3581e-005
4.6764,4.3564e-005
4.6783,4.3513e-005
4.6787,4.35e-005
4.6796,4.3478e-005
4.6807,4.3446e-005
4.6815,4.3423e-005
4.6829,4.3385e-005
4.6846,4.3337e-005
4.6857,4.3308e-005
4.6889,4.3219e-005
4.6908,4.3168e-005
4.6926,4.3117e-005
4.6935,4.3092e-005
4.6943,4.307e-005
4.6968,4.3004e-005
4.698,4.2969e-005
4.6994,4.2931e-005
4.7004,4.2903e-005
4.7012,4.2881e-005
4.7029,4.2837e-005
4.7049,4.2781e-005
4.7064,4.274e-005
4.7081,4.2694e-005
4.7087,4.2678e-005
4.7104,4.2631e-005
4.7118,4.2594e-005
4.7133,4.2554e-005
4.7173,4.2446e-005
4.7178,4.2433e-005
4.7185,4.2415e-005
4.7222,4.2316e-005
4.723,4.2295e-005
4.724,4.2267e-005
4.7252,4.2234e-005
4.7266,4.2197e-005
4.7271,4.2185e-005
4.7288,4.2139e-005
4.7295,4.2121e-005
4.7321,4.2051e-005
4.7339,4.2002e-005
4.7359,4.1951e-005
4.7379,4.1897e-005
4.739,4.1869e-005
4.7395,4.1854e-005
4.7431,4.1761e-005
4.7448,4.1716e-005
4.7458,4.1689e-005
4.7463,4.1677e-005
4.7466,4.1668e-005
4.7478,4.1639e-005
4.7507,4.1561e-005
4.7514,4.1543e-005
4.7531,4.1499e-005
4.7541,4.1472e-005
4.755,4.1448e-005
4.7569,4.1401e-005
4.7581,4.1368e-005
4.7623,4.1259e-005
4.7639,4.1218e-005
4.7641,4.1212e-005
4.7677,4.1121e-005
4.769,4.1086e-005
4.7704,4.1051e-005
4.7717,4.1016e-005
4.7732,4.0979e-005
4.7741,4.0955e-005
4.7758,4.0912e-005
4.7784,4.0845e-005
4.779,4.0831e-005
4.7817,4.0762e-005
4.784,4.0704e-005
4.7844,4.0693e-005
4.7853,4.067e-005
4.7894,4.0566e-005
4.7904,4.0541e-005
4.7917,4.0509e-005
4.7922,4.0495e-005
4.7931,4.0472e-005
4.7943,4.0444e-005
4.7958,4.0404e-005
4.7979,4.0353e-005
4.7997,4.0308e-005
4.8004,4.0291e-005
4.8029,4.0226e-005
4.8037,4.0206e-005
4.8067,4.0133e-005
4.8088,4.008e-005
4.8101,4.0046e-005
4.8112,4.0021e-005
4.8148,3.9932e-005
4.8155,3.9912e-005
4.8164,3.989e-005
4.8178,3.9857e-005
4.819,3.9826e-005
4.8195,3.9815e-005
4.82,3.9801e-005
4.8232,3.9724e-005
4.8246,3.9688e-005
4.8272,3.9625e-005
4.8281,3.9603e-005
4.8302,3.9551e-005
4.8316,3.9518e-005
4.8357,3.9417e-005
4.8361,3.9409e-005
4.8371,3.9384e-005
4.8388,3.9344e-005
4.8396,3.9322e-005
4.8408,3.9295e-005
4.8423,3.9257e-005
4.8443,3.9208e-005
4.8452,3.9187e-005
4.8468,3.9149e-005
4.8478,3.9125e-005
4.8505,3.906e-005
4.853,3.8999e-005
4.8548,3.8956e-005
4.8568,3.8908e-005
4.8581,3.8879e-005
4.8621,3.8783e-005
4.8634,3.8751e-005
4.8647,3.872e-005
4.8657,3.8696e-005
4.8687,3.8625e-005
4.8709,3.8575e-005
4.8727,3.853e-005
4.8745,3.8488e-005
4.8763,3.8446e-005
4.8781,3.8405e-005
4.8817,3.8319e-005
4.8824,3.8303e-005
4.8838,3.8269e-005
4.8855,3.8231e-005
4.8862,3.8215e-005
4.8873,3.8189e-005
4.8908,3.8107e-005
4.8914,3.8094e-005
4.8927,3.8063e-005
4.8957,3.7994e-005
4.8967,3.7971e-005
4.8994,3.7907e-005
4.9003,3.7887e-005
4.903,3.7826e-005
4.9033,3.7818e-005
4.9086,3.7696e-005
4.9099,3.7666e-005
4.9107,3.7648e-005
4.912,3.7618e-005
4.9143,3.7565e-005
4.9171,3.7503e-005
4.9183,3.7475e-005
4.9206,3.7423e-005
4.9223,3.7385e-005
4.9244,3.7336e-005
4.928,3.7256e-005
4.9285,3.7244e-005
4.9314,3.718e-005
4.932,3.7165e-005
4.9328,3.7147e-005
4.9349,3.7101e-005
4.9364,3.7066e-005
4.9376,3.7039e-005
4.9397,3.6993e-005
4.9425,3.6929e-005
4.9458,3.6856e-005
4.9486,3.6795e-005
4.9496,3.6774e-005
4.9547,3.666e-005
4.9556,3.6641e-005
4.9564,3.6622e-005
4.9577,3.6593e-005
4.9595,3.6554e-005
4.9617,3.6506e-005
4.9639,3.6459e-005
4.9646,3.6442e-005
4.9673,3.6382e-005
4.9688,3.6351e-005
4.9731,3.6256e-005
4.9746,3.6223e-005
4.9756,3.6202e-005
4.9786,3.6139e-005
4.9792,3.6124e-005
4.9809,3.6087e-005
4.982,3.6063e-005
4.9838,3.6026e-005
4.9862,3.5974e-005
4.989,3.5914e-005
4.9914,3.5863e-005
4.9922,3.5844e-005
4.9948,3.5789e-005
5,3.5678e-005
5.0008,3.5662e-005
5.0017,3.5643e-005
5.0024,3.5627e-005
5.0042,3.5588e-005
5.006,3.5551e-005
5.0081,3.5506e-005
5.0095,3.5476e-005
5.0107,3.5451e-005
5.0142,3.5378e-005
5.0172,3.5315e-005
5.0189,3.5279e-005
5.0211,3.5233e-005
5.0249,3.5155e-005
5.0254,3.5143e-005
5.0268,3.5114e-005
5.0277,3.5096e-005
5.0293,3.5063e-005
5.0302,3.5043e-005
5.0337,3.4971e-005
5.0354,3.4936e-005
5.0374,3.4894e-005
5.0408,3.4825e-005
5.0423,3.4794e-005
5.0464,3.471e-005
5.0482,3.4673e-005
5.0486,3.4664e-005
5.0507,3.462e-005
5.0525,3.4585e-005
5.0546,3.4542e-005
5.0558,3.4518e-005
5.0572,3.449e-005
5.0611,3.4409e-005
5.0646,3.434e-005
5.0674,3.4282e-005
5.0716,3.4198e-005
5.0722,3.4185e-005
5.0733,3.4164e-005
5.0751,3.4127e-005
5.0767,3.4095e-005
5.0797,3.4036e-005
5.0818,3.3993e-005
5.085,3.393e-005
5.087,3.389e-005
5.0917,3.3797e-005
5.093,3.3772e-005
5.0947,3.3738e-005
5.096,3.3713e-005
5.0973,3.3688e-005
5.0994,3.3646e-005
5.102,3.3594e-005
5.1062,3.3513e-005
5.1073,3.349e-005
5.1103,3.3433e-005
5.1134,3.3373e-005
5.1179,3.3285e-005
5.1181,3.3281e-005
5.1192,3.326e-005
5.121,3.3225e-005
5.1227,3.3193e-005
5.1255,3.3138e-005
5.1277,3.3095e-005
5.129,3.3071e-005
5.1327,3.3e-005
5.135,3.2956e-005
5.1391,3.2877e-005
5.1412,3.2837e-005
5.1425,3.2813e-005
5.1438,3.2789e-005
5.1475,3.2718e-005
5.1483,3.2704e-005
5.1522,3.263e-005
5.1535,3.2604e-005
5.1592,3.2498e-005
5.1601,3.248e-005
5.1644,3.24e-005
5.1653,3.2384e-005
5.1668,3.2355e-005
5.1689,3.2316e-005
5.1718,3.2263e-005
5.174,3.2223e-005
5.1778,3.2151e-005
5.1794,3.2122e-005
5.1852,3.2015e-005
5.186,3.2001e-005
5.1882,3.1961e-005
5.1897,3.1932e-005
5.1915,3.19e-005
5.194,3.1854e-005
5.1965,3.1809e-005
5.1994,3.1756e-005
5.2028,3.1695e-005
5.2054,3.1648e-005
5.2107,3.1552e-005
5.2112,3.1543e-005
5.2118,3.1532e-005
5.2143,3.1487e-005
5.2162,3.1454e-005
5.2184,3.1413e-005
5.2211,3.1364e-005
5.2247,3.1302e-005
5.2278,3.1246e-005
5.2317,3.1177e-005
5.2347,3.1123e-005
5.236,3.11e-005
5.2376,3.1072e-005
5.2405,3.1021e-005
5.243,3.0978e-005
5.2458,3.0927e-005
5.2491,3.0869e-005
5.2529,3.0805e-005
5.2575,3.0724e-005
5.2577,3.072e-005
5.2593,3.0692e-005
5.2615,3.0654e-005
5.2639,3.0613e-005
5.2664,3.0569e-005
5.2707,3.0496e-005
5.2741,3.0436e-005
5.278,3.037e-005
5.2812,3.0315e-005
5.2823,3.0296e-005
5.2837,3.0274e-005
5.287,3.0218e-005
5.2894,3.0176e-005
5.2923,3.0128e-005
5.2977,3.0036e-005
5.3033,2.9942e-005
5.304,2.993e-005
5.3048,2.9916e-005
5.3073,2.9875e-005
5.3091,2.9844e-005
5.3127,2.9785e-005
5.3171,2.9712e-005
5.3205,2.9655e-005
5.3244,2.9591e-005
5.3277,2.9536e-005
5.3287,2.9521e-005
5.3314,2.9476e-005
5.3334,2.9442e-005
5.3384,2.9361e-005
5.3419,2.9303e-005
5.3456,2.9244e-005
5.3505,2.9163e-005
5.3514,2.915e-005
5.3538,2.9111e-005
5.3556,2.9082e-005
5.3589,2.9028e-005
5.3635,2.8955e-005
5.3669,2.89e-005
5.3739,2.8789e-005
5.375,2.8772e-005
5.3763,2.8751e-005
5.3796,2.8698e-005
5.3823,2.8655e-005
5.3851,2.8611e-005
5.392,2.8503e-005
5.3971,2.8423e-005
5.3979,2.8411e-005
5.4003,2.8373e-005
5.4021,2.8345e-005
5.4052,2.8297e-005
5.4099,2.8224e-005
5.4171,2.8113e-005
5.4208,2.8056e-005
5.4216,2.8044e-005
5.4244,2.8001e-005
5.4264,2.797e-005
5.4316,2.7891e-005
5.4383,2.7788e-005
5.4436,2.7709e-005
5.4444,2.7697e-005
5.4467,2.7662e-005
5.4486,2.7634e-005
5.4533,2.7562e-005
5.4597,2.7467e-005
5.4669,2.736e-005
5.4676,2.735e-005
5.4693,2.7325e-005
5.4728,2.7272e-005
5.478,2.7196e-005
5.4847,2.7098e-005
5.4901,2.7018e-005
5.4909,2.7007e-005
5.4933,2.6972e-005
5.4972,2.6915e-005
5.5027,2.6835e-005
5.5098,2.6733e-005
5.5138,2.6675e-005
5.5158,2.6647e-005
5.5193,2.6597e-005
5.5244,2.6524e-005
5.5311,2.643e-005
5.5368,2.6348e-005
5.5384,2.6326e-005
5.5415,2.6282e-005
5.5462,2.6217e-005
5.5525,2.6129e-005
5.5604,2.602e-005
5.5623,2.5993e-005
5.5658,2.5944e-005
5.5709,2.5875e-005
5.5832,2.5706e-005
5.584,2.5696e-005
5.5863,2.5664e-005
5.5902,2.5611e-005
5.5956,2.5538e-005
5.6069,2.5386e-005
5.6088,2.536e-005
5.6123,2.5314e-005
5.6173,2.5247e-005
5.6299,2.508e-005
5.6314,2.506e-005
5.6345,2.5019e-005
5.6391,2.4959e-005
5.6534,2.4773e-005
5.6553,2.4748e-005
5.6588,2.4703e-005
5.6762,2.4479e-005
5.677,2.447e-005
5.6793,2.444e-005
5.6831,2.4392e-005
5.6999,2.418e-005
5.7018,2.4156e-005
5.7052,2.4113e-005
5.7229,2.3893e-005
5.7245,2.3875e-005
5.7275,2.3838e-005
5.7464,2.3606e-005
5.7483,2.3583e-005
5.7693,2.3331e-005
5.77,2.3322e-005
5.7723,2.3295e-005
5.793,2.3051e-005
5.7948,2.3029e-005
5.816,2.2782e-005
5.8175,2.2765e-005
5.8395,2.2513e-005
5.8623,2.2255e-005
5.8631,2.2247e-005
5.886,2.1992e-005
5.909,2.174e-005
5.9554,2.1246e-005
