0.010166,0
0.020333,0
0.028755,0
0.032149,0
0.040666,0
0.043132,0
0.050832,6.0047e-258
0.054748,1.9665e-222
0.05928,8.3989e-190
0.06184,1.8372e-174
0.065097,1.6615e-157
0.071165,6.5406e-132
0.071887,2.7421e-129
0.074013,5.1348e-122
0.079402,3.9765e-106
0.081964,1.1858e-099
0.086265,4.667e-090
0.087455,1.1916e-087
0.091498,3.6486e-080
0.09373,1.9254e-076
0.096447,2.9558e-072
0.10064,1.8919e-066
0.10217,1.6451e-064
0.10467,1.5975e-061
0.10807,8.7014e-058
0.10997,7.4631e-056
0.11229,1.2896e-053
0.11502,3.6615e-051
0.11856,3.1345e-048
0.122,1.2621e-045
0.12284,5.0988e-045
0.1241,3.8577e-044
0.12738,5.8176e-042
0.1294,1.0383e-040
0.13216,4.3983e-039
0.13372,3.2619e-038
0.1364,8.7615e-037
0.13828,7.8827e-036
0.1416,3.0845e-034
0.14269,9.7149e-034
0.14377,2.9554e-033
0.14556,1.7548e-032
0.14662,4.9024e-032
0.15011,1.2252e-030
0.15113,3.0384e-030
0.1525,9.8192e-030
0.15385,3.0447e-029
0.15518,9.0776e-029
0.15783,7.23e-028
0.1588,1.5195e-027
0.16075,6.3583e-027
0.16298,3.1012e-026
0.16424,7.3797e-026
0.16674,3.8645e-025
0.16828,1.035e-024
0.17042,3.8733e-024
0.17283,1.617e-023
0.17313,1.9224e-023
0.17372,2.7075e-023
0.17491,5.2954e-023
0.17755,2.2445e-022
0.17986,7.5508e-022
0.18101,1.3531e-021
0.183,3.6259e-021
0.18328,4.1596e-021
0.18412,6.2478e-021
0.18663,2.026e-020
0.18691,2.2998e-020
0.18911,6.1743e-020
0.19101,1.4116e-019
0.19289,3.1235e-019
0.19343,3.8968e-019
0.19529,8.2911e-019
0.19635,1.26e-018
0.1974,1.8977e-018
0.20026,5.5989e-018
0.20128,8.172e-018
0.20256,1.2968e-017
0.20358,1.8606e-017
0.2046,2.6502e-017
0.20585,4.0834e-017
0.20735,6.765e-017
0.20934,1.2965e-016
0.20959,1.4038e-016
0.21228,3.2865e-016
0.21374,5.1326e-016
0.21446,6.3848e-016
0.21566,9.1265e-016
0.21733,1.4849e-015
0.21828,1.9479e-015
0.21946,2.7165e-015
0.22204,5.5066e-015
0.2232,7.5102e-015
0.22389,9.0189e-015
0.22504,1.2174e-014
0.22733,2.178e-014
0.22846,2.8875e-014
0.23004,4.245e-014
0.23183,6.5089e-014
0.23228,7.2278e-014
0.23405,1.0902e-013
0.23471,1.2677e-013
0.23646,1.8797e-013
0.23734,2.2788e-013
0.23821,2.7547e-013
0.23994,3.992e-013
0.24165,5.723e-013
0.24399,9.2355e-013
0.24442,1.0055e-012
0.24484,1.094e-012
0.24589,1.3476e-012
0.24736,1.7933e-012
0.24819,2.1048e-012
0.25006,2.9943e-012
0.2515,3.9098e-012
0.25253,4.7127e-012
0.25436,6.5451e-012
0.25497,7.2868e-012
0.25659,9.6527e-012
0.25739,1.108e-011
0.25919,1.5014e-011
0.26039,1.8298e-011
0.26138,2.1516e-011
0.26374,3.1424e-011
0.26433,3.447e-011
0.26511,3.8945e-011
0.26686,5.0981e-011
0.2684,6.4382e-011
0.26917,7.2201e-011
0.2707,9.0443e-011
0.27279,1.2224e-010
0.27355,1.3608e-010
0.27449,1.5533e-010
0.27525,1.7245e-010
0.27656,2.0648e-010
0.27749,2.3432e-010
0.27916,2.9297e-010
0.28045,3.4723e-010
0.28192,4.2002e-010
0.28266,4.6125e-010
0.28357,5.1779e-010
0.28484,6.0723e-010
0.28629,7.2592e-010
0.28701,7.9259e-010
0.28755,8.4608e-010
0.28791,8.8349e-010
0.28916,1.0261e-009
0.29077,1.239e-009
0.29112,1.2913e-009
0.29271,1.5511e-009
0.29342,1.6806e-009
0.295,2.007e-009
0.29605,2.2542e-009
0.2964,2.3423e-009
0.29762,2.6748e-009
0.29918,3.1622e-009
0.30038,3.593e-009
0.30176,4.147e-009
0.30227,4.373e-009
0.30329,4.8573e-009
0.30499,5.7679e-009
0.30516,5.8666e-009
0.30584,6.276e-009
0.30736,7.2884e-009
0.3087,8.3035e-009
0.3097,9.1424e-009
0.31037,9.7413e-009
0.3112,1.0537e-008
0.31318,1.2678e-008
0.31401,1.3674e-008
0.31532,1.5406e-008
0.31565,1.5867e-008
0.3163,1.6825e-008
0.31761,1.889e-008
0.31826,2.0001e-008
0.31907,2.1467e-008
0.32101,2.5362e-008
0.32293,2.9839e-008
0.32357,3.1473e-008
0.32437,3.3621e-008
0.32533,3.636e-008
0.32596,3.8289e-008
0.32738,4.2946e-008
0.32817,4.5732e-008
0.32927,4.9887e-008
0.33068,5.569e-008
0.33115,5.7746e-008
0.3324,6.3539e-008
0.33348,6.8999e-008
0.33534,7.9267e-008
0.33565,8.1096e-008
0.33657,8.6794e-008
0.33687,8.8766e-008
0.33795,9.5961e-008
0.33856,1.0029e-007
0.33978,1.0942e-007
0.34099,1.1923e-007
0.34175,1.2572e-007
0.34401,1.4696e-007
0.34506,1.5784e-007
0.34536,1.6106e-007
0.34566,1.6434e-007
0.34626,1.7107e-007
0.347,1.7978e-007
0.34745,1.8519e-007
0.34804,1.926e-007
0.34982,2.1629e-007
0.35056,2.2684e-007
0.35115,2.3557e-007
0.35247,2.5623e-007
0.35291,2.6344e-007
0.35408,2.8345e-007
0.3551,3.0195e-007
0.35582,3.1576e-007
0.3564,3.2716e-007
0.35713,3.4189e-007
0.35814,3.6339e-007
0.35944,3.9262e-007
0.3603,4.1313e-007
0.36101,4.3087e-007
0.36287,4.7985e-007
0.36372,5.0391e-007
0.36443,5.2468e-007
0.36599,5.7278e-007
0.36656,5.9111e-007
0.36656,5.9111e-007
0.36726,6.1468e-007
0.3674,6.1948e-007
0.36838,6.5393e-007
0.3695,6.9512e-007
0.37006,7.1648e-007
0.37229,8.071e-007
0.37298,8.3719e-007
0.37381,8.7445e-007
0.37409,8.8716e-007
0.37506,9.3276e-007
0.37616,9.871e-007
0.37671,1.0152e-006
0.37739,1.0511e-006
0.37821,1.0956e-006
0.37958,1.1729e-006
0.37985,1.1889e-006
0.38107,1.2628e-006
0.38161,1.2968e-006
0.38215,1.3314e-006
0.38283,1.3758e-006
0.38364,1.4305e-006
0.38485,1.5156e-006
0.38632,1.6249e-006
0.38686,1.6661e-006
0.38753,1.7187e-006
0.38846,1.7945e-006
0.38926,1.8614e-006
0.39058,1.9772e-006
0.39124,2.0371e-006
0.39243,2.1484e-006
0.39282,2.1864e-006
0.39479,2.3846e-006
0.39558,2.4675e-006
0.39649,2.567e-006
0.39701,2.6251e-006
0.39857,2.8056e-006
0.39948,2.915e-006
0.40012,2.9951e-006
0.40064,3.0603e-006
0.40115,3.1266e-006
0.40257,3.3144e-006
0.40321,3.4024e-006
0.40475,3.6208e-006
0.40487,3.6395e-006
0.40589,3.7912e-006
0.40666,3.9081e-006
0.40691,3.9476e-006
0.4078,4.0883e-006
0.40868,4.2325e-006
0.40919,4.3166e-006
0.40982,4.4235e-006
0.41033,4.5103e-006
0.41133,4.6877e-006
0.41171,4.7555e-006
0.41284,4.9631e-006
0.41396,5.1773e-006
0.41483,5.3484e-006
0.41533,5.448e-006
0.41682,5.7547e-006
0.41719,5.8333e-006
0.41794,5.9927e-006
0.41868,6.1552e-006
0.41917,6.2653e-006
0.41991,6.4331e-006
0.42089,6.6617e-006
0.42175,6.8664e-006
0.4231,7.197e-006
0.42371,7.3509e-006
0.42456,7.5702e-006
0.42481,7.6337e-006
0.42578,7.8915e-006
0.42699,8.2222e-006
0.42747,8.3572e-006
0.42759,8.3912e-006
0.42856,8.6665e-006
0.42892,8.7713e-006
0.43,9.0911e-006
0.43132,9.4928e-006
0.43156,9.5672e-006
0.43228,9.7926e-006
0.43288,9.9832e-006
0.43431,1.0451e-005
0.43514,1.0731e-005
0.43668,1.1264e-005
0.43716,1.1431e-005
0.43727,1.1474e-005
0.43798,1.1729e-005
0.43857,1.1944e-005
0.43904,1.2119e-005
0.43987,1.2428e-005
0.4401,1.2517e-005
0.44104,1.2879e-005
0.44139,1.3016e-005
0.44291,1.3623e-005
0.44326,1.3765e-005
0.44408,1.4102e-005
0.44559,1.4742e-005
0.44593,1.4892e-005
0.44663,1.5196e-005
0.44732,1.5504e-005
0.44744,1.5556e-005
0.44836,1.5973e-005
0.44882,1.6185e-005
0.4494,1.6452e-005
0.4502,1.683e-005
0.45123,1.7326e-005
0.45146,1.7437e-005
0.45295,1.8172e-005
0.45386,1.8634e-005
0.45431,1.8868e-005
0.45522,1.9341e-005
0.45658,2.0066e-005
0.45692,2.0249e-005
0.45749,2.0558e-005
0.4576,2.062e-005
0.4585,2.1121e-005
0.45929,2.1566e-005
0.45974,2.1823e-005
0.46008,2.2017e-005
0.46064,2.2342e-005
0.46109,2.2605e-005
0.4621,2.3203e-005
0.46299,2.3742e-005
0.46377,2.4221e-005
0.46455,2.4706e-005
0.46555,2.5338e-005
0.46644,2.5908e-005
0.46732,2.6486e-005
0.46777,2.6778e-005
0.4681,2.6998e-005
0.46865,2.7368e-005
0.46942,2.7891e-005
0.46997,2.8268e-005
0.47041,2.8572e-005
0.47162,2.9418e-005
0.4726,3.0121e-005
0.47304,3.0437e-005
0.47391,3.1075e-005
0.47446,3.1477e-005
0.47533,3.2128e-005
0.4762,3.2787e-005
0.47652,3.3036e-005
0.47739,3.3706e-005
0.47793,3.4128e-005
0.47858,3.464e-005
0.47912,3.5069e-005
0.47955,3.5415e-005
0.48052,3.6201e-005
0.4817,3.7175e-005
0.48213,3.7533e-005
0.48224,3.7623e-005
0.48298,3.8255e-005
0.48331,3.8528e-005
0.48469,3.9723e-005
0.48555,4.047e-005
0.48597,4.0846e-005
0.48682,4.1604e-005
0.48799,4.2659e-005
0.48809,4.2756e-005
0.48841,4.3047e-005
0.48883,4.3436e-005
0.48894,4.3534e-005
0.48968,4.4222e-005
0.49063,4.5114e-005
0.49105,4.5515e-005
0.49179,4.6219e-005
0.49221,4.6625e-005
0.49315,4.7545e-005
0.49409,4.8475e-005
0.49514,4.9519e-005
0.49576,5.0152e-005
0.49607,5.047e-005
0.49649,5.0896e-005
0.4966,5.1003e-005
0.49732,5.1754e-005
0.49826,5.2728e-005
0.49857,5.3055e-005
0.49909,5.3602e-005
0.49981,5.4374e-005
0.50022,5.4817e-005
0.50064,5.5262e-005
0.50157,5.6272e-005
0.50218,5.695e-005
0.50301,5.7861e-005
0.50342,5.832e-005
0.50475,5.9823e-005
0.50485,5.994e-005
0.50557,6.0758e-005
0.50598,6.1229e-005
0.50761,6.313e-005
0.50832,6.3971e-005
0.50873,6.4455e-005
0.50954,6.5427e-005
0.51045,6.653e-005
0.51055,6.6653e-005
0.51126,6.7518e-005
0.51197,6.8389e-005
0.51287,6.9517e-005
0.51328,7.0021e-005
0.51408,7.1035e-005
0.51448,7.1545e-005
0.51539,7.2699e-005
0.51649,7.4122e-005
0.51769,7.5689e-005
0.51809,7.6216e-005
0.51849,7.6744e-005
0.51889,7.7273e-005
0.51938,7.7938e-005
0.52008,7.8873e-005
0.52077,7.9814e-005
0.52117,8.0354e-005
0.52206,8.1576e-005
0.52276,8.2532e-005
0.52335,8.3355e-005
0.52473,8.5293e-005
0.52522,8.599e-005
0.5265,8.7814e-005
0.52728,8.8946e-005
0.52758,8.9372e-005
0.52836,9.0514e-005
0.52875,9.1087e-005
0.52953,9.2238e-005
0.53041,9.3541e-005
0.5307,9.3977e-005
0.53197,9.5878e-005
0.53226,9.6319e-005
0.53274,9.7056e-005
0.53342,9.8092e-005
0.53371,9.8538e-005
0.53487,0.00010033
0.53574,0.00010168
0.5368,0.00010335
0.53719,0.00010395
0.53805,0.00010533
0.53882,0.00010656
0.5392,0.00010717
0.53968,0.00010795
0.54035,0.00010903
0.54112,0.00011028
0.54121,0.00011043
0.5415,0.0001109
0.54226,0.00011216
0.54302,0.00011342
0.5435,0.00011421
0.54426,0.00011548
0.54559,0.00011772
0.54606,0.00011852
0.54653,0.00011933
0.54719,0.00012046
0.54804,0.00012192
0.54899,0.00012355
0.54936,0.00012421
0.55021,0.00012569
0.55049,0.00012618
0.55133,0.00012767
0.55236,0.0001295
0.55283,0.00013033
0.5533,0.00013117
0.55358,0.00013167
0.5547,0.00013369
0.55479,0.00013386
0.55498,0.0001342
0.55554,0.00013521
0.55619,0.0001364
0.55656,0.00013708
0.5573,0.00013844
0.55915,0.00014188
0.55943,0.0001424
0.55989,0.00014326
0.55998,0.00014343
0.56063,0.00014465
0.56091,0.00014517
0.56146,0.00014621
0.56247,0.00014814
0.56366,0.00015042
0.56394,0.00015095
0.56494,0.00015289
0.56531,0.0001536
0.56641,0.00015573
0.56686,0.00015662
0.56732,0.00015752
0.56832,0.00015949
0.56905,0.00016093
0.56941,0.00016165
0.56977,0.00016237
0.57014,0.00016309
0.57077,0.00016436
0.57231,0.00016746
0.57258,0.000168
0.57303,0.00016892
0.57375,0.00017038
0.57402,0.00017093
0.5751,0.00017314
0.57528,0.00017351
0.57555,0.00017406
0.57591,0.0001748
0.57671,0.00017647
0.57743,0.00017795
0.57797,0.00017907
0.57832,0.00017981
0.57886,0.00018093
0.57957,0.00018243
0.57984,0.00018299
0.58029,0.00018393
0.58091,0.00018524
0.58171,0.00018694
0.58224,0.00018807
0.58233,0.00018826
0.58269,0.00018902
0.5834,0.00019053
0.5841,0.00019205
0.58446,0.00019281
0.58525,0.00019452
0.58587,0.00019586
0.58658,0.00019738
0.58684,0.00019796
0.58763,0.00019968
0.58834,0.00020122
0.58904,0.00020276
0.58948,0.00020372
0.58965,0.00020411
0.59,0.00020488
0.59018,0.00020527
0.59105,0.0002072
0.59158,0.00020836
0.5921,0.00020953
0.59219,0.00020972
0.5928,0.00021108
0.59384,0.00021342
0.59437,0.00021459
0.59523,0.00021654
0.59575,0.00021771
0.59671,0.00021987
0.59775,0.00022223
0.59809,0.00022301
0.59852,0.000224
0.59921,0.00022558
0.5999,0.00022716
0.60042,0.00022834
0.60059,0.00022874
0.60119,0.00023012
0.60188,0.00023171
0.60197,0.00023191
0.60223,0.0002325
0.60351,0.00023548
0.60394,0.00023648
0.60402,0.00023668
0.60454,0.00023787
0.60471,0.00023827
0.60497,0.00023887
0.60539,0.00023987
0.60633,0.00024206
0.60676,0.00024306
0.60803,0.00024607
0.60837,0.00024687
0.60931,0.00024908
0.60998,0.00025069
0.61007,0.00025089
0.61032,0.00025149
0.61083,0.0002527
0.61134,0.00025391
0.61168,0.00025471
0.61218,0.00025592
0.61311,0.00025814
0.61412,0.00026057
0.61446,0.00026138
0.61471,0.00026198
0.61547,0.00026381
0.61647,0.00026624
0.61739,0.00026847
0.61756,0.00026888
0.61823,0.0002705
0.61848,0.00027111
0.61915,0.00027274
0.61973,0.00027416
0.62023,0.00027538
0.62073,0.0002766
0.6209,0.00027701
0.62148,0.00027844
0.62206,0.00027986
0.6224,0.00028068
0.62314,0.00028251
0.62348,0.00028333
0.62414,0.00028496
0.62422,0.00028517
0.62546,0.00028823
0.62612,0.00028987
0.62645,0.00029069
0.62711,0.00029232
0.62744,0.00029314
0.62769,0.00029375
0.62843,0.0002956
0.62884,0.00029662
0.63015,0.0002999
0.6304,0.00030051
0.63065,0.00030113
0.6313,0.00030277
0.63204,0.00030461
0.63212,0.00030482
0.63261,0.00030605
0.63302,0.00030708
0.63334,0.0003079
0.63408,0.00030974
0.63432,0.00031036
0.63473,0.00031138
0.63554,0.00031344
0.63652,0.0003159
0.63684,0.00031672
0.63692,0.00031693
0.63814,0.00032001
0.63863,0.00032124
0.64016,0.00032514
0.64056,0.00032617
0.64113,0.00032761
0.64121,0.00032781
0.64185,0.00032945
0.6421,0.00033007
0.64298,0.00033233
0.64338,0.00033335
0.64402,0.000335
0.64467,0.00033664
0.64571,0.00033931
0.64619,0.00034054
0.64659,0.00034156
0.64699,0.00034259
0.64755,0.00034402
0.64842,0.00034628
0.6485,0.00034648
0.64882,0.0003473
0.6497,0.00034956
0.65041,0.0003514
0.65073,0.00035222
0.65136,0.00035386
0.65192,0.00035529
0.65208,0.0003557
0.65271,0.00035734
0.6535,0.00035939
0.65398,0.00036061
0.65453,0.00036204
0.65485,0.00036286
0.65548,0.00036449
0.65587,0.00036552
0.65634,0.00036674
0.65705,0.00036858
0.65737,0.00036939
0.65839,0.00037204
0.65894,0.00037347
0.65925,0.00037428
0.65964,0.0003753
0.66019,0.00037673
0.66082,0.00037836
0.66113,0.00037917
0.66152,0.00038019
0.66207,0.00038161
0.66277,0.00038344
0.663,0.00038404
0.66363,0.00038567
0.66394,0.00038648
0.66456,0.0003881
0.66479,0.00038871
0.66549,0.00039053
0.6658,0.00039134
0.66611,0.00039215
0.66697,0.00039438
0.66828,0.00039781
0.66859,0.00039862
0.6689,0.00039942
0.66898,0.00039962
0.66952,0.00040104
0.67021,0.00040285
0.67067,0.00040406
0.67106,0.00040506
0.67137,0.00040587
0.67168,0.00040667
0.67221,0.00040808
0.67291,0.00040988
0.67314,0.00041049
0.67344,0.00041129
0.6739,0.00041249
0.67475,0.00041469
0.67513,0.00041569
0.67589,0.00041769
0.67597,0.00041789
0.67681,0.00042009
0.67719,0.00042109
0.67757,0.00042208
0.67841,0.00042427
0.67872,0.00042507
0.67963,0.00042745
0.68001,0.00042845
0.68054,0.00042984
0.68123,0.00043162
0.68168,0.00043281
0.68183,0.0004332
0.68236,0.00043459
0.68304,0.00043637
0.68327,0.00043696
0.68388,0.00043854
0.68486,0.0004411
0.68546,0.00044268
0.68591,0.00044386
0.68659,0.00044562
0.68727,0.00044739
0.68802,0.00044935
0.68809,0.00044954
0.68869,0.00045111
0.68907,0.00045209
0.69012,0.00045482
0.69042,0.0004556
0.69087,0.00045677
0.69132,0.00045793
0.69139,0.00045813
0.69161,0.00045871
0.69199,0.00045968
0.69251,0.00046104
0.69288,0.00046201
0.69378,0.00046434
0.694,0.00046492
0.69445,0.00046608
0.69497,0.00046743
0.69564,0.00046916
0.69608,0.00047032
0.69645,0.00047128
0.69734,0.00047359
0.69764,0.00047436
0.69823,0.00047589
0.69875,0.00047723
0.69942,0.00047895
0.70023,0.00048105
0.7003,0.00048125
0.70097,0.00048296
0.70148,0.00048429
0.70178,0.00048505
0.70214,0.000486
0.70229,0.00048638
0.70273,0.00048752
0.70354,0.00048961
0.70413,0.00049112
0.70442,0.00049188
0.70464,0.00049244
0.70494,0.0004932
0.70508,0.00049358
0.7056,0.00049489
0.70582,0.00049546
0.70618,0.0004964
0.70728,0.00049922
0.70794,0.0005009
0.70815,0.00050147
0.70932,0.00050446
0.70976,0.00050557
0.71019,0.00050669
0.71056,0.00050762
0.71136,0.00050967
0.71172,0.00051059
0.71201,0.00051134
0.71259,0.00051282
0.71281,0.00051337
0.71382,0.00051596
0.71404,0.00051651
0.71433,0.00051725
0.71498,0.0005189
0.7152,0.00051945
0.71578,0.00052092
0.71628,0.0005222
0.71693,0.00052385
0.71779,0.00052604
0.71787,0.00052622
0.71859,0.00052804
0.71902,0.00052913
0.71952,0.0005304
0.72009,0.00053185
0.72038,0.00053258
0.72117,0.00053457
0.72189,0.00053637
0.7221,0.00053691
0.72296,0.00053907
0.72353,0.0005405
0.72382,0.00054122
0.72439,0.00054265
0.72496,0.00054408
0.72574,0.00054604
0.7261,0.00054693
0.7266,0.00054818
0.72702,0.00054924
0.72752,0.00055048
0.72759,0.00055066
0.7278,0.00055119
0.72887,0.00055384
0.72894,0.00055402
0.73,0.00055666
0.73043,0.00055771
0.73198,0.00056156
0.73205,0.00056173
0.73226,0.00056226
0.73262,0.00056313
0.7329,0.00056383
0.73311,0.00056435
0.73325,0.00056469
0.73374,0.00056591
0.73403,0.0005666
0.73452,0.00056782
0.7348,0.00056851
0.7355,0.00057024
0.73606,0.00057162
0.73649,0.00057265
0.73677,0.00057334
0.7374,0.00057488
0.73775,0.00057574
0.73831,0.00057711
0.73901,0.00057881
0.73943,0.00057983
0.74013,0.00058153
0.74047,0.00058238
0.7411,0.00058391
0.74159,0.00058509
0.74215,0.00058644
0.74222,0.00058661
0.7427,0.00058779
0.74277,0.00058796
0.74326,0.00058913
0.74389,0.00059064
0.74465,0.00059248
0.74555,0.00059465
0.74576,0.00059515
0.74611,0.00059598
0.74652,0.00059698
0.74721,0.00059864
0.74763,0.00059963
0.74777,0.00059996
0.74797,0.00060046
0.74825,0.00060112
0.74908,0.00060309
0.74984,0.0006049
0.75011,0.00060555
0.75046,0.00060637
0.75053,0.00060653
0.75156,0.00060898
0.75231,0.00061077
0.75238,0.00061093
0.75273,0.00061174
0.75328,0.00061304
0.75382,0.00061433
0.75437,0.00061562
0.75478,0.00061659
0.75513,0.00061739
0.7556,0.00061851
0.75567,0.00061867
0.75649,0.00062059
0.75704,0.00062187
0.75765,0.0006233
0.75868,0.00062568
0.75874,0.00062584
0.75915,0.00062679
0.75929,0.00062711
0.7597,0.00062806
0.76038,0.00062963
0.76092,0.00063089
0.76194,0.00063324
0.76214,0.00063371
0.76248,0.00063449
0.76275,0.00063511
0.76323,0.0006362
0.76383,0.0006376
0.76417,0.00063837
0.76438,0.00063883
0.76492,0.00064007
0.76539,0.00064115
0.76566,0.00064177
0.76647,0.00064361
0.76687,0.00064453
0.76728,0.00064545
0.76795,0.00064697
0.76842,0.00064804
0.76862,0.0006485
0.76903,0.00064941
0.7695,0.00065047
0.76977,0.00065107
0.7703,0.00065228
0.77084,0.00065349
0.77191,0.00065589
0.77218,0.00065649
0.77265,0.00065754
0.77291,0.00065813
0.77372,0.00065992
0.77425,0.00066111
0.77485,0.00066244
0.77512,0.00066303
0.77565,0.00066421
0.77592,0.0006648
0.77652,0.00066612
0.77672,0.00066656
0.77751,0.00066832
0.77805,0.00066949
0.77824,0.00066993
0.77851,0.00067051
0.77931,0.00067225
0.77964,0.00067298
0.7797,0.00067312
0.78116,0.00067629
0.78129,0.00067658
0.78182,0.00067773
0.78222,0.00067859
0.78281,0.00067987
0.78288,0.00068002
0.78308,0.00068044
0.78361,0.00068158
0.78387,0.00068215
0.78387,0.00068215
0.7844,0.00068329
0.78459,0.00068371
0.78519,0.00068498
0.78565,0.00068597
0.78624,0.00068723
0.78676,0.00068836
0.78703,0.00068892
0.78755,0.00069003
0.78762,0.00069017
0.78814,0.00069129
0.78913,0.00069337
0.78939,0.00069392
0.78958,0.00069434
0.79076,0.00069682
0.79096,0.00069723
0.79122,0.00069778
0.79128,0.00069791
0.79181,0.00069901
0.79226,0.00069997
0.79285,0.00070119
0.79304,0.0007016
0.79324,0.00070201
0.79357,0.00070268
0.79402,0.00070363
0.79461,0.00070485
0.79532,0.00070633
0.79545,0.0007066
0.79565,0.000707
0.79617,0.00070807
0.79695,0.00070967
0.79714,0.00071007
0.79753,0.00071087
0.79798,0.0007118
0.79824,0.00071233
0.79876,0.00071339
0.79908,0.00071405
0.79953,0.00071497
0.80025,0.00071641
0.80057,0.00071707
0.80102,0.00071798
0.8016,0.00071916
0.80186,0.00071968
0.80231,0.00072058
0.80315,0.00072227
0.8034,0.00072278
0.80392,0.00072381
0.80437,0.00072471
0.80495,0.00072587
0.8052,0.00072638
0.80546,0.00072689
0.80578,0.00072753
0.80629,0.00072854
0.807,0.00072994
0.80725,0.00073044
0.80751,0.00073095
0.80834,0.00073259
0.80879,0.00073346
0.80936,0.00073459
0.80956,0.00073497
0.80975,0.00073534
0.81032,0.00073646
0.81083,0.00073746
0.8114,0.00073857
0.8116,0.00073894
0.8121,0.00073993
0.81255,0.00074079
0.81312,0.00074189
0.81338,0.00074238
0.81357,0.00074275
0.81388,0.00074336
0.81395,0.00074348
0.81433,0.00074421
0.81465,0.00074482
0.81547,0.0007464
0.81566,0.00074676
0.81617,0.00074772
0.81642,0.00074821
0.81699,0.00074929
0.8175,0.00075024
0.81787,0.00075096
0.81838,0.00075191
0.81863,0.00075239
0.8187,0.00075251
0.81952,0.00075405
0.81964,0.00075429
0.82002,0.00075499
0.82065,0.00075617
0.82122,0.00075723
0.82153,0.00075781
0.82241,0.00075945
0.82298,0.00076049
0.82342,0.0007613
0.82348,0.00076142
0.82373,0.00076188
0.82398,0.00076234
0.82448,0.00076326
0.82505,0.0007643
0.82574,0.00076556
0.82624,0.00076647
0.82674,0.00076738
0.82699,0.00076783
0.82749,0.00076874
0.82767,0.00076908
0.82823,0.00077009
0.82848,0.00077054
0.82898,0.00077144
0.82942,0.00077222
0.82967,0.00077267
0.82992,0.00077311
0.83066,0.00077445
0.83104,0.00077511
0.83197,0.00077677
0.83222,0.00077721
0.83272,0.00077809
0.83303,0.00077863
0.83365,0.00077973
0.83371,0.00077984
0.83402,0.00078038
0.8342,0.00078071
0.83445,0.00078114
0.83501,0.00078212
0.83569,0.0007833
0.83594,0.00078373
0.83649,0.0007847
0.83668,0.00078502
0.83717,0.00078588
0.83748,0.00078641
0.83791,0.00078715
0.83834,0.0007879
0.83914,0.00078927
0.83939,0.00078969
0.83994,0.00079064
0.84038,0.00079137
0.84087,0.00079221
0.84111,0.00079263
0.84142,0.00079315
0.84185,0.00079387
0.8424,0.0007948
0.84259,0.00079511
0.84351,0.00079666
0.84381,0.00079717
0.84387,0.00079727
0.84436,0.00079809
0.84534,0.00079972
0.84571,0.00080033
0.84583,0.00080053
0.84601,0.00080084
0.84626,0.00080124
0.84681,0.00080215
0.84748,0.00080325
0.84772,0.00080365
0.84821,0.00080445
0.84839,0.00080475
0.84912,0.00080594
0.84937,0.00080634
0.84991,0.00080723
0.8504,0.00080801
0.8507,0.0008085
0.85131,0.00080948
0.85155,0.00080987
0.8521,0.00081075
0.85265,0.00081162
0.85349,0.00081298
0.85404,0.00081384
0.85422,0.00081413
0.85458,0.00081471
0.85495,0.00081528
0.85519,0.00081566
0.85549,0.00081614
0.85573,0.00081652
0.85603,0.00081699
0.85621,0.00081728
0.85712,0.00081869
0.85748,0.00081925
0.85784,0.00081982
0.85808,0.00082019
0.85887,0.0008214
0.85935,0.00082215
0.85989,0.00082298
0.86007,0.00082326
0.86055,0.00082399
0.86127,0.0008251
0.86169,0.00082574
0.86223,0.00082656
0.86277,0.00082737
0.86313,0.00082792
0.86343,0.00082837
0.86385,0.000829
0.86414,0.00082945
0.8642,0.00082954
0.86456,0.00083007
0.86486,0.00083052
0.8651,0.00083088
0.86564,0.00083168
0.86582,0.00083195
0.86653,0.00083301
0.86695,0.00083363
0.86749,0.00083442
0.86796,0.00083512
0.86844,0.00083582
0.8685,0.0008359
0.86868,0.00083617
0.86898,0.0008366
0.86933,0.00083712
0.8701,0.00083824
0.8704,0.00083867
0.87129,0.00083996
0.87135,0.00084005
0.87183,0.00084073
0.8723,0.00084141
0.87295,0.00084234
0.87336,0.00084293
0.87342,0.00084301
0.87413,0.00084402
0.87431,0.00084427
0.87455,0.00084461
0.87467,0.00084477
0.87484,0.00084502
0.87555,0.00084602
0.87579,0.00084635
0.87596,0.0008466
0.8765,0.00084734
0.87703,0.00084808
0.8772,0.00084833
0.8775,0.00084874
0.87785,0.00084923
0.87809,0.00084955
0.87814,0.00084964
0.87844,0.00085004
0.87909,0.00085093
0.87973,0.00085182
0.87997,0.00085214
0.88026,0.00085254
0.8805,0.00085286
0.88126,0.0008539
0.88143,0.00085414
0.88208,0.00085501
0.88261,0.00085572
0.88278,0.00085596
0.88284,0.00085604
0.88372,0.00085721
0.88424,0.00085791
0.88448,0.00085823
0.88454,0.0008583
0.88494,0.00085885
0.88541,0.00085946
0.88565,0.00085977
0.88582,0.00086
0.88652,0.00086092
0.88687,0.00086138
0.88734,0.00086199
0.88769,0.00086245
0.88815,0.00086305
0.88873,0.00086381
0.8892,0.00086441
0.88931,0.00086456
0.8903,0.00086583
0.89077,0.00086642
0.89117,0.00086694
0.89123,0.00086701
0.89152,0.00086738
0.89187,0.00086782
0.89262,0.00086878
0.89285,0.00086907
0.89326,0.00086958
0.89395,0.00087045
0.89447,0.0008711
0.8947,0.00087139
0.89487,0.0008716
0.89516,0.00087196
0.89539,0.00087225
0.89568,0.0008726
0.89609,0.0008731
0.89672,0.00087388
0.89701,0.00087424
0.89724,0.00087452
0.89753,0.00087487
0.89793,0.00087536
0.89833,0.00087585
0.89879,0.00087641
0.89931,0.00087703
0.89983,0.00087766
0.90017,0.00087807
0.9004,0.00087835
0.90075,0.00087876
0.90092,0.00087896
0.9012,0.00087931
0.90161,0.00087978
0.90229,0.0008806
0.90247,0.0008808
0.90315,0.00088161
0.90344,0.00088195
0.90435,0.00088301
0.90487,0.00088361
0.90504,0.00088381
0.90532,0.00088414
0.9055,0.00088434
0.90578,0.00088467
0.90624,0.0008852
0.90669,0.00088572
0.90686,0.00088591
0.9076,0.00088676
0.90772,0.00088689
0.90806,0.00088728
0.90846,0.00088773
0.90891,0.00088824
0.90942,0.00088882
0.90982,0.00088926
0.91028,0.00088977
0.9105,0.00089003
0.91118,0.00089078
0.91169,0.00089135
0.91186,0.00089154
0.913,0.00089278
0.91317,0.00089297
0.91339,0.00089322
0.91368,0.00089352
0.91385,0.00089371
0.91396,0.00089383
0.91441,0.00089432
0.91486,0.00089481
0.91498,0.00089493
0.9152,0.00089518
0.91548,0.00089548
0.91588,0.0008959
0.91639,0.00089645
0.91712,0.00089723
0.91751,0.00089765
0.91757,0.0008977
0.91842,0.0008986
0.91881,0.00089901
0.91932,0.00089954
0.91948,0.00089971
0.91976,0.00090001
0.92016,0.00090042
0.92061,0.00090088
0.92117,0.00090146
0.92179,0.00090209
0.92207,0.00090238
0.92246,0.00090278
0.92296,0.00090329
0.92307,0.00090341
0.92335,0.00090369
0.92419,0.00090454
0.92447,0.00090482
0.92486,0.00090521
0.92514,0.00090549
0.92537,0.00090571
0.92581,0.00090615
0.92604,0.00090638
0.92654,0.00090687
0.92715,0.00090748
0.92737,0.00090769
0.9276,0.00090791
0.92782,0.00090813
0.92804,0.00090835
0.92871,0.000909
0.92916,0.00090943
0.92932,0.00090959
0.92938,0.00090964
0.92966,0.00090991
0.93005,0.00091028
0.93071,0.00091092
0.93116,0.00091134
0.93188,0.00091203
0.93204,0.00091219
0.93232,0.00091245
0.9331,0.00091317
0.93315,0.00091323
0.9336,0.00091364
0.93454,0.00091451
0.93498,0.00091492
0.93531,0.00091523
0.93553,0.00091543
0.93559,0.00091548
0.93603,0.00091588
0.9363,0.00091613
0.93663,0.00091644
0.93713,0.00091689
0.93735,0.00091708
0.93801,0.00091768
0.93845,0.00091807
0.93884,0.00091842
0.93895,0.00091852
0.93933,0.00091886
0.93977,0.00091925
0.93994,0.00091939
0.94082,0.00092017
0.94115,0.00092046
0.94153,0.00092079
0.94175,0.00092098
0.94197,0.00092117
0.94241,0.00092155
0.94263,0.00092174
0.94307,0.00092212
0.94329,0.00092231
0.94394,0.00092287
0.9446,0.00092343
0.94504,0.0009238
0.94509,0.00092384
0.94548,0.00092416
0.94553,0.00092421
0.94586,0.00092448
0.94608,0.00092467
0.94657,0.00092508
0.94695,0.00092539
0.94722,0.00092562
0.94766,0.00092598
0.94788,0.00092616
0.94848,0.00092665
0.94891,0.00092701
0.94902,0.0009271
0.94946,0.00092745
0.94989,0.0009278
0.95027,0.00092811
0.95049,0.00092828
0.95076,0.0009285
0.95114,0.00092881
0.95163,0.00092919
0.95196,0.00092945
0.95239,0.0009298
0.95304,0.00093031
0.95331,0.00093052
0.95375,0.00093086
0.95467,0.00093157
0.95483,0.0009317
0.95505,0.00093186
0.95548,0.0009322
0.9557,0.00093236
0.95597,0.00093257
0.95613,0.00093269
0.95651,0.00093298
0.95699,0.00093335
0.95721,0.00093351
0.95759,0.00093379
0.9577,0.00093387
0.95823,0.00093428
0.95872,0.00093464
0.9591,0.00093492
0.95937,0.00093512
0.95974,0.00093539
0.96001,0.00093559
0.96066,0.00093606
0.96103,0.00093634
0.9613,0.00093653
0.96168,0.0009368
0.96216,0.00093715
0.96281,0.00093761
0.96329,0.00093795
0.96372,0.00093826
0.96388,0.00093837
0.96409,0.00093852
0.96426,0.00093863
0.96447,0.00093878
0.96474,0.00093897
0.96501,0.00093916
0.96581,0.00093971
0.96597,0.00093982
0.96618,0.00093997
0.96661,0.00094027
0.96709,0.00094059
0.96715,0.00094063
0.96773,0.00094103
0.96843,0.0009415
0.96853,0.00094157
0.9688,0.00094175
0.96928,0.00094207
0.96971,0.00094235
0.97013,0.00094263
0.97051,0.00094288
0.97099,0.00094319
0.97114,0.0009433
0.97157,0.00094357
0.97194,0.00094381
0.97226,0.00094402
0.97285,0.0009444
0.97306,0.00094453
0.97348,0.0009448
0.97364,0.0009449
0.97396,0.00094511
0.97449,0.00094544
0.97476,0.00094561
0.97497,0.00094574
0.9756,0.00094614
0.97603,0.0009464
0.97619,0.0009465
0.97624,0.00094653
0.97645,0.00094666
0.97682,0.00094689
0.9773,0.00094718
0.97751,0.00094731
0.97767,0.0009474
0.97777,0.00094747
0.97809,0.00094766
0.97857,0.00094794
0.97862,0.00094798
0.9792,0.00094832
0.97941,0.00094845
0.98004,0.00094882
0.98031,0.00094898
0.98068,0.0009492
0.98126,0.00094953
0.98147,0.00094966
0.9821,0.00095002
0.98236,0.00095017
0.98273,0.00095038
0.98299,0.00095053
0.98378,0.00095098
0.98383,0.00095101
0.98441,0.00095134
0.98452,0.00095139
0.98494,0.00095163
0.98546,0.00095192
0.98614,0.0009523
0.9863,0.00095238
0.98661,0.00095255
0.98677,0.00095264
0.98698,0.00095275
0.9874,0.00095298
0.98761,0.00095309
0.98787,0.00095323
0.98818,0.0009534
0.98871,0.00095368
0.98912,0.0009539
0.98944,0.00095407
0.9897,0.0009542
0.99038,0.00095456
0.99074,0.00095475
0.99116,0.00095496
0.99132,0.00095504
0.99137,0.00095507
0.99152,0.00095515
0.99205,0.00095542
0.99241,0.0009556
0.99246,0.00095563
0.99277,0.00095579
0.99298,0.00095589
0.99345,0.00095613
0.99366,0.00095623
0.99382,0.00095631
0.99465,0.00095672
0.99496,0.00095687
0.99574,0.00095725
0.99579,0.00095728
0.99615,0.00095745
0.99631,0.00095753
0.99636,0.00095755
0.99662,0.00095768
0.99693,0.00095783
0.99714,0.00095792
0.99745,0.00095807
0.99786,0.00095827
0.99817,0.00095841
0.99869,0.00095865
0.99885,0.00095873
0.99905,0.00095882
0.99947,0.00095901
0.99988,0.0009592
1.0001,0.0009593
1.0004,0.00095946
1.0007,0.00095958
1.0012,0.00095979
1.0013,0.00095984
1.0015,0.00095993
1.0024,0.00096034
1.0026,0.00096041
1.0031,0.00096066
1.0036,0.00096086
1.0038,0.00096095
1.0044,0.00096119
1.0048,0.00096139
1.0049,0.00096141
1.0053,0.00096159
1.006,0.00096189
1.0063,0.000962
1.0065,0.00096208
1.0065,0.0009621
1.0067,0.00096217
1.0069,0.00096225
1.0069,0.00096227
1.0073,0.00096244
1.0079,0.00096267
1.0081,0.00096276
1.0085,0.00096292
1.009,0.00096311
1.0095,0.00096331
1.0097,0.00096339
1.0098,0.00096341
1.0101,0.00096355
1.0102,0.00096359
1.0106,0.00096375
1.0112,0.00096397
1.0113,0.00096403
1.0116,0.00096413
1.0123,0.00096438
1.0128,0.00096459
1.013,0.00096465
1.0135,0.00096484
1.0138,0.00096497
1.0139,0.00096499
1.0142,0.00096512
1.0149,0.00096534
1.0151,0.00096544
1.0153,0.00096549
1.0159,0.00096571
1.0159,0.00096573
1.0165,0.00096593
1.0167,0.000966
1.0171,0.00096614
1.0176,0.0009663
1.018,0.00096644
1.0185,0.00096662
1.0188,0.00096672
1.0191,0.00096682
1.0193,0.00096691
1.0195,0.00096697
1.0199,0.00096709
1.0207,0.00096738
1.0209,0.00096743
1.0211,0.00096749
1.0212,0.00096753
1.0214,0.00096757
1.0224,0.00096791
1.0228,0.00096803
1.023,0.00096809
1.0232,0.00096817
1.0234,0.00096822
1.0238,0.00096834
1.024,0.0009684
1.0248,0.00096865
1.0252,0.00096877
1.0256,0.00096889
1.0257,0.00096894
1.0264,0.00096912
1.0266,0.00096918
1.0268,0.00096925
1.027,0.00096931
1.0273,0.00096938
1.0276,0.00096948
1.028,0.0009696
1.0281,0.00096961
1.0282,0.00096965
1.0286,0.00096977
1.0289,0.00096984
1.0292,0.00096993
1.0293,0.00096995
1.0296,0.00097003
1.03,0.00097016
1.0308,0.00097036
1.031,0.00097043
1.0318,0.00097064
1.0321,0.0009707
1.0324,0.00097078
1.0328,0.0009709
1.033,0.00097093
1.0333,0.00097101
1.0336,0.0009711
1.0346,0.00097135
1.0352,0.00097148
1.0353,0.00097151
1.0354,0.00097153
1.0356,0.00097159
1.0361,0.0009717
1.0365,0.00097179
1.0366,0.00097183
1.037,0.00097191
1.037,0.00097192
1.0374,0.00097201
1.0378,0.00097209
1.0381,0.00097216
1.0384,0.00097224
1.0388,0.00097232
1.039,0.00097237
1.0394,0.00097246
1.0401,0.0009726
1.0402,0.00097263
1.0406,0.00097271
1.041,0.0009728
1.0413,0.00097285
1.0416,0.00097293
1.0419,0.00097299
1.0424,0.00097308
1.0428,0.00097317
1.0432,0.00097324
1.0433,0.00097327
1.044,0.00097341
1.0444,0.00097347
1.045,0.00097359
1.0454,0.00097366
1.0457,0.00097372
1.0462,0.0009738
1.0465,0.00097388
1.0467,0.00097391
1.0472,0.00097399
1.0476,0.00097406
1.0481,0.00097414
1.0484,0.00097419
1.0488,0.00097426
1.0489,0.00097428
1.0495,0.00097438
1.0497,0.00097441
1.0503,0.00097451
1.0504,0.00097453
1.0509,0.0009746
1.0513,0.00097466
1.0517,0.00097472
1.0519,0.00097476
1.0521,0.00097478
1.053,0.00097493
1.0531,0.00097493
1.0534,0.00097498
1.0544,0.00097511
1.0547,0.00097515
1.055,0.00097519
1.0552,0.00097522
1.0554,0.00097526
1.0557,0.00097529
1.056,0.00097533
1.0568,0.00097542
1.0573,0.00097549
1.0574,0.0009755
1.0577,0.00097554
1.0578,0.00097555
1.0579,0.00097557
1.0582,0.0009756
1.0585,0.00097564
1.0591,0.0009757
1.0594,0.00097573
1.0595,0.00097575
1.0601,0.00097581
1.0603,0.00097583
1.0605,0.00097586
1.0609,0.00097589
1.0613,0.00097593
1.0614,0.00097595
1.0618,0.00097599
1.0622,0.00097603
1.0629,0.00097609
1.063,0.0009761
1.0636,0.00097616
1.0639,0.00097618
1.064,0.00097619
1.0643,0.00097622
1.0645,0.00097623
1.065,0.00097627
1.0655,0.00097631
1.0659,0.00097635
1.0664,0.00097638
1.0668,0.00097641
1.0674,0.00097646
1.0675,0.00097646
1.0679,0.00097649
1.0682,0.00097651
1.0684,0.00097652
1.0687,0.00097654
1.069,0.00097656
1.0694,0.00097658
1.0697,0.0009766
1.0701,0.00097663
1.0706,0.00097665
1.0708,0.00097666
1.0711,0.00097668
1.0714,0.00097669
1.0717,0.00097671
1.0719,0.00097672
1.0723,0.00097674
1.0729,0.00097676
1.0731,0.00097677
1.0735,0.00097679
1.0738,0.0009768
1.0741,0.00097681
1.0744,0.00097682
1.0745,0.00097682
1.0748,0.00097684
1.0753,0.00097685
1.0758,0.00097687
1.0765,0.00097689
1.0769,0.00097689
1.0775,0.00097691
1.0777,0.00097691
1.0779,0.00097691
1.0781,0.00097692
1.0784,0.00097692
1.0787,0.00097693
1.0792,0.00097693
1.0794,0.00097694
1.0798,0.00097694
1.08,0.00097694
1.0805,0.00097695
1.0809,0.00097695
1.0814,0.00097695
1.0817,0.00097695
1.0821,0.00097695
1.0824,0.00097695
1.0825,0.00097695
1.0829,0.00097695
1.083,0.00097695
1.0832,0.00097694
1.0838,0.00097694
1.084,0.00097694
1.0845,0.00097693
1.0851,0.00097692
1.0855,0.00097692
1.0856,0.00097692
1.086,0.00097691
1.0863,0.0009769
1.0867,0.00097689
1.0868,0.00097689
1.0871,0.00097688
1.0874,0.00097687
1.0878,0.00097686
1.088,0.00097686
1.0884,0.00097685
1.0886,0.00097684
1.089,0.00097683
1.0895,0.00097681
1.0898,0.0009768
1.0901,0.00097679
1.0907,0.00097677
1.0912,0.00097674
1.0914,0.00097673
1.092,0.0009767
1.0921,0.0009767
1.0925,0.00097668
1.0928,0.00097667
1.0931,0.00097665
1.0933,0.00097664
1.0935,0.00097663
1.0941,0.0009766
1.0944,0.00097658
1.0948,0.00097656
1.095,0.00097654
1.0958,0.0009765
1.0959,0.00097648
1.0962,0.00097647
1.0965,0.00097645
1.0969,0.00097642
1.0973,0.00097639
1.0976,0.00097637
1.098,0.00097634
1.0984,0.00097631
1.0986,0.0009763
1.0988,0.00097628
1.0996,0.00097622
1.0997,0.00097621
1.1001,0.00097618
1.1003,0.00097616
1.1005,0.00097615
1.1007,0.00097613
1.101,0.0009761
1.1014,0.00097606
1.1021,0.000976
1.1026,0.00097596
1.1027,0.00097595
1.1027,0.00097594
1.1031,0.00097591
1.1037,0.00097585
1.1038,0.00097584
1.1044,0.00097578
1.1048,0.00097574
1.1049,0.00097573
1.1051,0.0009757
1.1056,0.00097566
1.1059,0.00097562
1.1062,0.00097559
1.1066,0.00097554
1.1072,0.00097548
1.1072,0.00097548
1.1079,0.0009754
1.1082,0.00097537
1.1083,0.00097535
1.1085,0.00097533
1.1089,0.00097528
1.1093,0.00097524
1.1094,0.00097522
1.1094,0.00097521
1.1098,0.00097517
1.11,0.00097515
1.1102,0.00097512
1.1104,0.00097509
1.1106,0.00097507
1.1109,0.00097503
1.1111,0.000975
1.1116,0.00097494
1.112,0.00097488
1.1122,0.00097486
1.1124,0.00097484
1.1128,0.00097478
1.1131,0.00097474
1.1139,0.00097463
1.1141,0.00097459
1.1143,0.00097457
1.1145,0.00097455
1.1148,0.00097449
1.1156,0.00097438
1.116,0.00097432
1.1161,0.0009743
1.1164,0.00097427
1.1169,0.00097419
1.1171,0.00097415
1.1176,0.00097407
1.1182,0.00097399
1.1184,0.00097396
1.1185,0.00097393
1.1186,0.00097392
1.1189,0.00097388
1.119,0.00097386
1.1195,0.00097378
1.1197,0.00097374
1.12,0.0009737
1.12,0.00097369
1.1205,0.0009736
1.1209,0.00097353
1.1213,0.00097348
1.1215,0.00097343
1.1219,0.00097337
1.122,0.00097334
1.1223,0.0009733
1.1226,0.00097325
1.1228,0.00097322
1.123,0.00097317
1.1233,0.00097312
1.1237,0.00097304
1.1241,0.00097298
1.1244,0.00097292
1.1248,0.00097285
1.1249,0.00097282
1.1252,0.00097277
1.1254,0.00097275
1.1259,0.00097264
1.1263,0.00097257
1.1266,0.00097251
1.1271,0.00097243
1.1276,0.00097233
1.1279,0.00097227
1.1283,0.00097218
1.1285,0.00097214
1.1287,0.00097211
1.1288,0.00097208
1.1292,0.000972
1.1296,0.00097192
1.1299,0.00097186
1.1301,0.00097182
1.1306,0.00097171
1.1309,0.00097167
1.1314,0.00097155
1.1317,0.00097148
1.1318,0.00097147
1.1322,0.00097139
1.1325,0.00097132
1.1325,0.00097131
1.1328,0.00097125
1.1332,0.00097117
1.1336,0.00097108
1.1337,0.00097105
1.134,0.00097099
1.1346,0.00097085
1.1347,0.00097083
1.135,0.00097076
1.1354,0.00097068
1.1359,0.00097057
1.1363,0.00097048
1.1366,0.0009704
1.1369,0.00097034
1.1374,0.00097023
1.1381,0.00097007
1.1385,0.00096997
1.1387,0.00096993
1.1388,0.0009699
1.1391,0.00096983
1.1394,0.00096977
1.1398,0.00096967
1.1403,0.00096955
1.1405,0.00096951
1.1409,0.00096941
1.1413,0.00096931
1.1415,0.00096924
1.1418,0.00096918
1.1423,0.00096905
1.1427,0.00096895
1.143,0.00096887
1.1432,0.00096882
1.1438,0.00096867
1.1445,0.00096849
1.1448,0.00096842
1.1449,0.0009684
1.1452,0.00096832
1.1457,0.00096817
1.1459,0.00096814
1.1461,0.00096809
1.1465,0.00096799
1.1467,0.00096793
1.1468,0.00096789
1.1475,0.00096771
1.1478,0.00096764
1.1481,0.00096755
1.1485,0.00096744
1.1488,0.00096735
1.1491,0.00096727
1.1493,0.00096721
1.1497,0.00096711
1.1502,0.00096698
1.1503,0.00096695
1.1506,0.00096688
1.1509,0.00096678
1.1511,0.00096673
1.1514,0.00096665
1.1516,0.00096658
1.1517,0.00096656
1.152,0.00096646
1.1524,0.00096635
1.1529,0.00096621
1.1533,0.00096611
1.1535,0.00096604
1.154,0.00096591
1.1542,0.00096583
1.1544,0.0009658
1.1546,0.00096573
1.1549,0.00096564
1.1553,0.00096553
1.1554,0.00096548
1.1561,0.00096528
1.1564,0.0009652
1.1566,0.00096512
1.1571,0.000965
1.1574,0.0009649
1.1576,0.00096484
1.1578,0.00096478
1.1585,0.00096457
1.1589,0.00096445
1.159,0.00096441
1.1591,0.00096437
1.1594,0.0009643
1.1595,0.00096425
1.1596,0.00096423
1.1601,0.00096408
1.1604,0.00096399
1.1606,0.00096392
1.161,0.00096379
1.1613,0.0009637
1.1614,0.00096368
1.1618,0.00096354
1.1619,0.00096353
1.1624,0.00096336
1.1626,0.0009633
1.1631,0.00096315
1.1634,0.00096303
1.1639,0.00096289
1.164,0.00096285
1.1644,0.00096273
1.1645,0.00096269
1.1646,0.00096266
1.1649,0.00096255
1.1653,0.00096243
1.1654,0.0009624
1.1654,0.00096239
1.1663,0.00096209
1.1667,0.00096198
1.1668,0.00096194
1.1672,0.00096181
1.1675,0.00096169
1.1678,0.00096162
1.1685,0.00096138
1.1688,0.00096128
1.1689,0.00096123
1.1691,0.00096116
1.1693,0.0009611
1.1695,0.00096102
1.1702,0.0009608
1.1703,0.00096075
1.1704,0.00096074
1.1707,0.00096062
1.1713,0.00096043
1.1717,0.0009603
1.1717,0.00096027
1.1718,0.00096025
1.1723,0.00096007
1.1727,0.00095993
1.173,0.00095984
1.1732,0.00095978
1.1734,0.00095968
1.1737,0.00095959
1.1741,0.00095945
1.1745,0.00095931
1.175,0.00095914
1.1753,0.00095903
1.1759,0.00095881
1.1762,0.0009587
1.1767,0.00095853
1.1767,0.00095851
1.1769,0.00095843
1.1776,0.0009582
1.1778,0.00095813
1.1781,0.00095802
1.1785,0.00095788
1.1788,0.00095776
1.1788,0.00095775
1.179,0.0009577
1.179,0.00095767
1.1793,0.00095756
1.1797,0.00095743
1.1799,0.00095736
1.1801,0.00095728
1.1804,0.00095718
1.1804,0.00095717
1.1811,0.00095689
1.1818,0.00095665
1.1818,0.00095663
1.1822,0.0009565
1.1828,0.00095625
1.1832,0.00095613
1.1832,0.0009561
1.1835,0.00095599
1.1839,0.00095584
1.1842,0.00095574
1.1844,0.00095567
1.1846,0.0009556
1.185,0.00095544
1.1856,0.0009552
1.186,0.00095503
1.1863,0.00095491
1.1865,0.00095485
1.1867,0.00095478
1.187,0.00095464
1.1872,0.00095458
1.1876,0.00095444
1.1877,0.00095437
1.1879,0.0009543
1.1881,0.00095422
1.1886,0.00095403
1.1888,0.00095396
1.1892,0.00095381
1.1895,0.00095367
1.1896,0.00095362
1.1899,0.00095353
1.1902,0.00095341
1.1903,0.00095334
1.1906,0.00095326
1.191,0.00095306
1.1912,0.00095299
1.1913,0.00095294
1.1916,0.00095284
1.1919,0.00095272
1.1922,0.00095258
1.1924,0.00095251
1.1929,0.00095231
1.193,0.00095228
1.1934,0.0009521
1.1937,0.000952
1.194,0.00095187
1.1943,0.00095173
1.1947,0.00095157
1.1955,0.00095125
1.1957,0.00095116
1.1958,0.00095114
1.1959,0.00095109
1.1961,0.00095102
1.1962,0.00095097
1.1964,0.00095086
1.1968,0.00095071
1.1974,0.00095044
1.1976,0.00095037
1.1984,0.00095003
1.1985,0.00095001
1.1986,0.00094994
1.1989,0.00094985
1.1992,0.0009497
1.1995,0.00094956
1.1997,0.0009495
1.2,0.00094936
1.2004,0.00094921
1.2007,0.00094906
1.2008,0.00094901
1.2011,0.00094892
1.2012,0.00094886
1.2015,0.00094871
1.2017,0.00094862
1.202,0.00094853
1.2024,0.00094834
1.2028,0.00094818
1.2031,0.00094805
1.2033,0.00094796
1.2038,0.00094775
1.2039,0.00094768
1.2042,0.00094758
1.2043,0.00094751
1.2048,0.00094728
1.2051,0.00094719
1.2054,0.00094706
1.2057,0.00094691
1.2057,0.00094689
1.2064,0.00094661
1.2067,0.00094646
1.2068,0.00094644
1.2069,0.00094638
1.2077,0.00094602
1.2079,0.00094595
1.208,0.00094587
1.2085,0.00094568
1.2088,0.00094553
1.2091,0.00094541
1.2094,0.00094526
1.2095,0.00094524
1.2098,0.00094509
1.2098,0.00094507
1.21,0.00094501
1.2103,0.00094486
1.2106,0.00094472
1.2108,0.00094463
1.2109,0.00094461
1.2113,0.00094439
1.2119,0.00094414
1.2121,0.00094403
1.2124,0.00094393
1.2127,0.00094379
1.2133,0.00094352
1.2136,0.00094339
1.2139,0.00094323
1.2141,0.00094315
1.2146,0.0009429
1.2149,0.00094276
1.215,0.00094274
1.2151,0.00094268
1.2153,0.00094258
1.2154,0.00094253
1.2159,0.00094229
1.2161,0.00094221
1.2162,0.00094215
1.2166,0.00094197
1.217,0.0009418
1.2177,0.00094148
1.2181,0.00094128
1.2185,0.0009411
1.2186,0.00094104
1.2188,0.00094096
1.2192,0.00094078
1.2195,0.00094062
1.22,0.0009404
1.22,0.00094038
1.2203,0.00094024
1.2206,0.00094008
1.2207,0.00094004
1.2211,0.00093988
1.2215,0.00093966
1.222,0.00093942
1.2221,0.0009394
1.2222,0.00093934
1.2226,0.00093918
1.2228,0.00093903
1.2231,0.00093891
1.2234,0.00093877
1.2236,0.00093869
1.2242,0.00093838
1.2244,0.0009383
1.2249,0.00093804
1.2251,0.00093794
1.2256,0.00093771
1.2261,0.00093749
1.2262,0.0009374
1.2266,0.00093722
1.2268,0.00093712
1.2271,0.00093697
1.2276,0.00093675
1.2279,0.00093656
1.2282,0.00093646
1.2284,0.00093633
1.2289,0.00093609
1.2292,0.00093596
1.2294,0.00093584
1.2295,0.00093582
1.2298,0.00093565
1.2302,0.00093546
1.2305,0.0009353
1.2306,0.00093523
1.2308,0.00093515
1.231,0.00093507
1.2313,0.0009349
1.2316,0.00093473
1.2322,0.00093448
1.2322,0.00093446
1.2325,0.00093429
1.2328,0.00093415
1.2329,0.00093408
1.2333,0.0009339
1.2335,0.00093379
1.234,0.00093356
1.2342,0.00093345
1.2345,0.00093328
1.2348,0.00093316
1.2351,0.00093299
1.2352,0.00093297
1.2353,0.00093288
1.2362,0.00093246
1.2363,0.0009324
1.2365,0.00093227
1.2368,0.00093214
1.237,0.00093206
1.2373,0.00093186
1.2378,0.00093163
1.2378,0.00093161
1.2383,0.00093137
1.2385,0.00093127
1.2387,0.00093118
1.2388,0.00093112
1.2396,0.00093073
1.2403,0.00093034
1.2403,0.00093032
1.2406,0.00093022
1.2407,0.00093015
1.241,0.00093
1.2413,0.00092981
1.2415,0.00092972
1.2418,0.00092957
1.2419,0.00092953
1.2422,0.00092935
1.2423,0.00092929
1.243,0.00092896
1.2432,0.00092883
1.2435,0.00092866
1.2437,0.00092859
1.2441,0.00092836
1.2442,0.00092833
1.2445,0.00092818
1.2447,0.00092807
1.2449,0.00092796
1.2452,0.00092779
1.2453,0.00092772
1.2458,0.00092748
1.246,0.00092737
1.2463,0.00092722
1.2465,0.00092709
1.2468,0.00092694
1.2472,0.00092676
1.2474,0.00092661
1.2477,0.0009265
1.2482,0.00092621
1.2483,0.00092615
1.2484,0.00092608
1.2492,0.00092568
1.2496,0.00092544
1.2501,0.00092517
1.2503,0.00092509
1.2505,0.00092498
1.2506,0.00092491
1.2508,0.0009248
1.2509,0.00092475
1.2511,0.00092464
1.2513,0.00092455
1.2516,0.0009244
1.252,0.0009242
1.2522,0.00092409
1.2523,0.00092402
1.2527,0.00092378
1.2528,0.00092375
1.2531,0.00092358
1.2537,0.00092324
1.2541,0.00092304
1.2542,0.00092297
1.2548,0.00092268
1.2549,0.00092262
1.2551,0.0009225
1.2553,0.00092241
1.2555,0.0009223
1.256,0.00092199
1.2562,0.00092188
1.2566,0.0009217
1.2571,0.00092143
1.2574,0.00092122
1.2577,0.00092109
1.258,0.00092088
1.2582,0.00092079
1.2587,0.00092052
1.259,0.00092034
1.2592,0.00092025
1.2595,0.00092007
1.2597,0.00091998
1.26,0.0009198
1.2603,0.00091964
1.2605,0.00091953
1.2607,0.00091944
1.2608,0.00091934
1.261,0.00091925
1.2613,0.00091909
1.2615,0.00091898
1.2617,0.00091889
1.2622,0.00091862
1.2626,0.00091837
1.2626,0.00091834
1.263,0.00091814
1.2635,0.00091789
1.264,0.00091761
1.2641,0.00091754
1.2642,0.00091745
1.2647,0.00091718
1.265,0.00091704
1.2653,0.00091688
1.2654,0.00091679
1.2656,0.00091669
1.266,0.00091644
1.2663,0.0009163
1.2667,0.00091607
1.2669,0.00091596
1.2671,0.00091587
1.2673,0.00091575
1.2675,0.00091559
1.2682,0.00091524
1.2685,0.00091504
1.2686,0.00091497
1.2688,0.00091485
1.269,0.00091476
1.2693,0.0009146
1.2697,0.00091439
1.2699,0.00091427
1.27,0.0009142
1.2703,0.00091402
1.2708,0.00091374
1.271,0.00091365
1.2711,0.00091355
1.2715,0.00091337
1.2718,0.00091316
1.2721,0.00091297
1.2724,0.00091281
1.2726,0.00091272
1.2729,0.00091253
1.2731,0.00091241
1.2732,0.00091234
1.2734,0.00091225
1.2738,0.00091199
1.2741,0.00091187
1.2741,0.00091185
1.2745,0.00091162
1.2751,0.00091129
1.2753,0.00091113
1.2758,0.00091084
1.2763,0.00091059
1.2766,0.00091038
1.2769,0.00091021
1.2773,0.00091002
1.2776,0.00090981
1.2778,0.00090972
1.2781,0.00090953
1.2786,0.00090925
1.2787,0.00090915
1.2789,0.00090903
1.2797,0.00090861
1.2799,0.00090847
1.2802,0.00090828
1.2806,0.00090809
1.281,0.00090785
1.2811,0.00090776
1.2813,0.00090764
1.2816,0.00090747
1.282,0.00090726
1.2821,0.00090716
1.2823,0.00090709
1.2825,0.00090697
1.2828,0.00090678
1.2831,0.00090659
1.2835,0.00090638
1.2837,0.00090624
1.284,0.00090605
1.2842,0.00090593
1.2849,0.00090555
1.285,0.00090545
1.2857,0.00090507
1.2858,0.00090497
1.286,0.00090488
1.2864,0.00090466
1.2868,0.00090442
1.2868,0.0009044
1.2871,0.00090421
1.2873,0.00090409
1.2876,0.0009039
1.288,0.00090366
1.2884,0.00090344
1.2887,0.00090325
1.2889,0.00090315
1.2893,0.00090289
1.2894,0.00090287
1.2899,0.00090258
1.2902,0.00090239
1.2903,0.00090229
1.2912,0.00090178
1.2913,0.00090171
1.2914,0.00090164
1.2916,0.00090152
1.2918,0.00090142
1.2921,0.00090123
1.2924,0.00090106
1.2925,0.00090096
1.2926,0.00090094
1.2932,0.00090058
1.2935,0.00090036
1.2938,0.00090019
1.294,0.00090007
1.2941,0.00090005
1.2943,0.00089988
1.2947,0.00089968
1.2947,0.00089966
1.2951,0.00089939
1.2953,0.00089927
1.2956,0.0008991
1.2959,0.00089891
1.2961,0.00089881
1.2968,0.00089835
1.297,0.00089825
1.297,0.00089823
1.2975,0.00089796
1.2976,0.00089786
1.298,0.00089765
1.2988,0.00089713
1.2991,0.00089699
1.2994,0.00089679
1.2999,0.00089648
1.3001,0.00089635
1.3004,0.00089618
1.3007,0.00089599
1.3007,0.00089596
1.3012,0.0008957
1.3013,0.0008956
1.3017,0.0008954
1.3021,0.00089511
1.3026,0.00089481
1.3027,0.00089474
1.3029,0.00089464
1.3029,0.00089462
1.3036,0.00089423
1.3038,0.00089406
1.304,0.00089393
1.3045,0.00089364
1.3049,0.00089342
1.3051,0.00089325
1.3054,0.00089307
1.3055,0.00089302
1.3058,0.00089283
1.3059,0.00089275
1.3064,0.00089246
1.3069,0.00089216
1.307,0.00089209
1.3072,0.00089199
1.3077,0.00089165
1.308,0.00089147
1.3083,0.00089125
1.3085,0.00089118
1.3087,0.00089106
1.3089,0.00089088
1.3093,0.00089066
1.3095,0.00089051
1.3097,0.00089041
1.31,0.00089019
1.3103,0.00089002
1.3104,0.00088999
1.3112,0.0008895
1.3114,0.00088933
1.3116,0.0008892
1.3118,0.0008891
1.3121,0.00088888
1.3123,0.00088881
1.3127,0.00088853
1.3129,0.00088841
1.3135,0.00088801
1.314,0.00088772
1.314,0.00088769
1.3143,0.00088754
1.3145,0.00088742
1.3147,0.00088724
1.3151,0.00088702
1.3153,0.0008869
1.3157,0.00088662
1.316,0.00088643
1.3165,0.00088613
1.3168,0.00088595
1.317,0.00088583
1.3171,0.00088573
1.3179,0.00088526
1.3181,0.00088511
1.3185,0.00088486
1.3187,0.00088473
1.3192,0.00088443
1.3193,0.00088436
1.3197,0.00088411
1.32,0.00088391
1.3203,0.00088373
1.3212,0.00088313
1.3215,0.00088293
1.3216,0.00088286
1.3221,0.00088253
1.3225,0.00088233
1.3226,0.00088223
1.3228,0.00088211
1.3231,0.00088193
1.3234,0.00088173
1.3234,0.00088171
1.3237,0.00088151
1.3242,0.00088123
1.3246,0.00088096
1.3253,0.00088053
1.3255,0.00088036
1.3256,0.00088033
1.326,0.00088005
1.3267,0.00087963
1.3268,0.00087953
1.3276,0.00087902
1.3278,0.00087892
1.3279,0.00087885
1.3281,0.00087872
1.3282,0.00087862
1.3285,0.00087842
1.329,0.00087809
1.3291,0.00087804
1.3295,0.00087782
1.3298,0.00087762
1.3301,0.00087741
1.3305,0.00087714
1.331,0.00087683
1.331,0.00087681
1.3315,0.00087651
1.332,0.0008762
1.3321,0.00087608
1.3323,0.000876
1.3324,0.0008759
1.3328,0.00087562
1.3332,0.0008754
1.3337,0.00087507
1.334,0.00087487
1.3343,0.00087469
1.3351,0.00087418
1.3356,0.00087386
1.3366,0.0008732
1.3366,0.00087317
1.3368,0.00087307
1.3371,0.00087287
1.3372,0.00087279
1.3374,0.00087264
1.3378,0.00087239
1.338,0.00087229
1.338,0.00087226
1.3385,0.00087196
1.3389,0.00087165
1.3392,0.00087147
1.3394,0.00087135
1.3399,0.00087102
1.3402,0.00087082
1.3406,0.00087054
1.3409,0.00087036
1.3411,0.00087023
1.3413,0.00087005
1.342,0.00086962
1.342,0.0008696
1.3423,0.00086942
1.3427,0.00086914
1.3434,0.00086873
1.3439,0.00086838
1.344,0.0008683
1.3445,0.000868
1.3448,0.00086779
1.3451,0.00086759
1.3452,0.00086749
1.3458,0.00086708
1.346,0.00086695
1.3462,0.00086688
1.3464,0.0008667
1.3469,0.00086639
1.3471,0.00086626
1.3475,0.00086596
1.3478,0.00086578
1.3482,0.00086555
1.3483,0.00086547
1.3486,0.00086525
1.3495,0.00086466
1.3501,0.00086425
1.3503,0.0008641
1.3506,0.00086392
1.3506,0.00086389
1.3509,0.00086369
1.3513,0.00086348
1.3515,0.00086333
1.3518,0.00086313
1.3518,0.0008631
1.3523,0.00086279
1.3527,0.00086249
1.3534,0.00086205
1.3535,0.00086198
1.3537,0.00086188
1.3541,0.00086157
1.3544,0.00086139
1.3546,0.00086126
1.3549,0.00086106
1.3551,0.00086088
1.3555,0.00086065
1.3563,0.00086014
1.3567,0.0008598
1.3568,0.00085975
1.3576,0.00085921
1.3582,0.0008588
1.3587,0.0008585
1.3591,0.00085822
1.3593,0.00085811
1.3595,0.00085798
1.3596,0.00085788
1.3599,0.00085768
1.3602,0.00085747
1.3605,0.00085727
1.3607,0.00085714
1.3613,0.00085675
1.3619,0.00085634
1.3619,0.00085632
1.3625,0.00085596
1.3629,0.00085563
1.3631,0.0008555
1.3634,0.00085529
1.364,0.00085493
1.3642,0.0008548
1.3647,0.00085442
1.3651,0.00085419
1.3655,0.00085388
1.3659,0.00085365
1.3662,0.00085344
1.3664,0.00085326
1.367,0.00085288
1.3671,0.00085283
1.3676,0.00085244
1.3678,0.00085236
1.3686,0.0008518
1.3689,0.00085159
1.3696,0.00085113
1.3698,0.00085098
1.3704,0.00085059
1.3707,0.00085036
1.3708,0.00085031
1.371,0.00085018
1.3722,0.00084936
1.3725,0.00084912
1.3731,0.00084874
1.3732,0.00084864
1.3733,0.00084856
1.3735,0.00084843
1.374,0.00084812
1.3744,0.00084781
1.3746,0.00084771
1.3753,0.00084719
1.376,0.00084671
1.3762,0.00084658
1.3764,0.00084647
1.3767,0.00084624
1.3773,0.00084586
1.3776,0.00084562
1.3779,0.00084544
1.3782,0.00084521
1.3785,0.00084501
1.3788,0.0008448
1.3792,0.00084452
1.3795,0.00084431
1.3802,0.00084382
1.3803,0.00084377
1.3805,0.00084361
1.3809,0.00084336
1.3814,0.000843
1.3818,0.00084276
1.3821,0.00084253
1.3822,0.00084245
1.3826,0.00084217
1.3828,0.00084207
1.383,0.00084194
1.3834,0.00084163
1.3843,0.00084101
1.3846,0.00084083
1.3848,0.00084068
1.3851,0.00084047
1.3861,0.00083977
1.3863,0.00083964
1.3867,0.00083936
1.3869,0.00083923
1.3874,0.00083885
1.3876,0.00083874
1.3877,0.00083866
1.388,0.00083846
1.3884,0.0008382
1.3889,0.00083781
1.3897,0.0008373
1.3902,0.00083696
1.3906,0.00083668
1.391,0.00083637
1.3913,0.00083616
1.3916,0.00083596
1.3917,0.00083588
1.3925,0.00083534
1.3928,0.00083511
1.3934,0.00083472
1.3937,0.00083454
1.3946,0.00083387
1.3948,0.00083371
1.3952,0.00083348
1.3956,0.00083317
1.3959,0.00083296
1.3961,0.00083286
1.3965,0.00083258
1.3967,0.00083242
1.3971,0.00083216
1.3973,0.00083201
1.3982,0.00083134
1.3986,0.00083111
1.399,0.0008308
1.3993,0.00083062
1.4001,0.00083008
1.4005,0.00082979
1.4008,0.00082956
1.4012,0.00082925
1.4017,0.00082891
1.4018,0.00082884
1.402,0.00082871
1.4023,0.00082853
1.403,0.00082801
1.4033,0.00082781
1.4036,0.0008276
1.4043,0.00082711
1.4046,0.0008269
1.405,0.00082665
1.4052,0.00082644
1.4054,0.00082636
1.4061,0.00082582
1.4071,0.00082515
1.4073,0.00082502
1.4076,0.00082482
1.4088,0.00082396
1.4091,0.00082376
1.4094,0.0008235
1.4096,0.00082337
1.4099,0.00082319
1.4101,0.00082306
1.4102,0.00082299
1.4108,0.00082252
1.4112,0.00082226
1.4116,0.00082195
1.4124,0.00082144
1.4127,0.00082121
1.4133,0.0008208
1.4137,0.00082051
1.414,0.00082025
1.4144,0.00081997
1.415,0.00081956
1.4152,0.00081943
1.4159,0.00081897
1.4161,0.00081881
1.4163,0.00081866
1.4163,0.00081863
1.4171,0.00081812
1.4175,0.00081781
1.4178,0.00081758
1.4184,0.00081717
1.4186,0.00081701
1.4191,0.00081668
1.4193,0.00081655
1.4194,0.00081647
1.42,0.00081609
1.4204,0.00081578
1.4212,0.00081524
1.4214,0.00081503
1.4227,0.00081413
1.4231,0.00081387
1.4233,0.00081372
1.4234,0.00081367
1.4237,0.00081346
1.424,0.00081321
1.4245,0.00081287
1.4246,0.00081277
1.4252,0.00081238
1.4258,0.00081195
1.4263,0.00081161
1.4269,0.00081115
1.4276,0.00081064
1.428,0.00081041
1.4281,0.00081033
1.4288,0.00080979
1.4294,0.00080938
1.43,0.00080899
1.4306,0.00080856
1.4307,0.00080846
1.4314,0.00080794
1.432,0.00080753
1.4322,0.00080743
1.4325,0.00080723
1.4327,0.00080702
1.4333,0.00080664
1.4336,0.0008064
1.4346,0.00080569
1.4352,0.00080525
1.4356,0.000805
1.4359,0.00080477
1.4367,0.00080418
1.4371,0.00080395
1.4375,0.00080361
1.4378,0.00080341
1.4384,0.00080303
1.4385,0.00080292
1.4388,0.00080272
1.4395,0.00080218
1.4401,0.0008018
1.4403,0.00080162
1.441,0.00080116
1.4413,0.00080095
1.4415,0.00080078
1.4418,0.00080055
1.4423,0.00080019
1.4436,0.00079932
1.4438,0.00079911
1.4442,0.00079886
1.445,0.00079832
1.4454,0.00079802
1.4457,0.00079781
1.4459,0.00079763
1.4464,0.0007973
1.4465,0.0007972
1.4467,0.00079707
1.4473,0.00079667
1.4478,0.00079628
1.4481,0.0007961
1.4493,0.00079519
1.4498,0.00079483
1.4504,0.00079445
1.4506,0.00079427
1.4514,0.00079374
1.4518,0.00079346
1.4522,0.00079315
1.4525,0.00079292
1.4528,0.00079274
1.4533,0.00079239
1.4539,0.00079193
1.4544,0.0007916
1.4549,0.00079122
1.4551,0.00079109
1.4559,0.00079048
1.4561,0.00079038
1.4567,0.00078995
1.4578,0.00078916
1.4579,0.00078906
1.4584,0.00078873
1.4593,0.00078805
1.4598,0.00078774
1.4599,0.00078764
1.4605,0.00078724
1.4607,0.00078706
1.4609,0.00078696
1.4615,0.00078653
1.462,0.00078612
1.4623,0.00078589
1.4633,0.00078521
1.4636,0.00078501
1.4643,0.0007845
1.4646,0.0007843
1.4654,0.00078372
1.466,0.00078326
1.4665,0.00078291
1.4666,0.00078286
1.4668,0.00078271
1.4671,0.00078245
1.4681,0.0007818
1.4687,0.00078137
1.469,0.00078109
1.4692,0.00078097
1.4699,0.00078046
1.4702,0.00078024
1.471,0.00077968
1.4719,0.00077905
1.4722,0.00077885
1.4726,0.00077857
1.4735,0.00077787
1.4738,0.00077764
1.4743,0.00077734
1.4747,0.00077704
1.4751,0.00077674
1.4754,0.00077656
1.4762,0.00077593
1.4767,0.00077563
1.4776,0.00077495
1.4783,0.00077443
1.4785,0.00077433
1.4787,0.00077413
1.48,0.00077322
1.4803,0.000773
1.4807,0.00077272
1.4809,0.0007726
1.4812,0.0007724
1.4815,0.00077215
1.4823,0.0007716
1.4829,0.00077112
1.4834,0.00077082
1.4839,0.00077042
1.4843,0.00077015
1.4846,0.00076992
1.4855,0.00076925
1.4862,0.0007688
1.4865,0.00076855
1.4873,0.00076802
1.4881,0.00076743
1.4882,0.00076733
1.4885,0.00076713
1.4889,0.00076683
1.4892,0.0007666
1.4893,0.00076655
1.4902,0.00076593
1.4907,0.00076553
1.491,0.00076533
1.4917,0.00076481
1.4926,0.00076421
1.4927,0.00076414
1.4931,0.00076384
1.4943,0.00076295
1.4945,0.00076282
1.495,0.00076245
1.4953,0.00076223
1.4957,0.00076196
1.4959,0.00076178
1.4965,0.00076139
1.4972,0.00076087
1.4975,0.00076067
1.4979,0.00076037
1.4986,0.00075985
1.4995,0.00075926
1.5001,0.00075879
1.5007,0.00075839
1.5009,0.00075822
1.5022,0.00075733
1.5026,0.00075701
1.5029,0.00075681
1.5033,0.00075652
1.5036,0.00075629
1.5045,0.00075563
1.5052,0.00075516
1.5058,0.00075474
1.5063,0.00075435
1.5069,0.00075395
1.5074,0.00075356
1.5085,0.00075275
1.5087,0.0007526
1.5092,0.00075228
1.5097,0.00075192
1.51,0.00075169
1.5107,0.00075118
1.5115,0.00075062
1.5119,0.00075032
1.5128,0.00074966
1.5132,0.00074944
1.514,0.00074883
1.5143,0.00074863
1.5151,0.00074805
1.5152,0.00074797
1.5168,0.0007468
1.5172,0.00074651
1.5175,0.00074634
1.5179,0.00074605
1.5186,0.00074553
1.5195,0.00074492
1.5198,0.00074466
1.5205,0.00074415
1.5211,0.00074378
1.5217,0.00074329
1.5228,0.00074252
1.523,0.0007424
1.5239,0.00074177
1.5241,0.00074162
1.5243,0.00074145
1.525,0.00074099
1.5254,0.00074065
1.5258,0.00074038
1.5259,0.00074029
1.5271,0.00073949
1.5274,0.00073922
1.5284,0.00073854
1.5293,0.00073789
1.5308,0.00073683
1.5312,0.00073652
1.5314,0.0007364
1.5317,0.0007362
1.5322,0.00073582
1.5331,0.00073517
1.5337,0.00073471
1.534,0.0007345
1.5346,0.00073413
1.5353,0.00073363
1.5361,0.00073305
1.5369,0.00073248
1.5373,0.00073219
1.5384,0.0007314
1.5386,0.00073123
1.539,0.00073097
1.5395,0.00073063
1.54,0.00073027
1.5401,0.0007302
1.5408,0.00072968
1.5417,0.00072906
1.5424,0.00072853
1.5427,0.00072834
1.5435,0.00072777
1.5451,0.00072662
1.5453,0.00072646
1.5456,0.00072627
1.5458,0.0007261
1.5464,0.0007257
1.5469,0.00072531
1.5476,0.00072484
1.548,0.00072453
1.5484,0.00072427
1.5495,0.00072351
1.5504,0.00072285
1.5509,0.00072247
1.5516,0.000722
1.5528,0.00072117
1.5529,0.00072105
1.5534,0.00072074
1.5536,0.00072055
1.5541,0.0007202
1.5544,0.00071999
1.5555,0.00071923
1.556,0.00071885
1.5567,0.00071841
1.5577,0.00071768
1.5581,0.00071735
1.5594,0.00071646
1.56,0.00071606
1.5601,0.00071596
1.5608,0.00071549
1.5613,0.00071512
1.562,0.00071465
1.5623,0.00071439
1.5628,0.00071409
1.5637,0.00071343
1.5647,0.00071268
1.5658,0.00071196
1.5671,0.00071098
1.5672,0.00071091
1.5677,0.00071061
1.5677,0.00071056
1.5683,0.00071017
1.5688,0.00070982
1.5697,0.00070917
1.5704,0.0007087
1.5714,0.00070801
1.572,0.00070756
1.5734,0.00070655
1.5738,0.00070627
1.5743,0.0007059
1.5747,0.00070562
1.5751,0.00070534
1.5758,0.00070488
1.5766,0.0007043
1.5779,0.0007034
1.5783,0.00070315
1.5792,0.00070251
1.5801,0.00070184
1.5815,0.00070085
1.5816,0.0007008
1.5819,0.00070057
1.5825,0.00070018
1.583,0.00069982
1.5839,0.0006992
1.5846,0.00069872
1.5849,0.00069844
1.5861,0.00069764
1.5868,0.00069714
1.5881,0.00069625
1.5887,0.0006958
1.5891,0.00069552
1.5895,0.00069525
1.5907,0.00069443
1.5909,0.00069427
1.5921,0.00069343
1.5925,0.00069314
1.5943,0.00069191
1.5946,0.00069171
1.5959,0.00069078
1.5962,0.0006906
1.5965,0.00069037
1.5969,0.00069006
1.5975,0.00068965
1.5982,0.00068915
1.5991,0.00068857
1.6003,0.00068771
1.6011,0.00068713
1.6024,0.00068627
1.6031,0.00068576
1.6035,0.00068549
1.6039,0.00068522
1.6044,0.00068486
1.6052,0.0006843
1.6063,0.00068352
1.6068,0.00068319
1.6085,0.000682
1.6089,0.00068174
1.6103,0.00068078
1.6104,0.00068069
1.6109,0.00068038
1.6116,0.00067987
1.6124,0.00067931
1.6131,0.0006788
1.6144,0.00067794
1.6148,0.00067765
1.6166,0.00067641
1.6175,0.00067579
1.6179,0.00067553
1.6182,0.00067526
1.6188,0.00067491
1.6195,0.00067441
1.6205,0.00067368
1.6211,0.00067331
1.6228,0.00067212
1.6245,0.00067096
1.6247,0.00067085
1.6249,0.00067068
1.6257,0.00067015
1.6262,0.00066976
1.6269,0.00066928
1.6278,0.00066871
1.6291,0.00066782
1.6308,0.0006666
1.6319,0.00066591
1.6322,0.00066565
1.6326,0.00066539
1.6331,0.00066504
1.6338,0.00066458
1.6354,0.0006635
1.6364,0.00066279
1.6375,0.00066202
1.6389,0.00066109
1.6391,0.00066096
1.6396,0.00066062
1.6402,0.00066021
1.6413,0.00065946
1.6421,0.0006589
1.6433,0.00065807
1.6451,0.00065687
1.6462,0.0006561
1.6466,0.00065585
1.647,0.00065559
1.6481,0.00065485
1.6489,0.00065431
1.6497,0.00065372
1.6513,0.00065264
1.6531,0.00065143
1.6535,0.0006512
1.654,0.00065086
1.6545,0.0006505
1.6557,0.00064972
1.6565,0.00064918
1.6576,0.0006484
1.6596,0.00064703
1.6607,0.0006463
1.661,0.00064613
1.6619,0.00064555
1.6625,0.00064513
1.6639,0.00064415
1.6651,0.00064338
1.6674,0.0006418
1.6678,0.00064153
1.6683,0.0006412
1.6688,0.00064089
1.67,0.00064008
1.6708,0.00063954
1.6728,0.00063822
1.675,0.00063676
1.6753,0.00063657
1.6757,0.00063626
1.6767,0.00063563
1.6776,0.00063503
1.6794,0.00063381
1.6818,0.00063226
1.6822,0.00063195
1.6827,0.00063162
1.6831,0.00063134
1.6844,0.00063053
1.6861,0.00062939
1.6883,0.00062793
1.6895,0.00062715
1.6897,0.00062699
1.6906,0.00062642
1.6919,0.00062554
1.6938,0.00062433
1.6961,0.00062281
1.6966,0.00062247
1.6971,0.00062215
1.6981,0.00062151
1.6995,0.00062056
1.7015,0.00061928
1.7037,0.0006178
1.7041,0.00061756
1.705,0.00061701
1.7063,0.00061614
1.7081,0.00061496
1.7109,0.00061313
1.7112,0.00061297
1.7119,0.0006125
1.7131,0.00061172
1.7148,0.00061063
1.7181,0.00060847
1.7185,0.00060824
1.7193,0.00060769
1.7206,0.00060684
1.7224,0.00060568
1.7254,0.00060381
1.7258,0.00060351
1.7268,0.00060289
1.7282,0.00060197
1.7325,0.00059924
1.7329,0.00059902
1.7337,0.00059848
1.735,0.00059765
1.7397,0.00059468
1.7399,0.00059453
1.7406,0.00059408
1.7418,0.00059333
1.7469,0.00059013
1.7472,0.0005899
1.7481,0.00058938
1.7494,0.00058856
1.7541,0.00058558
1.7546,0.00058529
1.7555,0.0005847
1.7613,0.00058112
1.7616,0.0005809
1.7624,0.00058039
1.7684,0.00057667
1.7687,0.00057652
1.7694,0.00057609
1.7756,0.00057222
1.776,0.00057201
1.7768,0.00057151
1.7829,0.00056779
1.7833,0.00056751
1.79,0.00056344
1.7904,0.00056323
1.7972,0.0005591
1.7974,0.00055896
1.8044,0.00055477
1.8047,0.00055456
1.8116,0.00055045
1.8188,0.00054621
1.8259,0.00054199
1.8331,0.00053777
