0.10646,1.6583e-059
0.21293,4.0115e-016
0.30113,3.884e-009
0.33667,8.7437e-008
0.42586,7.9127e-006
0.45169,1.7548e-005
0.53232,9.6413e-005
0.57333,0.00016952
0.62079,0.00027673
0.6476,0.00034415
0.6817,0.00043287
0.74525,0.00059392
0.76772,0.00064646
0.81081,0.00073741
0.85171,0.00081013
0.87792,0.00084933
0.90963,0.00088905
0.95224,0.00092968
0.96407,0.0009385
1.0044,0.0009612
1.0485,0.00097422
1.0646,0.00097624
1.0857,0.00097691
1.1115,0.00097495
1.1467,0.00096793
1.1711,0.00096049
1.1903,0.00095336
1.2045,0.00094743
1.2416,0.00092969
1.2776,0.00090984
1.2864,0.00090464
1.2996,0.00089669
1.334,0.00087488
1.3551,0.00086093
1.384,0.0008412
1.3881,0.00083838
1.4204,0.00081576
1.4323,0.00080732
1.479,0.00077391
1.4905,0.00076569
1.5056,0.00075484
1.5243,0.00074144
1.5354,0.0007335
1.5719,0.00070761
1.597,0.00069004
1.6111,0.00068021
1.6251,0.00067054
1.6528,0.00065168
1.663,0.00064477
1.6833,0.00063121
1.7067,0.00061584
1.72,0.00060727
1.7461,0.00059059
1.7623,0.00058047
1.7847,0.00056669
1.8099,0.00055148
1.813,0.00054962
1.8193,0.00054592
1.8317,0.00053863
1.8593,0.0005227
1.8624,0.00052098
1.8865,0.00050744
1.9045,0.00049761
1.9193,0.00048962
1.9281,0.00048492
1.9544,0.0004712
1.9573,0.00046971
1.9803,0.00045803
2.0003,0.00044816
2.02,0.0004386
2.0256,0.00043592
2.0451,0.00042674
2.0479,0.00042545
2.0672,0.00041659
2.0971,0.00040322
2.1079,0.00039851
2.1213,0.00039274
2.1319,0.00038822
2.1425,0.00038378
2.1557,0.00037833
2.1845,0.00036674
2.1948,0.00036266
2.2154,0.0003547
2.2357,0.00034701
2.2383,0.00034606
2.2559,0.00033956
2.2584,0.00033865
2.2759,0.00033236
2.2859,0.00032885
2.2982,0.00032453
2.3252,0.00031534
2.3374,0.0003113
2.3446,0.00030891
2.3567,0.00030499
2.3806,0.00029738
2.3925,0.00029368
2.409,0.00028862
2.4278,0.000283
2.4324,0.00028162
2.451,0.00027622
2.4694,0.00027097
2.4831,0.00026713
2.4854,0.0002665
2.4945,0.000264
2.5126,0.0002591
2.5306,0.00025434
2.5396,0.00025202
2.5574,0.00024746
2.5596,0.0002469
2.5728,0.00024358
2.5772,0.00024249
2.5926,0.00023872
2.61,0.00023454
2.6295,0.00022996
2.6338,0.00022896
2.6445,0.0002265
2.6637,0.00022216
2.6701,0.00022075
2.687,0.00021704
2.6955,0.00021522
2.7143,0.00021122
2.7268,0.00020862
2.7372,0.00020649
2.7619,0.00020151
2.7681,0.00020029
2.7701,0.00019989
2.7864,0.00019672
2.7946,0.00019516
2.8107,0.0001921
2.8188,0.0001906
2.8348,0.00018766
2.8567,0.00018373
2.8647,0.00018233
2.8745,0.0001806
2.8824,0.00017924
2.8961,0.0001769
2.9079,0.00017493
2.9234,0.00017236
2.9369,0.00017015
2.9446,0.00016892
2.9581,0.00016678
2.9657,0.00016558
2.981,0.00016322
2.9886,0.00016207
2.9999,0.00016035
3.0113,0.00015866
3.015,0.00015811
3.0281,0.00015619
3.0449,0.00015377
3.0487,0.00015324
3.0653,0.0001509
3.0727,0.00014988
3.0875,0.00014786
3.0948,0.00014687
3.1039,0.00014565
3.1094,0.00014492
3.1312,0.00014207
3.1438,0.00014045
3.1528,0.00013931
3.1618,0.00013819
3.1761,0.00013642
3.1904,0.00013468
3.1957,0.00013404
3.2028,0.00013319
3.2187,0.00013132
3.2327,0.00012969
3.2432,0.00012849
3.2502,0.00012769
3.2589,0.00012672
3.2797,0.00012442
3.2866,0.00012366
3.3004,0.00012218
3.3021,0.000122
3.3072,0.00012145
3.3124,0.00012091
3.326,0.00011948
3.3329,0.00011877
3.3413,0.0001179
3.343,0.00011773
3.3616,0.00011585
3.3818,0.00011386
3.3885,0.00011321
3.3969,0.0001124
3.4068,0.00011145
3.4085,0.00011129
3.4218,0.00011004
3.4334,0.00010896
3.44,0.00010835
3.4548,0.00010701
3.4662,0.00010598
3.476,0.00010511
3.4874,0.00010411
3.502,0.00010285
3.5133,0.00010188
3.5149,0.00010174
3.5246,0.00010093
3.5278,0.00010066
3.539,9.9729e-005
3.5454,9.9203e-005
3.5582,9.8163e-005
3.5709,9.7142e-005
3.5788,9.6512e-005
3.5915,9.5517e-005
3.6135,9.3817e-005
3.6166,9.3578e-005
3.6198,9.334e-005
3.626,9.2868e-005
3.6338,9.2282e-005
3.6416,9.1702e-005
3.6447,9.1472e-005
3.6634,9.0111e-005
3.6711,8.9553e-005
3.6757,8.9221e-005
3.6896,8.8237e-005
3.6957,8.7806e-005
3.7034,8.7271e-005
3.7141,8.6532e-005
3.7186,8.6218e-005
3.7262,8.5699e-005
3.7323,8.5287e-005
3.7399,8.4778e-005
3.7505,8.4072e-005
3.7641,8.3179e-005
3.7731,8.2592e-005
3.7806,8.2108e-005
3.7911,8.1439e-005
3.8045,8.0591e-005
3.8119,8.0126e-005
3.8164,7.9849e-005
3.8327,7.8847e-005
3.8386,7.8488e-005
3.8401,7.8399e-005
3.8475,7.7954e-005
3.8578,7.7339e-005
3.8695,7.6646e-005
3.8753,7.6303e-005
3.8987,7.4956e-005
3.9045,7.4625e-005
3.9088,7.4379e-005
3.9146,7.4052e-005
3.9262,7.3406e-005
3.9392,7.2691e-005
3.9406,7.2612e-005
3.9507,7.2064e-005
3.9564,7.1754e-005
3.9621,7.1446e-005
3.9778,7.0611e-005
3.9906,6.994e-005
4.0006,6.9424e-005
4.0076,6.906e-005
4.0133,6.8771e-005
4.0246,6.8199e-005
4.04,6.7425e-005
4.047,6.7078e-005
4.054,6.6734e-005
4.0652,6.619e-005
4.0749,6.5719e-005
4.0805,6.5453e-005
4.0958,6.4729e-005
4.0971,6.4664e-005
4.1096,6.4083e-005
4.1137,6.3891e-005
4.1412,6.2636e-005
4.1466,6.239e-005
4.1521,6.2146e-005
4.1576,6.1903e-005
4.1739,6.1183e-005
4.1752,6.1124e-005
4.1861,6.0653e-005
4.1942,6.0303e-005
4.1996,6.0072e-005
4.2117,5.9557e-005
4.2184,5.9275e-005
4.2225,5.9106e-005
4.2386,5.8439e-005
4.2426,5.8275e-005
4.2546,5.7785e-005
4.2599,5.757e-005
4.2639,5.7409e-005
4.2758,5.6931e-005
4.2824,5.6669e-005
4.2864,5.6512e-005
4.2917,5.6305e-005
4.3062,5.574e-005
4.3115,5.5538e-005
4.3233,5.5085e-005
4.3351,5.4639e-005
4.3442,5.4297e-005
4.3494,5.4102e-005
4.3663,5.3479e-005
4.3689,5.3384e-005
4.3767,5.3101e-005
4.3806,5.2961e-005
4.3857,5.2774e-005
4.3896,5.2635e-005
4.4012,5.2222e-005
4.4115,5.1859e-005
4.4167,5.1679e-005
4.4307,5.1189e-005
4.4371,5.0969e-005
4.4461,5.0664e-005
4.4473,5.062e-005
4.4575,5.0275e-005
4.469,4.9892e-005
4.4728,4.9765e-005
4.4766,4.9639e-005
4.4829,4.943e-005
4.4917,4.914e-005
4.5031,4.8771e-005
4.5169,4.8326e-005
4.5181,4.8286e-005
4.5232,4.8126e-005
4.5294,4.7928e-005
4.5332,4.7809e-005
4.5481,4.734e-005
4.5569,4.707e-005
4.573,4.6576e-005
4.578,4.6425e-005
4.5829,4.6276e-005
4.5891,4.609e-005
4.5965,4.5868e-005
4.5977,4.5831e-005
4.6076,4.5539e-005
4.6125,4.5394e-005
4.6223,4.5107e-005
4.6272,4.4964e-005
4.6419,4.4541e-005
4.6504,4.4297e-005
4.6662,4.385e-005
4.6699,4.3747e-005
4.6772,4.3544e-005
4.6844,4.3343e-005
4.6856,4.331e-005
4.6953,4.3044e-005
4.7037,4.2813e-005
4.7134,4.2553e-005
4.7158,4.2488e-005
4.7278,4.2166e-005
4.7433,4.1755e-005
4.7481,4.1629e-005
4.7541,4.1474e-005
4.7612,4.1288e-005
4.7672,4.1134e-005
4.7719,4.1012e-005
4.7826,4.0739e-005
4.7909,4.0529e-005
4.7956,4.041e-005
4.8039,4.0203e-005
4.8109,4.0026e-005
4.818,3.9851e-005
4.8204,3.9793e-005
4.8274,3.962e-005
4.8333,3.9477e-005
4.8426,3.9249e-005
4.8485,3.9108e-005
4.8567,3.8912e-005
4.8648,3.8717e-005
4.8753,3.847e-005
4.8846,3.8252e-005
4.8939,3.8036e-005
4.8985,3.7929e-005
4.902,3.7849e-005
4.9077,3.7716e-005
4.9124,3.761e-005
4.9216,3.74e-005
4.9262,3.7296e-005
4.9388,3.7012e-005
4.9491,3.6783e-005
4.9537,3.6681e-005
4.9629,3.648e-005
4.9686,3.6355e-005
4.9709,3.6306e-005
4.9845,3.601e-005
4.9891,3.5912e-005
4.9993,3.5694e-005
5.0049,3.5573e-005
5.0083,3.5502e-005
5.014,3.5382e-005
5.0219,3.5217e-005
5.032,3.5005e-005
5.0444,3.475e-005
5.0489,3.4658e-005
5.0579,3.4475e-005
5.0612,3.4407e-005
5.0713,3.4204e-005
5.0791,3.4047e-005
5.0892,3.3848e-005
5.0947,3.3738e-005
5.1025,3.3585e-005
5.1114,3.3411e-005
5.1125,3.339e-005
5.1158,3.3325e-005
5.1191,3.3261e-005
5.1214,3.3218e-005
5.1379,3.29e-005
5.1423,3.2816e-005
5.15,3.267e-005
5.1544,3.2587e-005
5.1643,3.2402e-005
5.1742,3.2218e-005
5.1851,3.2017e-005
5.1917,3.1897e-005
5.195,3.1837e-005
5.1993,3.1757e-005
5.2037,3.1678e-005
5.2167,3.1443e-005
5.22,3.1385e-005
5.2211,3.1365e-005
5.2341,3.1134e-005
5.2384,3.1058e-005
5.2427,3.0982e-005
5.2525,3.0811e-005
5.2589,3.0699e-005
5.26,3.068e-005
5.2697,3.0513e-005
5.2718,3.0476e-005
5.2858,3.0237e-005
5.2869,3.0219e-005
5.2944,3.0092e-005
5.2987,3.002e-005
5.304,2.993e-005
5.3211,2.9646e-005
5.3243,2.9593e-005
5.3328,2.9453e-005
5.3402,2.9331e-005
5.3466,2.9228e-005
5.3497,2.9176e-005
5.3582,2.904e-005
5.3614,2.8989e-005
5.3709,2.8837e-005
5.3751,2.8769e-005
5.3835,2.8636e-005
5.3878,2.857e-005
5.3972,2.8421e-005
5.4087,2.8242e-005
5.4213,2.8048e-005
5.4255,2.7984e-005
5.4297,2.792e-005
5.4338,2.7857e-005
5.439,2.7777e-005
5.4463,2.7667e-005
5.4536,2.7558e-005
5.4557,2.7527e-005
5.463,2.7418e-005
5.4723,2.728e-005
5.4754,2.7234e-005
5.4806,2.7158e-005
5.495,2.6947e-005
5.5002,2.6872e-005
5.5136,2.6679e-005
5.5218,2.6562e-005
5.5249,2.6518e-005
5.5331,2.6402e-005
5.5361,2.6358e-005
5.5372,2.6344e-005
5.5453,2.6229e-005
5.5545,2.6101e-005
5.5576,2.6058e-005
5.5708,2.5875e-005
5.5739,2.5833e-005
5.5779,2.5778e-005
5.582,2.5722e-005
5.5871,2.5653e-005
5.5891,2.5625e-005
5.6013,2.5461e-005
5.6104,2.5339e-005
5.6215,2.5191e-005
5.6255,2.5138e-005
5.6346,2.5019e-005
5.6426,2.4913e-005
5.6466,2.4861e-005
5.6516,2.4796e-005
5.6586,2.4705e-005
5.6666,2.4602e-005
5.6676,2.4589e-005
5.6706,2.4551e-005
5.6786,2.4449e-005
5.6866,2.4347e-005
5.6916,2.4284e-005
5.6996,2.4184e-005
5.7135,2.4011e-005
5.7214,2.3913e-005
5.7234,2.3888e-005
5.7303,2.3803e-005
5.7392,2.3694e-005
5.7491,2.3574e-005
5.753,2.3527e-005
5.7579,2.3467e-005
5.7628,2.3408e-005
5.7707,2.3314e-005
5.7736,2.3279e-005
5.7854,2.3139e-005
5.7923,2.3059e-005
5.7972,2.3001e-005
5.8089,2.2865e-005
5.8118,2.2831e-005
5.8177,2.2763e-005
5.8245,2.2685e-005
5.8284,2.264e-005
5.8361,2.2551e-005
5.8468,2.243e-005
5.8555,2.2332e-005
5.8584,2.2299e-005
5.8633,2.2245e-005
5.8671,2.2202e-005
5.872,2.2148e-005
5.8739,2.2126e-005
5.8797,2.2062e-005
5.8893,2.1956e-005
5.8941,2.1903e-005
5.9047,2.1788e-005
5.9133,2.1694e-005
5.9171,2.1653e-005
5.9258,2.156e-005
5.9334,2.1479e-005
5.9391,2.1418e-005
5.9477,2.1327e-005
5.9515,2.1286e-005
5.9591,2.1207e-005
5.9629,2.1167e-005
5.9667,2.1127e-005
5.9715,2.1078e-005
5.9857,2.0931e-005
5.9942,2.0843e-005
5.9961,2.0824e-005
6.0008,2.0776e-005
6.0084,2.0699e-005
6.0169,2.0613e-005
6.0244,2.0537e-005
6.0272,2.0509e-005
6.03,2.0481e-005
6.0385,2.0397e-005
6.0422,2.0359e-005
6.0497,2.0285e-005
6.0535,2.0248e-005
6.0563,2.0221e-005
6.0619,2.0166e-005
6.0694,2.0093e-005
6.0722,2.0066e-005
6.0768,2.002e-005
6.0899,1.9894e-005
6.0945,1.985e-005
6.0973,1.9823e-005
6.0983,1.9814e-005
6.101,1.9788e-005
6.1094,1.9708e-005
6.114,1.9664e-005
6.1205,1.9603e-005
6.1289,1.9525e-005
6.1353,1.9465e-005
6.1427,1.9396e-005
6.1455,1.937e-005
6.1538,1.9294e-005
6.1685,1.9159e-005
6.1731,1.9117e-005
6.1749,1.91e-005
6.1786,1.9067e-005
6.1832,1.9026e-005
6.1942,1.8927e-005
6.1978,1.8894e-005
6.2015,1.8861e-005
6.2079,1.8804e-005
6.2188,1.8707e-005
6.2243,1.8659e-005
6.2306,1.8603e-005
6.2379,1.854e-005
6.2388,1.8532e-005
6.2488,1.8445e-005
6.2597,1.8351e-005
6.2633,1.832e-005
6.2678,1.8281e-005
6.2751,1.822e-005
6.2823,1.8158e-005
6.2877,1.8112e-005
6.2913,1.8082e-005
6.2994,1.8014e-005
6.3039,1.7976e-005
6.3066,1.7954e-005
6.3201,1.7842e-005
6.3245,1.7805e-005
6.3254,1.7797e-005
6.3308,1.7753e-005
6.3353,1.7717e-005
6.3398,1.768e-005
6.3496,1.76e-005
6.3523,1.7578e-005
6.3638,1.7485e-005
6.3683,1.7449e-005
6.3781,1.7371e-005
6.3816,1.7342e-005
6.3887,1.7286e-005
6.3914,1.7265e-005
6.3967,1.7223e-005
6.402,1.7181e-005
6.4056,1.7153e-005
6.41,1.7119e-005
6.4197,1.7043e-005
6.4276,1.6981e-005
6.4312,1.6954e-005
6.432,1.6947e-005
6.4347,1.6927e-005
6.4444,1.6853e-005
6.4523,1.6792e-005
6.4593,1.6739e-005
6.4672,1.6679e-005
6.4742,1.6626e-005
6.4768,1.6607e-005
6.4838,1.6554e-005
6.4899,1.6509e-005
6.4943,1.6476e-005
6.4978,1.645e-005
6.5004,1.6431e-005
6.5022,1.6418e-005
6.5083,1.6373e-005
6.5161,1.6316e-005
6.523,1.6265e-005
6.5291,1.6221e-005
6.5361,1.617e-005
6.5439,1.6114e-005
6.5499,1.6071e-005
6.5568,1.6021e-005
6.5594,1.6003e-005
6.5646,1.5966e-005
6.5706,1.5923e-005
6.5767,1.588e-005
6.5844,1.5826e-005
6.5853,1.582e-005
6.5991,1.5723e-005
6.6016,1.5706e-005
6.6042,1.5688e-005
6.6111,1.564e-005
6.6145,1.5616e-005
6.6188,1.5587e-005
6.6222,1.5563e-005
6.6248,1.5546e-005
6.629,1.5517e-005
6.6325,1.5493e-005
6.6401,1.5441e-005
6.6461,1.54e-005
6.6521,1.536e-005
6.6631,1.5286e-005
6.6674,1.5257e-005
6.67,1.524e-005
6.6827,1.5156e-005
6.6861,1.5133e-005
6.6878,1.5122e-005
6.7005,1.5039e-005
6.7039,1.5017e-005
6.7081,1.4989e-005
6.7106,1.4972e-005
6.714,1.495e-005
6.7207,1.4907e-005
6.7233,1.489e-005
6.7283,1.4858e-005
6.7342,1.482e-005
6.7376,1.4798e-005
6.7418,1.4771e-005
6.7485,1.4729e-005
6.7611,1.4649e-005
6.7636,1.4633e-005
6.7678,1.4606e-005
6.7711,1.4585e-005
6.7753,1.4559e-005
6.7812,1.4523e-005
6.7904,1.4465e-005
6.7937,1.4445e-005
6.802,1.4393e-005
6.8087,1.4352e-005
6.8137,1.4321e-005
6.817,1.4301e-005
6.8212,1.4276e-005
6.827,1.424e-005
6.8287,1.423e-005
6.8353,1.419e-005
6.8436,1.414e-005
6.8485,1.411e-005
6.851,1.4095e-005
6.8543,1.4075e-005
6.8576,1.4056e-005
6.8642,1.4016e-005
6.8684,1.3992e-005
6.8733,1.3963e-005
6.8807,1.3919e-005
6.884,1.3899e-005
6.8964,1.3827e-005
6.9038,1.3784e-005
6.9079,1.376e-005
6.9136,1.3727e-005
6.921,1.3684e-005
6.9259,1.3656e-005
6.9275,1.3647e-005
6.9333,1.3614e-005
6.9406,1.3572e-005
6.9471,1.3535e-005
6.952,1.3507e-005
6.9594,1.3466e-005
6.9618,1.3452e-005
6.9691,1.3411e-005
6.9748,1.3379e-005
6.9789,1.3357e-005
6.9862,1.3316e-005
6.9991,1.3244e-005
7.004,1.3218e-005
7.0056,1.3209e-005
7.0121,1.3173e-005
7.0186,1.3138e-005
7.0234,1.3112e-005
7.0274,1.309e-005
7.0298,1.3077e-005
7.0339,1.3055e-005
7.0371,1.3038e-005
7.0403,1.302e-005
7.0492,1.2973e-005
7.0524,1.2956e-005
7.0572,1.293e-005
7.066,1.2883e-005
7.0692,1.2866e-005
7.0765,1.2828e-005
7.0781,1.2819e-005
7.0829,1.2794e-005
7.0909,1.2752e-005
7.0917,1.2748e-005
7.0956,1.2727e-005
7.1044,1.2682e-005
7.1068,1.2669e-005
7.1164,1.262e-005
7.1172,1.2616e-005
7.1235,1.2583e-005
7.1331,1.2534e-005
7.1339,1.253e-005
7.1386,1.2506e-005
7.1418,1.249e-005
7.1521,1.2437e-005
7.1545,1.2425e-005
7.1577,1.2409e-005
7.1616,1.239e-005
7.1719,1.2338e-005
7.1782,1.2307e-005
7.183,1.2283e-005
7.1901,1.2248e-005
7.1972,1.2213e-005
7.205,1.2174e-005
7.2097,1.2151e-005
7.216,1.212e-005
7.227,1.2067e-005
7.2302,1.2052e-005
7.2349,1.2029e-005
7.2396,1.2006e-005
7.2403,1.2002e-005
7.2411,1.1999e-005
7.2466,1.1972e-005
7.2497,1.1957e-005
7.2521,1.1946e-005
7.2591,1.1913e-005
7.2661,1.1879e-005
7.2724,1.185e-005
7.2778,1.1824e-005
7.2833,1.1798e-005
7.2871,1.178e-005
7.2895,1.1769e-005
7.2934,1.1751e-005
7.3027,1.1707e-005
7.3058,1.1693e-005
7.312,1.1664e-005
7.3174,1.1639e-005
7.3244,1.1607e-005
7.3329,1.1568e-005
7.3337,1.1565e-005
7.3406,1.1533e-005
7.3422,1.1526e-005
7.3468,1.1505e-005
7.3514,1.1484e-005
7.353,1.1477e-005
7.3583,1.1452e-005
7.3653,1.1421e-005
7.3707,1.1397e-005
7.3768,1.1369e-005
7.3791,1.1359e-005
7.3822,1.1345e-005
7.3837,1.1339e-005
7.3891,1.1315e-005
7.3914,1.1304e-005
7.3952,1.1287e-005
7.4067,1.1237e-005
7.4136,1.1207e-005
7.4144,1.1203e-005
7.4228,1.1166e-005
7.4289,1.114e-005
7.435,1.1113e-005
7.4373,1.1103e-005
7.4411,1.1087e-005
7.4494,1.1051e-005
7.4532,1.1035e-005
7.4563,1.1022e-005
7.4624,1.0996e-005
7.4715,1.0957e-005
7.4753,1.0941e-005
7.4768,1.0934e-005
7.4798,1.0921e-005
7.4836,1.0905e-005
7.4889,1.0883e-005
7.4934,1.0864e-005
7.4987,1.0842e-005
7.5048,1.0816e-005
7.5138,1.0779e-005
7.5168,1.0766e-005
7.5229,1.0741e-005
7.5281,1.0719e-005
7.5296,1.0713e-005
7.5349,1.0691e-005
7.5409,1.0667e-005
7.5417,1.0664e-005
7.5462,1.0645e-005
7.5589,1.0593e-005
7.5612,1.0584e-005
7.5619,1.0581e-005
7.5709,1.0545e-005
7.5769,1.0521e-005
7.5799,1.0509e-005
7.5822,1.05e-005
7.5889,1.0473e-005
7.5956,1.0446e-005
7.6016,1.0422e-005
7.6068,1.0402e-005
7.6127,1.0378e-005
7.6179,1.0357e-005
7.6194,1.0352e-005
7.6217,1.0343e-005
7.6328,1.0299e-005
7.6336,1.0296e-005
7.6425,1.0262e-005
7.6484,1.0238e-005
7.6491,1.0236e-005
7.6513,1.0227e-005
7.6661,1.017e-005
7.6684,1.0161e-005
7.6721,1.0147e-005
7.675,1.0136e-005
7.6772,1.0128e-005
7.6787,1.0122e-005
7.6839,1.0102e-005
7.6846,1.0099e-005
7.6905,1.0077e-005
7.6949,1.006e-005
7.7023,1.0032e-005
7.7082,1.001e-005
7.7126,9.9937e-006
7.7155,9.9827e-006
7.7221,9.958e-006
7.7258,9.9443e-006
7.7317,9.9225e-006
7.739,9.8953e-006
7.7434,9.8791e-006
7.7507,9.8521e-006
7.7573,9.8279e-006
7.7631,9.8066e-006
7.766,9.7959e-006
7.7719,9.7746e-006
7.7726,9.772e-006
7.7777,9.7534e-006
7.7806,9.7429e-006
7.7835,9.7323e-006
7.7901,9.7086e-006
7.7981,9.6799e-006
7.8075,9.646e-006
7.809,9.6408e-006
7.8119,9.6305e-006
7.8155,9.6176e-006
7.8184,9.6072e-006
7.8249,9.5841e-006
7.8293,9.5687e-006
7.8307,9.5636e-006
7.8351,9.5483e-006
7.8423,9.5228e-006
7.8502,9.495e-006
7.8531,9.4849e-006
7.856,9.4748e-006
7.8596,9.4622e-006
7.8704,9.4247e-006
7.8762,9.4048e-006
7.8783,9.3973e-006
7.8812,9.3874e-006
7.8848,9.375e-006
7.8898,9.3577e-006
7.8963,9.3356e-006
7.9013,9.3185e-006
7.9049,9.3062e-006
7.9106,9.2867e-006
7.9135,9.277e-006
7.9214,9.2504e-006
7.9242,9.2407e-006
7.9335,9.2095e-006
7.9364,9.1999e-006
7.9457,9.1688e-006
7.9478,9.1617e-006
7.9514,9.1498e-006
7.9556,9.1356e-006
7.9628,9.112e-006
7.9649,9.105e-006
7.9727,9.0791e-006
7.9798,9.0558e-006
7.9848,9.0395e-006
7.9855,9.0372e-006
7.9912,9.0186e-006
7.9961,9.0025e-006
8.0011,8.9863e-006
8.0039,8.9771e-006
8.0075,8.9657e-006
8.0138,8.9451e-006
8.016,8.9382e-006
8.0195,8.9269e-006
8.0301,8.8929e-006
8.0329,8.8838e-006
8.0386,8.8658e-006
8.047,8.8389e-006
8.0491,8.8322e-006
8.0534,8.8188e-006
8.0583,8.8032e-006
8.0611,8.7944e-006
8.0667,8.7767e-006
8.0723,8.759e-006
8.0836,8.7239e-006
8.0871,8.713e-006
8.092,8.6977e-006
8.0941,8.6912e-006
8.0976,8.6803e-006
8.1039,8.6609e-006
8.1088,8.6458e-006
8.1164,8.6221e-006
8.1206,8.6093e-006
8.1255,8.5943e-006
8.1318,8.5752e-006
8.1339,8.5688e-006
8.1422,8.5434e-006
8.1478,8.5265e-006
8.1499,8.5202e-006
8.1527,8.5118e-006
8.161,8.4867e-006
8.1645,8.4763e-006
8.1756,8.4431e-006
8.1811,8.4266e-006
8.1867,8.4101e-006
8.1894,8.4019e-006
8.1915,8.3957e-006
8.1943,8.3875e-006
8.1984,8.3753e-006
8.2039,8.359e-006
8.2088,8.3448e-006
8.2115,8.3367e-006
8.215,8.3266e-006
8.2191,8.3144e-006
8.2246,8.2983e-006
8.2315,8.2783e-006
8.237,8.2623e-006
8.2419,8.2484e-006
8.2474,8.2325e-006
8.248,8.2305e-006
8.2535,8.2147e-006
8.2638,8.1852e-006
8.2666,8.1773e-006
8.2721,8.1617e-006
8.2823,8.1325e-006
8.2851,8.1247e-006
8.2864,8.1208e-006
8.2919,8.1053e-006
8.2967,8.0919e-006
8.3028,8.0746e-006
8.3042,8.0707e-006
8.3069,8.0631e-006
8.3103,8.0535e-006
8.3151,8.0402e-006
8.3212,8.0231e-006
8.3287,8.0022e-006
8.3301,7.9985e-006
8.3355,7.9834e-006
8.3376,7.9777e-006
8.3457,7.9552e-006
8.3478,7.9496e-006
8.3518,7.9384e-006
8.3593,7.918e-006
8.3627,7.9087e-006
8.3667,7.8976e-006
8.3722,7.8829e-006
8.3728,7.881e-006
8.381,7.859e-006
8.3864,7.8444e-006
8.3911,7.8316e-006
8.3951,7.8207e-006
8.3992,7.8098e-006
8.4026,7.8008e-006
8.4113,7.7773e-006
8.4134,7.7719e-006
8.4187,7.7575e-006
8.4234,7.745e-006
8.4295,7.729e-006
8.4322,7.7218e-006
8.4329,7.7201e-006
8.4369,7.7094e-006
8.4382,7.7059e-006
8.445,7.6882e-006
8.453,7.6671e-006
8.4537,7.6653e-006
8.4617,7.6443e-006
8.4697,7.6233e-006
8.4758,7.6077e-006
8.4778,7.6025e-006
8.4851,7.5835e-006
8.4865,7.5801e-006
8.4918,7.5663e-006
8.4991,7.5474e-006
8.5045,7.5338e-006
8.5091,7.5219e-006
8.5151,7.5066e-006
8.5178,7.4998e-006
8.5224,7.488e-006
8.5231,7.4863e-006
8.5258,7.4796e-006
8.5291,7.4711e-006
8.5337,7.4594e-006
8.5397,7.4443e-006
8.5417,7.4393e-006
8.547,7.426e-006
8.5517,7.4143e-006
8.5596,7.3945e-006
8.5629,7.3862e-006
8.5656,7.3796e-006
8.5708,7.3665e-006
8.5735,7.3599e-006
8.5821,7.3387e-006
8.5834,7.3354e-006
8.5867,7.3273e-006
8.5926,7.3126e-006
8.5973,7.3013e-006
8.5999,7.2948e-006
8.6032,7.2868e-006
8.615,7.2579e-006
8.619,7.2483e-006
8.6229,7.2387e-006
8.6242,7.2355e-006
8.6282,7.226e-006
8.6295,7.2228e-006
8.6341,7.2117e-006
8.64,7.1975e-006
8.6472,7.1801e-006
8.6525,7.1676e-006
8.6577,7.1551e-006
8.6655,7.1363e-006
8.6662,7.1348e-006
8.6701,7.1255e-006
8.676,7.1115e-006
8.6767,7.11e-006
8.6838,7.093e-006
8.6871,7.0853e-006
8.6891,7.0807e-006
8.6969,7.0623e-006
8.7027,7.0486e-006
8.7125,7.0258e-006
8.7151,7.0197e-006
8.7177,7.0137e-006
8.7229,7.0016e-006
8.7287,6.9881e-006
8.7307,6.9836e-006
8.7326,6.9791e-006
8.7359,6.9716e-006
8.7385,6.9656e-006
8.7443,6.9522e-006
8.7514,6.9359e-006
8.7534,6.9314e-006
8.7599,6.9167e-006
8.7618,6.9122e-006
8.765,6.9049e-006
8.7689,6.896e-006
8.7715,6.8902e-006
8.7792,6.8726e-006
8.7825,6.8653e-006
8.7876,6.8537e-006
8.7947,6.8377e-006
8.7979,6.8305e-006
8.8025,6.8204e-006
8.8082,6.8075e-006
8.8115,6.8003e-006
8.816,6.7903e-006
8.8211,6.7788e-006
8.823,6.7746e-006
8.8237,6.7731e-006
8.8333,6.7518e-006
8.8365,6.7448e-006
8.8391,6.7391e-006
8.8423,6.7321e-006
8.8525,6.7096e-006
8.8564,6.7012e-006
8.8577,6.6984e-006
8.8596,6.6942e-006
8.8621,6.6886e-006
8.8679,6.6761e-006
8.8749,6.6608e-006
8.8775,6.6553e-006
8.8826,6.6442e-006
8.8845,6.6401e-006
8.8883,6.6318e-006
8.8928,6.6222e-006
8.8947,6.6181e-006
8.9004,6.6058e-006
8.9036,6.599e-006
8.9081,6.5895e-006
8.9138,6.5772e-006
8.9157,6.5732e-006
8.9189,6.5664e-006
8.9284,6.5462e-006
8.936,6.5301e-006
8.943,6.5154e-006
8.9442,6.5127e-006
8.9487,6.5034e-006
8.9512,6.4981e-006
8.9531,6.4941e-006
8.9588,6.4822e-006
8.9613,6.4769e-006
8.9645,6.4703e-006
8.9664,6.4664e-006
8.974,6.4506e-006
8.9759,6.4467e-006
8.9797,6.4388e-006
8.9841,6.4297e-006
8.9891,6.4192e-006
8.9942,6.4089e-006
8.9992,6.3985e-006
9.0049,6.3869e-006
9.0068,6.383e-006
9.0118,6.3727e-006
9.0168,6.3624e-006
9.02,6.356e-006
9.025,6.3458e-006
9.0338,6.328e-006
9.035,6.3255e-006
9.0388,6.3179e-006
9.0419,6.3115e-006
9.0463,6.3027e-006
9.0494,6.2964e-006
9.0519,6.2914e-006
9.0551,6.2851e-006
9.0588,6.2776e-006
9.0595,6.2763e-006
9.0663,6.2626e-006
9.072,6.2513e-006
9.0745,6.2464e-006
9.0801,6.2352e-006
9.0894,6.2167e-006
9.0944,6.2068e-006
9.0963,6.2032e-006
9.1,6.1958e-006
9.1038,6.1884e-006
9.1119,6.1726e-006
9.115,6.1665e-006
9.1243,6.1483e-006
9.1249,6.1471e-006
9.1299,6.1374e-006
9.1348,6.1278e-006
9.1417,6.1146e-006
9.146,6.1062e-006
9.1466,6.105e-006
9.154,6.0907e-006
9.1559,6.0872e-006
9.1584,6.0824e-006
9.1615,6.0765e-006
9.1689,6.0623e-006
9.1714,6.0575e-006
9.1732,6.054e-006
9.1788,6.0434e-006
9.1856,6.0305e-006
9.1893,6.0235e-006
9.193,6.0165e-006
9.1954,6.0118e-006
9.196,6.0107e-006
9.1991,6.0049e-006
9.2059,5.9921e-006
9.2127,5.9794e-006
9.2151,5.9748e-006
9.2182,5.969e-006
9.225,5.9564e-006
9.2305,5.9461e-006
9.2372,5.9335e-006
9.2428,5.9233e-006
9.2446,5.9199e-006
9.2452,5.9187e-006
9.2544,5.9018e-006
9.2599,5.8916e-006
9.2624,5.8871e-006
9.263,5.886e-006
9.2648,5.8826e-006
9.2679,5.877e-006
9.2722,5.8692e-006
9.2746,5.8647e-006
9.2777,5.8591e-006
9.2844,5.8469e-006
9.2874,5.8413e-006
9.2941,5.8292e-006
9.2966,5.8247e-006
9.3008,5.817e-006
9.3014,5.8159e-006
9.3112,5.7983e-006
9.3118,5.7972e-006
9.3215,5.7798e-006
9.3258,5.7721e-006
9.3306,5.7635e-006
9.3331,5.7591e-006
9.3349,5.7559e-006
9.3379,5.7505e-006
9.3458,5.7364e-006
9.3495,5.73e-006
9.3525,5.7246e-006
9.3604,5.7107e-006
9.3616,5.7086e-006
9.367,5.699e-006
9.3694,5.6947e-006
9.3713,5.6915e-006
9.3749,5.6852e-006
9.3785,5.6788e-006
9.3815,5.6735e-006
9.3839,5.6693e-006
9.3894,5.6598e-006
9.3936,5.6525e-006
9.396,5.6483e-006
9.399,5.643e-006
9.4032,5.6357e-006
9.4105,5.6232e-006
9.4129,5.6191e-006
9.4177,5.6108e-006
9.4231,5.6014e-006
9.4267,5.5952e-006
9.4291,5.5911e-006
9.4327,5.5849e-006
9.4369,5.5777e-006
9.4417,5.5695e-006
9.4489,5.5573e-006
9.4555,5.5461e-006
9.4585,5.541e-006
9.4633,5.5329e-006
9.4753,5.5127e-006
9.4759,5.5117e-006
9.4801,5.5047e-006
9.4825,5.5006e-006
9.4855,5.4956e-006
9.4902,5.4876e-006
9.495,5.4796e-006
9.4962,5.4777e-006
9.504,5.4647e-006
9.5058,5.4618e-006
9.5093,5.4558e-006
9.5153,5.446e-006
9.5224,5.4341e-006
9.5236,5.4322e-006
9.5278,5.4253e-006
9.5325,5.4175e-006
9.5343,5.4146e-006
9.5379,5.4087e-006
9.5438,5.399e-006
9.5492,5.3902e-006
9.561,5.3709e-006
9.5616,5.3699e-006
9.5628,5.368e-006
9.5652,5.3642e-006
9.5681,5.3594e-006
9.5705,5.3555e-006
9.5753,5.3479e-006
9.5776,5.3441e-006
9.5818,5.3374e-006
9.5841,5.3336e-006
9.5871,5.3288e-006
9.5912,5.3222e-006
9.5965,5.3136e-006
9.6042,5.3014e-006
9.6077,5.2957e-006
9.6089,5.2938e-006
9.6178,5.2798e-006
9.6219,5.2732e-006
9.6272,5.2648e-006
9.6295,5.2611e-006
9.6325,5.2564e-006
9.6372,5.249e-006
9.6407,5.2435e-006
9.6466,5.2342e-006
9.6478,5.2324e-006
9.6548,5.2213e-006
9.6572,5.2177e-006
9.6625,5.2094e-006
9.6654,5.2048e-006
9.6671,5.2021e-006
9.6695,5.1985e-006
9.6783,5.1848e-006
9.6812,5.1803e-006
9.6853,5.1739e-006
9.6888,5.1685e-006
9.6935,5.1613e-006
9.697,5.1559e-006
9.6976,5.155e-006
9.7028,5.1469e-006
9.7093,5.1371e-006
9.7116,5.1335e-006
9.7139,5.1299e-006
9.7163,5.1264e-006
9.7186,5.1228e-006
9.7256,5.1121e-006
9.7303,5.1051e-006
9.732,5.1024e-006
9.7326,5.1015e-006
9.7355,5.0971e-006
9.7396,5.0909e-006
9.7465,5.0804e-006
9.7506,5.0743e-006
9.7529,5.0708e-006
9.7605,5.0594e-006
9.7634,5.0551e-006
9.7715,5.0429e-006
9.7744,5.0386e-006
9.7773,5.0342e-006
9.7866,5.0205e-006
9.7912,5.0136e-006
9.7947,5.0084e-006
9.797,5.005e-006
9.7976,5.0042e-006
9.8022,4.9973e-006
9.8051,4.9931e-006
9.8068,4.9905e-006
9.8091,4.9871e-006
9.8138,4.9803e-006
9.8155,4.9778e-006
9.819,4.9727e-006
9.8247,4.9642e-006
9.8282,4.9592e-006
9.8328,4.9524e-006
9.8391,4.9432e-006
9.8414,4.9398e-006
9.8432,4.9373e-006
9.8524,4.924e-006
9.8576,4.9165e-006
9.8604,4.9124e-006
9.8639,4.9074e-006
9.865,4.9057e-006
9.8696,4.8991e-006
9.8759,4.8901e-006
9.8782,4.8868e-006
9.8851,4.8769e-006
9.892,4.8671e-006
9.8971,4.8598e-006
9.9012,4.8541e-006
9.9017,4.8533e-006
9.9052,4.8484e-006
9.9063,4.8468e-006
9.9103,4.8411e-006
9.9155,4.8338e-006
9.9172,4.8314e-006
9.9217,4.825e-006
9.9257,4.8193e-006
9.9292,4.8145e-006
9.9332,4.8089e-006
9.9371,4.8033e-006
9.9383,4.8017e-006
9.9417,4.7969e-006
9.9446,4.793e-006
9.9514,4.7834e-006
9.9537,4.7802e-006
9.9565,4.7763e-006
9.9582,4.7739e-006
9.9651,4.7644e-006
9.9673,4.7613e-006
9.969,4.7589e-006
9.9736,4.7527e-006
9.9804,4.7433e-006
9.9838,4.7386e-006
9.9929,4.7261e-006
9.9986,4.7183e-006
10.001,4.7145e-006
10.006,4.7083e-006
10.008,4.7052e-006
10.01,4.7029e-006
10.013,4.699e-006
10.015,4.696e-006
10.02,4.6898e-006
10.022,4.6867e-006
10.024,4.6837e-006
10.028,4.6783e-006
10.034,4.6707e-006
10.035,4.6684e-006
10.044,4.657e-006
10.047,4.6525e-006
10.051,4.6479e-006
10.053,4.6442e-006
10.062,4.6321e-006
10.065,4.6284e-006
10.069,4.6231e-006
10.074,4.6164e-006
10.076,4.6141e-006
10.083,4.6052e-006
10.088,4.5985e-006
10.092,4.5926e-006
10.096,4.5881e-006
10.098,4.5852e-006
10.101,4.5815e-006
10.103,4.5785e-006
10.106,4.5748e-006
10.114,4.5638e-006
10.116,4.5616e-006
10.118,4.5587e-006
10.122,4.5529e-006
10.123,4.5521e-006
10.128,4.5456e-006
10.134,4.5376e-006
10.141,4.5281e-006
10.143,4.526e-006
10.15,4.5173e-006
10.15,4.5166e-006
10.155,4.5108e-006
10.159,4.5051e-006
10.163,4.5001e-006
10.168,4.4936e-006
10.17,4.4915e-006
10.177,4.483e-006
10.182,4.4766e-006
10.186,4.4716e-006
10.189,4.4666e-006
10.19,4.4659e-006
10.194,4.4603e-006
10.197,4.4575e-006
10.201,4.4518e-006
10.206,4.4462e-006
10.208,4.4434e-006
10.21,4.4406e-006
10.221,4.4273e-006
10.223,4.4246e-006
10.223,4.4239e-006
10.226,4.4211e-006
10.229,4.4162e-006
10.234,4.41e-006
10.237,4.4072e-006
10.238,4.4051e-006
10.239,4.4038e-006
10.243,4.3996e-006
10.248,4.3934e-006
10.248,4.3927e-006
10.254,4.3852e-006
10.257,4.3824e-006
10.261,4.3763e-006
10.265,4.3715e-006
10.27,4.3661e-006
10.275,4.3599e-006
10.278,4.3559e-006
10.281,4.3525e-006
10.285,4.3471e-006
10.29,4.3417e-006
10.292,4.3383e-006
10.3,4.3289e-006
10.303,4.3255e-006
10.309,4.3182e-006
10.31,4.3168e-006
10.314,4.3115e-006
10.316,4.3095e-006
10.32,4.3042e-006
10.328,4.2956e-006
10.329,4.2936e-006
10.334,4.2883e-006
10.336,4.2856e-006
10.34,4.2804e-006
10.342,4.2777e-006
10.345,4.2744e-006
10.348,4.2705e-006
10.354,4.264e-006
10.358,4.2587e-006
10.362,4.2548e-006
10.364,4.2516e-006
10.371,4.2431e-006
10.38,4.2334e-006
10.381,4.2315e-006
10.383,4.2289e-006
10.388,4.2231e-006
10.39,4.2211e-006
10.393,4.2179e-006
10.393,4.2173e-006
10.396,4.2134e-006
10.401,4.2083e-006
10.406,4.2026e-006
10.406,4.2019e-006
10.412,4.1949e-006
10.416,4.1905e-006
10.419,4.1866e-006
10.427,4.1771e-006
10.432,4.1721e-006
10.433,4.1702e-006
10.436,4.1677e-006
10.438,4.1645e-006
10.442,4.1601e-006
10.443,4.1595e-006
10.447,4.1545e-006
10.453,4.1476e-006
10.458,4.1414e-006
10.462,4.137e-006
10.467,4.132e-006
10.471,4.1271e-006
10.475,4.1227e-006
10.477,4.1197e-006
10.48,4.1172e-006
10.484,4.1116e-006
10.485,4.1104e-006
10.488,4.108e-006
10.497,4.0969e-006
10.499,4.0951e-006
10.505,4.0884e-006
10.51,4.0829e-006
10.511,4.0811e-006
10.515,4.0774e-006
10.518,4.0738e-006
10.523,4.0683e-006
10.523,4.0677e-006
10.528,4.0629e-006
10.535,4.0544e-006
10.539,4.0496e-006
10.54,4.049e-006
10.542,4.0466e-006
10.544,4.0442e-006
10.545,4.0436e-006
10.549,4.0389e-006
10.555,4.0323e-006
10.557,4.0299e-006
10.561,4.0252e-006
10.566,4.0198e-006
10.572,4.0139e-006
10.574,4.0115e-006
10.574,4.0109e-006
10.578,4.0068e-006
10.579,4.0056e-006
10.583,4.0009e-006
10.589,3.9945e-006
10.591,3.9927e-006
10.594,3.9898e-006
10.601,3.9822e-006
10.606,3.9758e-006
10.608,3.974e-006
10.609,3.9734e-006
10.615,3.9665e-006
10.617,3.9641e-006
10.619,3.9618e-006
10.626,3.9543e-006
10.628,3.9526e-006
10.63,3.9497e-006
10.632,3.948e-006
10.638,3.9411e-006
10.642,3.9371e-006
10.645,3.9342e-006
10.647,3.9319e-006
10.651,3.9274e-006
10.656,3.9222e-006
10.66,3.9177e-006
10.666,3.912e-006
10.669,3.9086e-006
10.67,3.9069e-006
10.672,3.9047e-006
10.677,3.9001e-006
10.679,3.8979e-006
10.683,3.8934e-006
10.69,3.8861e-006
10.692,3.8844e-006
10.694,3.8816e-006
10.699,3.876e-006
10.707,3.8682e-006
10.711,3.8643e-006
10.715,3.8594e-006
10.716,3.8583e-006
10.717,3.8577e-006
10.721,3.8533e-006
10.723,3.8511e-006
10.728,3.8461e-006
10.732,3.8417e-006
10.737,3.8373e-006
10.74,3.8335e-006
10.742,3.8318e-006
10.748,3.8253e-006
10.75,3.8231e-006
10.753,3.8204e-006
10.755,3.8182e-006
10.758,3.8155e-006
10.761,3.8122e-006
10.761,3.8117e-006
10.766,3.8068e-006
10.768,3.8052e-006
10.772,3.8008e-006
10.774,3.7981e-006
10.778,3.7944e-006
10.779,3.7938e-006
10.782,3.7906e-006
10.791,3.7815e-006
10.795,3.7767e-006
10.797,3.7751e-006
10.805,3.7665e-006
10.808,3.7639e-006
10.811,3.7607e-006
10.816,3.7559e-006
10.817,3.7543e-006
10.822,3.7496e-006
10.828,3.7433e-006
10.837,3.7349e-006
10.841,3.7307e-006
10.842,3.7301e-006
10.845,3.727e-006
10.846,3.726e-006
10.851,3.7207e-006
10.856,3.7161e-006
10.859,3.7124e-006
10.86,3.7119e-006
10.864,3.7078e-006
10.868,3.7041e-006
10.871,3.701e-006
10.874,3.6974e-006
10.878,3.6938e-006
10.881,3.6912e-006
10.885,3.6871e-006
10.892,3.6805e-006
10.893,3.6789e-006
10.897,3.6748e-006
10.902,3.6708e-006
10.904,3.6682e-006
10.908,3.6642e-006
10.91,3.6626e-006
10.911,3.6611e-006
10.916,3.6565e-006
10.918,3.6545e-006
10.922,3.6505e-006
10.925,3.648e-006
10.929,3.6444e-006
10.934,3.6389e-006
10.941,3.6319e-006
10.943,3.6304e-006
10.947,3.6264e-006
10.951,3.6229e-006
10.955,3.6184e-006
10.96,3.6144e-006
10.961,3.6129e-006
10.966,3.6085e-006
10.968,3.6065e-006
10.974,3.6006e-006
10.976,3.5986e-006
10.979,3.5961e-006
10.983,3.5922e-006
10.99,3.5853e-006
10.991,3.5844e-006
10.995,3.5804e-006
10.999,3.5765e-006
11.003,3.5726e-006
11.008,3.5687e-006
11.009,3.5673e-006
11.015,3.5615e-006
11.016,3.561e-006
11.017,3.56e-006
11.027,3.5503e-006
11.028,3.5494e-006
11.03,3.5479e-006
11.04,3.5383e-006
11.044,3.535e-006
11.046,3.5326e-006
11.048,3.5312e-006
11.05,3.5292e-006
11.053,3.5264e-006
11.054,3.525e-006
11.057,3.5226e-006
11.066,3.514e-006
11.067,3.5136e-006
11.072,3.5083e-006
11.073,3.5079e-006
11.074,3.5065e-006
11.077,3.5036e-006
11.08,3.5008e-006
11.083,3.4985e-006
11.087,3.4947e-006
11.091,3.4914e-006
11.094,3.4886e-006
11.097,3.4853e-006
11.102,3.4811e-006
11.105,3.4783e-006
11.109,3.4746e-006
11.11,3.4737e-006
11.114,3.47e-006
11.115,3.469e-006
11.123,3.4616e-006
11.13,3.4552e-006
11.132,3.4538e-006
11.139,3.4478e-006
11.14,3.4464e-006
11.142,3.4446e-006
11.144,3.4428e-006
11.146,3.4409e-006
11.148,3.4396e-006
11.152,3.4354e-006
11.156,3.4323e-006
11.158,3.43e-006
11.164,3.425e-006
11.171,3.4191e-006
11.174,3.4159e-006
11.178,3.4123e-006
11.179,3.4114e-006
11.183,3.4078e-006
11.187,3.4047e-006
11.189,3.4029e-006
11.191,3.4006e-006
11.195,3.3975e-006
11.199,3.3939e-006
11.201,3.3921e-006
11.204,3.3899e-006
11.211,3.3832e-006
11.213,3.3814e-006
11.217,3.3779e-006
11.22,3.3756e-006
11.223,3.3725e-006
11.225,3.3708e-006
11.229,3.3672e-006
11.236,3.3615e-006
11.237,3.3602e-006
11.24,3.358e-006
11.243,3.3554e-006
11.247,3.3514e-006
11.251,3.3484e-006
11.252,3.3475e-006
11.256,3.3444e-006
11.261,3.3396e-006
11.264,3.337e-006
11.269,3.3327e-006
11.275,3.3275e-006
11.28,3.3236e-006
11.285,3.3188e-006
11.286,3.3184e-006
11.288,3.3167e-006
11.292,3.3128e-006
11.296,3.3098e-006
11.298,3.3081e-006
11.303,3.3034e-006
11.308,3.2995e-006
11.31,3.2978e-006
11.312,3.2957e-006
11.317,3.2915e-006
11.32,3.2889e-006
11.326,3.2842e-006
11.328,3.2821e-006
11.333,3.2779e-006
11.335,3.2762e-006
11.339,3.2728e-006
11.341,3.2712e-006
11.344,3.2691e-006
11.346,3.2674e-006
11.351,3.2628e-006
11.356,3.2586e-006
11.36,3.2552e-006
11.364,3.2523e-006
11.368,3.2486e-006
11.373,3.2444e-006
11.374,3.244e-006
11.38,3.239e-006
11.381,3.2378e-006
11.384,3.2353e-006
11.388,3.2324e-006
11.389,3.2312e-006
11.392,3.2287e-006
11.394,3.2275e-006
11.398,3.2242e-006
11.4,3.2226e-006
11.404,3.2189e-006
11.41,3.2144e-006
11.413,3.2115e-006
11.416,3.2095e-006
11.421,3.2046e-006
11.427,3.2001e-006
11.429,3.1981e-006
11.436,3.1928e-006
11.439,3.19e-006
11.441,3.1884e-006
11.444,3.1864e-006
11.447,3.184e-006
11.452,3.18e-006
11.457,3.1756e-006
11.461,3.1728e-006
11.465,3.1692e-006
11.467,3.1676e-006
11.475,3.1612e-006
11.477,3.1596e-006
11.479,3.1576e-006
11.483,3.1548e-006
11.487,3.1513e-006
11.489,3.1501e-006
11.495,3.1454e-006
11.499,3.1422e-006
11.503,3.1391e-006
11.503,3.1387e-006
11.506,3.1363e-006
11.51,3.1328e-006
11.516,3.1285e-006
11.516,3.1281e-006
11.52,3.125e-006
11.522,3.1234e-006
11.524,3.1223e-006
11.526,3.1207e-006
11.53,3.1176e-006
11.534,3.1141e-006
11.538,3.111e-006
11.541,3.1083e-006
11.546,3.1044e-006
11.547,3.1037e-006
11.552,3.1002e-006
11.558,3.0956e-006
11.562,3.0921e-006
11.569,3.0868e-006
11.57,3.086e-006
11.571,3.0849e-006
11.575,3.0818e-006
11.579,3.0792e-006
11.582,3.0769e-006
11.585,3.0746e-006
11.589,3.0712e-006
11.593,3.0678e-006
11.595,3.0667e-006
11.597,3.0648e-006
11.605,3.0591e-006
11.605,3.0587e-006
11.608,3.0561e-006
11.612,3.0531e-006
11.616,3.0501e-006
11.617,3.0497e-006
11.618,3.0486e-006
11.622,3.0456e-006
11.624,3.0445e-006
11.628,3.0408e-006
11.631,3.0385e-006
11.635,3.0356e-006
11.64,3.0322e-006
11.644,3.0289e-006
11.647,3.0263e-006
11.649,3.0252e-006
11.653,3.0219e-006
11.657,3.0193e-006
11.664,3.0134e-006
11.667,3.0112e-006
11.671,3.0086e-006
11.672,3.0075e-006
11.675,3.0057e-006
11.682,2.9999e-006
11.687,2.9966e-006
11.691,2.9937e-006
11.694,2.9915e-006
11.698,2.9883e-006
11.7,2.9868e-006
11.71,2.9796e-006
11.712,2.9782e-006
11.713,2.9767e-006
11.715,2.9753e-006
11.717,2.9738e-006
11.719,2.9728e-006
11.726,2.9677e-006
11.727,2.967e-006
11.729,2.9652e-006
11.733,2.962e-006
11.735,2.961e-006
11.741,2.9567e-006
11.744,2.9542e-006
11.745,2.9535e-006
11.749,2.9507e-006
11.752,2.9482e-006
11.756,2.9453e-006
11.758,2.9439e-006
11.76,2.9422e-006
11.764,2.9397e-006
11.769,2.9355e-006
11.775,2.9313e-006
11.779,2.9288e-006
11.78,2.9281e-006
11.783,2.9257e-006
11.785,2.9243e-006
11.791,2.9197e-006
11.795,2.917e-006
11.798,2.9145e-006
11.803,2.9114e-006
11.806,2.9093e-006
11.809,2.9066e-006
11.816,2.9021e-006
11.818,2.9007e-006
11.819,2.8993e-006
11.822,2.8976e-006
11.825,2.8952e-006
11.829,2.8921e-006
11.832,2.89e-006
11.835,2.8883e-006
11.84,2.8846e-006
11.842,2.8829e-006
11.848,2.8788e-006
11.852,2.8764e-006
11.852,2.8757e-006
11.856,2.873e-006
11.86,2.8703e-006
11.863,2.8683e-006
11.867,2.8656e-006
11.871,2.8625e-006
11.873,2.8615e-006
11.875,2.8595e-006
11.882,2.8548e-006
11.883,2.8541e-006
11.884,2.8531e-006
11.886,2.8518e-006
11.89,2.8491e-006
11.895,2.8454e-006
11.9,2.8424e-006
11.903,2.8401e-006
11.905,2.8384e-006
11.906,2.8381e-006
11.911,2.8344e-006
11.918,2.8295e-006
11.923,2.8265e-006
11.924,2.8252e-006
11.926,2.8242e-006
11.929,2.8222e-006
11.93,2.8212e-006
11.933,2.8189e-006
11.94,2.8147e-006
11.943,2.8124e-006
11.947,2.8094e-006
11.952,2.8065e-006
11.954,2.8045e-006
11.957,2.8029e-006
11.962,2.799e-006
11.964,2.7977e-006
11.968,2.7951e-006
11.971,2.7929e-006
11.976,2.7899e-006
11.981,2.7861e-006
11.987,2.7825e-006
11.988,2.7812e-006
11.989,2.7806e-006
11.992,2.7787e-006
11.996,2.7758e-006
12,2.7736e-006
12.002,2.7723e-006
12.006,2.7694e-006
12.008,2.7678e-006
12.01,2.7668e-006
12.017,2.7621e-006
12.02,2.7602e-006
12.023,2.758e-006
12.027,2.7551e-006
12.031,2.7526e-006
12.032,2.7516e-006
12.034,2.7507e-006
12.036,2.7491e-006
12.038,2.7478e-006
12.042,2.745e-006
12.046,2.7425e-006
12.047,2.7416e-006
12.049,2.7403e-006
12.053,2.7375e-006
12.054,2.7369e-006
12.055,2.7365e-006
12.059,2.734e-006
12.061,2.7328e-006
12.064,2.7303e-006
12.069,2.7275e-006
12.074,2.7241e-006
12.077,2.7216e-006
12.08,2.72e-006
12.087,2.7154e-006
12.089,2.7142e-006
12.091,2.7126e-006
12.094,2.7105e-006
12.098,2.708e-006
12.1,2.7068e-006
12.107,2.7022e-006
12.109,2.7007e-006
12.111,2.6994e-006
12.114,2.6979e-006
12.12,2.6936e-006
12.121,2.693e-006
12.122,2.6921e-006
12.125,2.6906e-006
12.132,2.686e-006
12.136,2.6833e-006
12.137,2.6827e-006
12.137,2.6824e-006
12.139,2.6815e-006
12.141,2.68e-006
12.143,2.6785e-006
12.144,2.6779e-006
12.15,2.6739e-006
12.154,2.6718e-006
12.156,2.6703e-006
12.16,2.6679e-006
12.162,2.6664e-006
12.167,2.6634e-006
12.167,2.6631e-006
12.175,2.6584e-006
12.178,2.656e-006
12.182,2.6536e-006
12.188,2.65e-006
12.188,2.6497e-006
12.189,2.6491e-006
12.193,2.6465e-006
12.195,2.6456e-006
12.196,2.645e-006
12.197,2.6444e-006
12.199,2.6426e-006
12.203,2.6403e-006
12.204,2.6394e-006
12.214,2.6332e-006
12.216,2.6323e-006
12.219,2.6303e-006
12.221,2.6288e-006
12.225,2.6265e-006
12.228,2.6244e-006
12.234,2.6209e-006
12.236,2.6192e-006
12.24,2.6172e-006
12.242,2.616e-006
12.243,2.6148e-006
12.244,2.6145e-006
12.248,2.6122e-006
12.254,2.6079e-006
12.256,2.607e-006
12.258,2.6059e-006
12.26,2.6044e-006
12.266,2.601e-006
12.27,2.5984e-006
12.271,2.5975e-006
12.273,2.5964e-006
12.277,2.5941e-006
12.277,2.5938e-006
12.282,2.5907e-006
12.284,2.5895e-006
12.287,2.5875e-006
12.29,2.5861e-006
12.291,2.5852e-006
12.295,2.5827e-006
12.299,2.5804e-006
12.302,2.5784e-006
12.308,2.575e-006
12.314,2.5711e-006
12.317,2.5691e-006
12.321,2.5666e-006
12.323,2.5657e-006
12.325,2.5643e-006
12.329,2.5621e-006
12.332,2.5598e-006
12.336,2.5576e-006
12.337,2.5567e-006
12.341,2.5545e-006
12.344,2.5526e-006
12.345,2.5523e-006
12.347,2.5509e-006
12.35,2.5492e-006
12.35,2.5489e-006
12.354,2.5467e-006
12.354,2.5464e-006
12.357,2.5448e-006
12.359,2.5434e-006
12.361,2.5423e-006
12.366,2.5392e-006
12.369,2.5376e-006
12.376,2.5334e-006
12.376,2.5332e-006
12.38,2.531e-006
12.387,2.5269e-006
12.39,2.5249e-006
12.392,2.5236e-006
12.396,2.5217e-006
12.4,2.5192e-006
12.401,2.5184e-006
12.403,2.517e-006
12.405,2.5159e-006
12.414,2.5105e-006
12.416,2.5097e-006
12.42,2.507e-006
12.423,2.5051e-006
12.427,2.5029e-006
12.428,2.5026e-006
12.431,2.5005e-006
12.433,2.4997e-006
12.438,2.4967e-006
12.439,2.4956e-006
12.44,2.4954e-006
12.446,2.4919e-006
12.449,2.4903e-006
12.453,2.4879e-006
12.456,2.4857e-006
12.458,2.4847e-006
12.46,2.4833e-006
12.461,2.4828e-006
12.465,2.4804e-006
12.468,2.4791e-006
12.473,2.4762e-006
12.475,2.4748e-006
12.476,2.4743e-006
12.478,2.4733e-006
12.482,2.4709e-006
12.485,2.4688e-006
12.486,2.4685e-006
12.491,2.4656e-006
12.493,2.4646e-006
12.493,2.4643e-006
12.498,2.4617e-006
12.5,2.4601e-006
12.504,2.4583e-006
12.507,2.4562e-006
12.511,2.4538e-006
12.514,2.452e-006
12.52,2.4489e-006
12.522,2.4475e-006
12.525,2.446e-006
12.526,2.4455e-006
12.529,2.4434e-006
12.532,2.4418e-006
12.533,2.4413e-006
12.54,2.4374e-006
12.542,2.4364e-006
12.545,2.4343e-006
12.551,2.4313e-006
12.552,2.4302e-006
12.558,2.4271e-006
12.561,2.4251e-006
12.563,2.4243e-006
12.563,2.4241e-006
12.567,2.422e-006
12.57,2.42e-006
12.574,2.4179e-006
12.576,2.4167e-006
12.579,2.4151e-006
12.583,2.4129e-006
12.587,2.4108e-006
12.587,2.4106e-006
12.592,2.408e-006
12.596,2.4058e-006
12.599,2.404e-006
12.601,2.4027e-006
12.606,2.4e-006
12.609,2.3984e-006
12.611,2.3969e-006
12.613,2.3959e-006
12.617,2.3937e-006
12.619,2.3924e-006
12.626,2.3887e-006
12.627,2.3884e-006
12.633,2.3847e-006
12.637,2.3827e-006
12.637,2.3824e-006
12.639,2.3817e-006
12.647,2.377e-006
12.649,2.376e-006
12.651,2.375e-006
12.655,2.3725e-006
12.659,2.3706e-006
12.664,2.3678e-006
12.666,2.3669e-006
12.669,2.3649e-006
12.671,2.3642e-006
12.671,2.3639e-006
12.673,2.3627e-006
12.676,2.361e-006
12.68,2.3592e-006
12.68,2.359e-006
12.68,2.3588e-006
12.691,2.3531e-006
12.692,2.3522e-006
12.694,2.3514e-006
12.696,2.3502e-006
12.699,2.3485e-006
12.705,2.3456e-006
12.708,2.3437e-006
12.712,2.3415e-006
12.713,2.3413e-006
12.716,2.3396e-006
12.723,2.3357e-006
12.725,2.3347e-006
12.728,2.3331e-006
12.73,2.3319e-006
12.733,2.3299e-006
12.735,2.329e-006
12.737,2.3283e-006
12.741,2.3261e-006
12.745,2.324e-006
12.752,2.3201e-006
12.756,2.3178e-006
12.76,2.3156e-006
12.762,2.3147e-006
12.764,2.3137e-006
12.769,2.3107e-006
12.773,2.309e-006
12.776,2.3073e-006
12.777,2.3064e-006
12.78,2.3052e-006
12.783,2.3033e-006
12.787,2.3015e-006
12.792,2.2989e-006
12.793,2.2979e-006
12.798,2.2956e-006
12.799,2.2951e-006
12.801,2.2937e-006
12.804,2.2923e-006
12.808,2.2902e-006
12.811,2.2886e-006
12.812,2.2881e-006
12.815,2.2865e-006
12.82,2.284e-006
12.822,2.283e-006
12.827,2.28e-006
12.829,2.2791e-006
12.833,2.277e-006
12.835,2.2763e-006
12.839,2.2738e-006
12.841,2.2729e-006
12.845,2.2708e-006
12.847,2.2696e-006
12.85,2.268e-006
12.854,2.266e-006
12.857,2.2644e-006
12.861,2.2625e-006
12.862,2.2619e-006
12.864,2.2609e-006
12.865,2.2605e-006
12.869,2.2582e-006
12.873,2.2562e-006
12.875,2.2553e-006
12.877,2.2543e-006
12.882,2.2516e-006
12.884,2.2507e-006
12.886,2.2496e-006
12.889,2.2482e-006
12.891,2.2473e-006
12.893,2.246e-006
12.898,2.2435e-006
12.9,2.2426e-006
12.903,2.2408e-006
12.905,2.2401e-006
12.909,2.2381e-006
12.91,2.2372e-006
12.914,2.2354e-006
12.918,2.2334e-006
12.923,2.2309e-006
12.925,2.2298e-006
12.928,2.228e-006
12.931,2.2265e-006
12.935,2.2247e-006
12.935,2.2245e-006
12.937,2.2238e-006
12.945,2.2194e-006
12.947,2.2187e-006
12.949,2.2174e-006
12.952,2.2161e-006
12.954,2.2152e-006
12.958,2.2132e-006
12.962,2.2108e-006
12.967,2.2086e-006
12.968,2.2079e-006
12.97,2.2071e-006
12.972,2.2062e-006
12.98,2.202e-006
12.982,2.2009e-006
12.989,2.1977e-006
12.989,2.1974e-006
12.991,2.1964e-006
12.994,2.1948e-006
12.996,2.1942e-006
12.998,2.1929e-006
13.001,2.1916e-006
13.002,2.1911e-006
13.004,2.1898e-006
13.008,2.1879e-006
13.01,2.1873e-006
13.015,2.1844e-006
13.019,2.1825e-006
13.023,2.1808e-006
13.026,2.1793e-006
13.029,2.1776e-006
13.03,2.1774e-006
13.033,2.1759e-006
13.034,2.175e-006
13.036,2.1744e-006
13.04,2.1722e-006
13.045,2.1699e-006
13.047,2.169e-006
13.05,2.1673e-006
13.051,2.1667e-006
13.057,2.1639e-006
13.06,2.1622e-006
13.063,2.1607e-006
13.066,2.1597e-006
13.071,2.1569e-006
13.073,2.1563e-006
13.075,2.1552e-006
13.083,2.1512e-006
13.086,2.1496e-006
13.092,2.147e-006
13.093,2.1462e-006
13.095,2.1454e-006
13.096,2.1452e-006
13.097,2.1445e-006
13.099,2.1435e-006
13.1,2.1431e-006
13.102,2.142e-006
13.104,2.1412e-006
13.107,2.1397e-006
13.111,2.1379e-006
13.114,2.1364e-006
13.116,2.1352e-006
13.119,2.1339e-006
13.121,2.1331e-006
13.128,2.1296e-006
13.13,2.1285e-006
13.134,2.1265e-006
13.138,2.1246e-006
13.141,2.1232e-006
13.143,2.1222e-006
13.145,2.1213e-006
13.146,2.1207e-006
13.153,2.1174e-006
13.156,2.1164e-006
13.159,2.1148e-006
13.164,2.1123e-006
13.168,2.1105e-006
13.169,2.1101e-006
13.171,2.1091e-006
13.176,2.1066e-006
13.181,2.1042e-006
13.185,2.1026e-006
13.187,2.1018e-006
13.19,2.1001e-006
13.192,2.0993e-006
13.195,2.0977e-006
13.198,2.0963e-006
13.199,2.0959e-006
13.202,2.0947e-006
13.203,2.0939e-006
13.205,2.0929e-006
13.208,2.0915e-006
13.211,2.0905e-006
13.217,2.0875e-006
13.22,2.0863e-006
13.223,2.0849e-006
13.226,2.0831e-006
13.229,2.0819e-006
13.235,2.0793e-006
13.236,2.0785e-006
13.238,2.0779e-006
13.239,2.0771e-006
13.244,2.0748e-006
13.247,2.0738e-006
13.25,2.0724e-006
13.25,2.072e-006
13.252,2.0714e-006
13.253,2.0706e-006
13.258,2.0684e-006
13.261,2.0673e-006
13.265,2.0653e-006
13.267,2.0641e-006
13.271,2.0625e-006
13.272,2.0619e-006
13.274,2.0612e-006
13.28,2.0582e-006
13.285,2.0563e-006
13.288,2.0549e-006
13.289,2.0541e-006
13.292,2.0528e-006
13.296,2.051e-006
13.298,2.0501e-006
13.303,2.0479e-006
13.308,2.0456e-006
13.308,2.0456e-006
13.31,2.0448e-006
13.311,2.044e-006
13.315,2.0425e-006
13.319,2.0408e-006
13.322,2.0392e-006
13.325,2.0379e-006
13.326,2.0373e-006
13.329,2.0362e-006
13.33,2.0356e-006
13.332,2.0346e-006
13.335,2.0335e-006
13.338,2.0319e-006
13.342,2.0302e-006
13.346,2.0285e-006
13.351,2.0264e-006
13.354,2.0249e-006
13.359,2.0224e-006
13.363,2.0209e-006
13.365,2.0198e-006
13.369,2.0181e-006
13.372,2.0167e-006
13.373,2.0165e-006
13.376,2.0148e-006
13.379,2.0135e-006
13.38,2.0133e-006
13.383,2.0118e-006
13.386,2.0105e-006
13.391,2.0083e-006
13.4,2.0043e-006
13.401,2.0039e-006
13.401,2.0038e-006
13.406,2.0015e-006
13.408,2.001e-006
13.41,1.9998e-006
13.414,1.998e-006
13.416,1.9972e-006
13.418,1.9963e-006
13.42,1.9956e-006
13.421,1.995e-006
13.425,1.9933e-006
13.427,1.9926e-006
13.428,1.992e-006
13.43,1.9911e-006
13.433,1.9896e-006
13.435,1.9889e-006
13.437,1.9882e-006
13.441,1.9865e-006
13.443,1.9854e-006
13.445,1.9845e-006
13.448,1.9832e-006
13.454,1.9806e-006
13.457,1.9795e-006
13.461,1.9777e-006
13.465,1.9757e-006
13.467,1.9749e-006
13.471,1.9733e-006
13.475,1.9715e-006
13.476,1.9713e-006
13.479,1.9698e-006
13.481,1.9689e-006
13.484,1.9678e-006
13.486,1.9669e-006
13.489,1.9657e-006
13.492,1.964e-006
13.494,1.9631e-006
13.497,1.9621e-006
13.501,1.9604e-006
13.502,1.9599e-006
13.502,1.9597e-006
13.505,1.9588e-006
13.509,1.9568e-006
13.511,1.9559e-006
13.521,1.9518e-006
13.521,1.9516e-006
13.523,1.9511e-006
13.524,1.9506e-006
13.526,1.9497e-006
13.528,1.9489e-006
13.531,1.9475e-006
13.531,1.9473e-006
13.535,1.9459e-006
13.536,1.9454e-006
13.541,1.9431e-006
13.542,1.9427e-006
13.546,1.9411e-006
13.549,1.9399e-006
13.551,1.939e-006
13.554,1.9377e-006
13.555,1.9374e-006
13.558,1.9362e-006
13.562,1.9342e-006
13.564,1.9335e-006
13.566,1.9326e-006
13.569,1.9312e-006
13.572,1.9303e-006
13.573,1.9298e-006
13.581,1.9265e-006
13.582,1.9258e-006
13.586,1.9242e-006
13.588,1.9233e-006
13.589,1.923e-006
13.593,1.9214e-006
13.602,1.9177e-006
13.603,1.9172e-006
13.606,1.9158e-006
13.608,1.9151e-006
13.615,1.9122e-006
13.617,1.9112e-006
13.618,1.9108e-006
13.622,1.9094e-006
13.626,1.9075e-006
13.628,1.9068e-006
13.631,1.9055e-006
13.634,1.9043e-006
13.636,1.9034e-006
13.641,1.9013e-006
13.642,1.9008e-006
13.644,1.9001e-006
13.644,1.9e-006
13.651,1.8972e-006
13.654,1.896e-006
13.656,1.8952e-006
13.661,1.8931e-006
13.665,1.8916e-006
13.668,1.8904e-006
13.671,1.8892e-006
13.673,1.8884e-006
13.676,1.887e-006
13.681,1.885e-006
13.686,1.883e-006
13.688,1.8823e-006
13.691,1.8808e-006
13.697,1.8784e-006
13.701,1.8769e-006
13.702,1.8764e-006
13.702,1.8762e-006
13.705,1.8754e-006
13.707,1.8742e-006
13.709,1.8737e-006
13.712,1.8722e-006
13.714,1.8714e-006
13.717,1.8702e-006
13.719,1.8695e-006
13.721,1.8689e-006
13.722,1.8682e-006
13.731,1.8649e-006
13.733,1.8637e-006
13.736,1.8629e-006
13.737,1.8622e-006
13.738,1.8621e-006
13.742,1.8604e-006
13.744,1.8594e-006
13.747,1.8583e-006
13.754,1.8555e-006
13.76,1.8532e-006
13.76,1.853e-006
13.761,1.8525e-006
13.764,1.8515e-006
13.765,1.851e-006
13.77,1.8491e-006
13.772,1.8484e-006
13.777,1.8464e-006
13.778,1.8458e-006
13.782,1.8445e-006
13.784,1.8437e-006
13.789,1.8414e-006
13.792,1.8406e-006
13.793,1.8399e-006
13.8,1.8373e-006
13.801,1.8367e-006
13.808,1.8342e-006
13.81,1.8334e-006
13.811,1.8328e-006
13.816,1.831e-006
13.82,1.8294e-006
13.823,1.8283e-006
13.824,1.8276e-006
13.827,1.8265e-006
13.837,1.8225e-006
13.84,1.8214e-006
13.846,1.8193e-006
13.849,1.818e-006
13.851,1.8174e-006
13.853,1.8166e-006
13.855,1.8155e-006
13.859,1.8142e-006
13.86,1.8136e-006
13.865,1.8118e-006
13.869,1.8103e-006
13.871,1.8093e-006
13.878,1.8066e-006
13.879,1.8065e-006
13.882,1.8054e-006
13.885,1.8041e-006
13.892,1.8014e-006
13.894,1.8005e-006
13.898,1.7989e-006
13.904,1.7967e-006
13.906,1.7961e-006
13.909,1.7947e-006
13.911,1.7939e-006
13.915,1.7927e-006
13.919,1.7911e-006
13.922,1.7897e-006
13.926,1.7885e-006
13.929,1.7873e-006
13.933,1.7856e-006
13.938,1.7837e-006
13.941,1.7828e-006
13.944,1.7815e-006
13.95,1.7794e-006
13.951,1.7788e-006
13.953,1.778e-006
13.958,1.7763e-006
13.961,1.7749e-006
13.967,1.7729e-006
13.97,1.7717e-006
13.973,1.7707e-006
13.98,1.7681e-006
13.981,1.7676e-006
13.986,1.7656e-006
13.997,1.7617e-006
13.997,1.7615e-006
13.999,1.7609e-006
14.002,1.7597e-006
14.003,1.7593e-006
14.006,1.7584e-006
14.01,1.7569e-006
14.012,1.7561e-006
14.017,1.7543e-006
14.021,1.7525e-006
14.024,1.7515e-006
14.026,1.7507e-006
14.031,1.7488e-006
14.035,1.7476e-006
14.039,1.7459e-006
14.042,1.7449e-006
14.044,1.7441e-006
14.047,1.7431e-006
14.048,1.7428e-006
14.054,1.7406e-006
14.054,1.7404e-006
14.057,1.7394e-006
14.061,1.7378e-006
14.064,1.7369e-006
14.073,1.7335e-006
14.074,1.733e-006
14.078,1.7317e-006
14.081,1.7307e-006
14.083,1.7298e-006
14.086,1.7288e-006
14.087,1.7282e-006
14.094,1.7259e-006
14.097,1.7247e-006
14.1,1.7237e-006
14.105,1.7219e-006
14.108,1.7206e-006
14.113,1.7189e-006
14.116,1.7177e-006
14.118,1.7171e-006
14.119,1.7167e-006
14.123,1.7154e-006
14.132,1.7121e-006
14.136,1.7108e-006
14.14,1.7092e-006
14.142,1.7085e-006
14.144,1.7077e-006
14.147,1.7067e-006
14.15,1.7056e-006
14.152,1.705e-006
14.154,1.7043e-006
14.156,1.7034e-006
14.16,1.702e-006
14.166,1.7e-006
14.17,1.6986e-006
14.174,1.697e-006
14.176,1.6964e-006
14.181,1.6947e-006
14.183,1.6937e-006
14.185,1.693e-006
14.189,1.6919e-006
14.191,1.6909e-006
14.195,1.6896e-006
14.198,1.6885e-006
14.204,1.6864e-006
14.208,1.685e-006
14.209,1.6847e-006
14.217,1.6818e-006
14.218,1.6816e-006
14.228,1.6778e-006
14.233,1.6763e-006
14.233,1.6762e-006
14.234,1.6758e-006
14.237,1.6749e-006
14.24,1.6738e-006
14.241,1.6734e-006
14.244,1.6723e-006
14.246,1.6717e-006
14.249,1.6705e-006
14.252,1.6695e-006
14.259,1.6672e-006
14.262,1.666e-006
14.268,1.6641e-006
14.273,1.6623e-006
14.275,1.6616e-006
14.278,1.6605e-006
14.284,1.6586e-006
14.286,1.6579e-006
14.292,1.6559e-006
14.295,1.6547e-006
14.3,1.653e-006
14.303,1.6518e-006
14.307,1.6507e-006
14.309,1.6498e-006
14.311,1.6494e-006
14.315,1.6477e-006
14.316,1.6475e-006
14.322,1.6454e-006
14.323,1.645e-006
14.332,1.642e-006
14.333,1.6416e-006
14.335,1.641e-006
14.342,1.6386e-006
14.345,1.6377e-006
14.352,1.6352e-006
14.355,1.6343e-006
14.357,1.6336e-006
14.369,1.6293e-006
14.373,1.6281e-006
14.379,1.6261e-006
14.381,1.6256e-006
14.382,1.6252e-006
14.384,1.6246e-006
14.388,1.623e-006
14.393,1.6214e-006
14.395,1.6209e-006
14.403,1.6182e-006
14.41,1.6157e-006
14.414,1.6145e-006
14.418,1.613e-006
14.424,1.611e-006
14.428,1.6098e-006
14.432,1.6084e-006
14.436,1.6072e-006
14.437,1.6068e-006
14.442,1.6051e-006
14.445,1.6041e-006
14.45,1.6026e-006
14.454,1.601e-006
14.457,1.6001e-006
14.461,1.5988e-006
14.467,1.597e-006
14.47,1.5958e-006
14.474,1.5947e-006
14.475,1.5943e-006
14.479,1.5929e-006
14.481,1.5924e-006
14.482,1.5919e-006
14.485,1.5908e-006
14.492,1.5885e-006
14.497,1.5871e-006
14.499,1.5863e-006
14.502,1.5855e-006
14.505,1.5845e-006
14.515,1.581e-006
14.517,1.5804e-006
14.524,1.5784e-006
14.53,1.5765e-006
14.531,1.5761e-006
14.532,1.5756e-006
14.535,1.5746e-006
14.539,1.5734e-006
14.544,1.572e-006
14.549,1.5703e-006
14.553,1.569e-006
14.558,1.5673e-006
14.562,1.566e-006
14.567,1.5645e-006
14.57,1.5635e-006
14.57,1.5634e-006
14.573,1.5625e-006
14.581,1.5601e-006
14.586,1.5585e-006
14.587,1.5581e-006
14.595,1.5557e-006
14.605,1.5525e-006
14.607,1.5517e-006
14.61,1.5506e-006
14.615,1.5492e-006
14.618,1.5482e-006
14.62,1.5477e-006
14.624,1.5464e-006
14.626,1.5456e-006
14.63,1.5444e-006
14.633,1.5437e-006
14.643,1.5405e-006
14.646,1.5394e-006
14.651,1.538e-006
14.653,1.5371e-006
14.662,1.5346e-006
14.666,1.5333e-006
14.667,1.5328e-006
14.671,1.5317e-006
14.674,1.5307e-006
14.679,1.5292e-006
14.68,1.5288e-006
14.682,1.5282e-006
14.685,1.5274e-006
14.692,1.525e-006
14.698,1.5232e-006
14.703,1.5216e-006
14.706,1.5207e-006
14.712,1.5188e-006
14.716,1.5179e-006
14.717,1.5175e-006
14.723,1.5155e-006
14.734,1.5121e-006
14.735,1.5118e-006
14.737,1.5112e-006
14.74,1.5103e-006
14.753,1.5064e-006
14.756,1.5055e-006
14.76,1.5043e-006
14.762,1.5036e-006
14.765,1.5028e-006
14.767,1.502e-006
14.772,1.5005e-006
14.777,1.4991e-006
14.782,1.4977e-006
14.79,1.495e-006
14.793,1.4943e-006
14.796,1.4934e-006
14.802,1.4916e-006
14.808,1.4899e-006
14.811,1.4888e-006
14.817,1.487e-006
14.82,1.4862e-006
14.823,1.4853e-006
14.829,1.4836e-006
14.831,1.483e-006
14.832,1.4825e-006
14.84,1.4803e-006
14.844,1.4789e-006
14.848,1.4779e-006
14.854,1.4761e-006
14.856,1.4754e-006
14.861,1.4739e-006
14.863,1.4734e-006
14.865,1.4727e-006
14.873,1.4703e-006
14.882,1.4677e-006
14.884,1.4671e-006
14.886,1.4667e-006
14.899,1.4628e-006
14.903,1.4617e-006
14.905,1.461e-006
14.906,1.4608e-006
14.909,1.4599e-006
14.913,1.4588e-006
14.914,1.4583e-006
14.918,1.4573e-006
14.922,1.456e-006
14.927,1.4546e-006
14.933,1.4528e-006
14.942,1.4503e-006
14.949,1.4481e-006
14.951,1.4478e-006
14.954,1.4468e-006
14.955,1.4465e-006
14.963,1.4442e-006
14.969,1.4424e-006
14.975,1.4408e-006
14.981,1.4389e-006
14.983,1.4385e-006
14.99,1.4363e-006
14.996,1.4346e-006
14.998,1.4342e-006
15.001,1.4333e-006
15.004,1.4325e-006
15.01,1.4308e-006
15.015,1.4293e-006
15.028,1.4256e-006
15.033,1.4243e-006
15.036,1.4235e-006
15.045,1.4208e-006
15.046,1.4205e-006
15.05,1.4193e-006
15.056,1.4176e-006
15.059,1.4168e-006
15.063,1.4158e-006
15.064,1.4154e-006
15.067,1.4145e-006
15.075,1.4123e-006
15.081,1.4108e-006
15.083,1.41e-006
15.09,1.4081e-006
15.094,1.407e-006
15.099,1.4057e-006
15.1,1.4053e-006
15.108,1.4032e-006
15.118,1.4003e-006
15.12,1.3998e-006
15.124,1.3988e-006
15.132,1.3966e-006
15.136,1.3954e-006
15.141,1.3941e-006
15.143,1.3934e-006
15.147,1.3924e-006
15.15,1.3916e-006
15.154,1.3904e-006
15.16,1.3889e-006
15.163,1.388e-006
15.174,1.3851e-006
15.18,1.3835e-006
15.186,1.3818e-006
15.189,1.3809e-006
15.193,1.3798e-006
15.201,1.3777e-006
15.207,1.3761e-006
15.208,1.3759e-006
15.211,1.375e-006
15.214,1.3743e-006
15.219,1.3728e-006
15.225,1.371e-006
15.23,1.3697e-006
15.236,1.3682e-006
15.238,1.3677e-006
15.243,1.3662e-006
15.248,1.365e-006
15.253,1.3638e-006
15.266,1.3603e-006
15.267,1.3599e-006
15.269,1.3593e-006
15.281,1.3561e-006
15.282,1.3558e-006
15.284,1.3555e-006
15.287,1.3546e-006
15.291,1.3535e-006
15.296,1.3523e-006
15.297,1.3519e-006
15.303,1.3504e-006
15.305,1.3499e-006
15.313,1.3476e-006
15.319,1.3461e-006
15.326,1.3444e-006
15.332,1.3427e-006
15.336,1.3418e-006
15.337,1.3413e-006
15.349,1.3383e-006
15.354,1.3369e-006
15.358,1.336e-006
15.359,1.3356e-006
15.364,1.3345e-006
15.369,1.333e-006
15.376,1.3313e-006
15.381,1.3299e-006
15.385,1.329e-006
15.388,1.3283e-006
15.394,1.3267e-006
15.398,1.3257e-006
15.411,1.3222e-006
15.416,1.3209e-006
15.417,1.3207e-006
15.428,1.3178e-006
15.433,1.3166e-006
15.437,1.3155e-006
15.442,1.3144e-006
15.446,1.3132e-006
15.449,1.3124e-006
15.455,1.311e-006
15.463,1.3089e-006
15.465,1.3084e-006
15.474,1.3062e-006
15.482,1.3043e-006
15.484,1.3037e-006
15.49,1.302e-006
15.501,1.2993e-006
15.503,1.2988e-006
15.508,1.2977e-006
15.509,1.2974e-006
15.513,1.2963e-006
15.52,1.2947e-006
15.526,1.2931e-006
15.532,1.2916e-006
15.534,1.2911e-006
15.543,1.289e-006
15.545,1.2883e-006
15.555,1.286e-006
15.562,1.2843e-006
15.566,1.2832e-006
15.569,1.2824e-006
15.581,1.2795e-006
15.585,1.2785e-006
15.588,1.2778e-006
15.592,1.2767e-006
15.595,1.2759e-006
15.598,1.2753e-006
15.608,1.2728e-006
15.613,1.2717e-006
15.621,1.2696e-006
15.624,1.2689e-006
15.631,1.2673e-006
15.635,1.2662e-006
15.649,1.2629e-006
15.651,1.2625e-006
15.656,1.2612e-006
15.659,1.2604e-006
15.663,1.2595e-006
15.666,1.2588e-006
15.672,1.2574e-006
15.679,1.2556e-006
15.682,1.2549e-006
15.686,1.2539e-006
15.694,1.2521e-006
15.703,1.25e-006
15.709,1.2484e-006
15.715,1.247e-006
15.718,1.2464e-006
15.731,1.2433e-006
15.735,1.2422e-006
15.741,1.2409e-006
15.743,1.2404e-006
15.748,1.2391e-006
15.757,1.2371e-006
15.764,1.2354e-006
15.77,1.2341e-006
15.777,1.2325e-006
15.78,1.2316e-006
15.794,1.2283e-006
15.799,1.2273e-006
15.8,1.227e-006
15.809,1.2249e-006
15.812,1.2242e-006
15.813,1.224e-006
15.821,1.2222e-006
15.827,1.2208e-006
15.83,1.22e-006
15.835,1.2189e-006
15.844,1.2168e-006
15.848,1.2158e-006
15.857,1.2137e-006
15.865,1.2121e-006
15.867,1.2115e-006
15.881,1.2084e-006
15.886,1.2072e-006
15.89,1.2063e-006
15.893,1.2056e-006
15.899,1.2043e-006
15.906,1.2027e-006
15.914,1.2007e-006
15.918,1.2e-006
15.924,1.1985e-006
15.93,1.1973e-006
15.945,1.1937e-006
15.949,1.193e-006
15.953,1.1921e-006
15.96,1.1905e-006
15.963,1.1899e-006
15.966,1.1891e-006
15.971,1.188e-006
15.977,1.1866e-006
15.978,1.1863e-006
15.985,1.1848e-006
15.994,1.1828e-006
16.005,1.1804e-006
16.014,1.1785e-006
16.017,1.1778e-006
16.034,1.1741e-006
16.035,1.1738e-006
16.037,1.1734e-006
16.04,1.1728e-006
16.045,1.1715e-006
16.055,1.1694e-006
16.062,1.168e-006
16.065,1.1673e-006
16.07,1.1661e-006
16.077,1.1645e-006
16.086,1.1627e-006
16.094,1.1608e-006
16.099,1.1599e-006
16.11,1.1574e-006
16.113,1.1569e-006
16.117,1.156e-006
16.121,1.155e-006
16.127,1.1538e-006
16.128,1.1535e-006
16.14,1.1509e-006
16.145,1.1499e-006
16.153,1.1481e-006
16.163,1.146e-006
16.167,1.1452e-006
16.181,1.1421e-006
16.184,1.1416e-006
16.187,1.141e-006
16.19,1.1404e-006
16.195,1.1393e-006
16.204,1.1374e-006
16.211,1.1359e-006
16.214,1.1353e-006
16.225,1.133e-006
16.229,1.1322e-006
16.241,1.1295e-006
16.248,1.1282e-006
16.25,1.1277e-006
16.261,1.1253e-006
16.264,1.1249e-006
16.268,1.124e-006
16.272,1.1231e-006
16.278,1.1219e-006
16.286,1.1203e-006
16.295,1.1185e-006
16.3,1.1174e-006
16.305,1.1162e-006
16.313,1.1147e-006
16.329,1.1113e-006
16.332,1.1107e-006
16.337,1.1098e-006
16.34,1.109e-006
16.345,1.1081e-006
16.353,1.1065e-006
16.358,1.1054e-006
16.362,1.1046e-006
16.375,1.102e-006
16.386,1.0997e-006
16.397,1.0976e-006
16.411,1.0947e-006
16.412,1.0945e-006
16.417,1.0936e-006
16.422,1.0924e-006
16.428,1.0914e-006
16.436,1.0897e-006
16.444,1.0881e-006
16.45,1.087e-006
16.461,1.0847e-006
16.467,1.0835e-006
16.48,1.0809e-006
16.485,1.08e-006
16.488,1.0794e-006
16.495,1.0781e-006
16.501,1.0769e-006
16.507,1.0756e-006
16.516,1.074e-006
16.525,1.0721e-006
16.536,1.0699e-006
16.546,1.068e-006
16.549,1.0675e-006
16.562,1.0649e-006
16.565,1.0644e-006
16.568,1.0638e-006
16.573,1.0628e-006
16.579,1.0616e-006
16.587,1.0601e-006
16.595,1.0585e-006
16.606,1.0565e-006
16.611,1.0554e-006
16.63,1.0518e-006
16.634,1.0512e-006
16.639,1.0502e-006
16.645,1.0491e-006
16.651,1.0479e-006
16.659,1.0464e-006
16.666,1.045e-006
16.675,1.0432e-006
16.686,1.0412e-006
16.696,1.0394e-006
16.712,1.0363e-006
16.713,1.0361e-006
16.719,1.0351e-006
16.723,1.0342e-006
16.729,1.0331e-006
16.737,1.0317e-006
16.746,1.0301e-006
16.759,1.0277e-006
16.767,1.0261e-006
16.78,1.0237e-006
16.788,1.0223e-006
16.792,1.0215e-006
16.796,1.0208e-006
16.801,1.0198e-006
16.81,1.0183e-006
16.822,1.0161e-006
16.827,1.0152e-006
16.845,1.0119e-006
16.849,1.0112e-006
16.863,1.0086e-006
16.864,1.0083e-006
16.869,1.0075e-006
16.877,1.0061e-006
16.885,1.0046e-006
16.893,1.0032e-006
16.906,1.0009e-006
16.91,1.0001e-006
16.929,9.9674e-007
16.938,9.9508e-007
16.943,9.9437e-007
16.947,9.9366e-007
16.952,9.9271e-007
16.96,9.9135e-007
16.971,9.894e-007
16.976,9.8841e-007
16.994,9.8524e-007
17.012,9.8215e-007
17.014,9.8175e-007
17.02,9.8082e-007
17.027,9.796e-007
17.034,9.7827e-007
17.043,9.7683e-007
17.056,9.7447e-007
17.067,9.7252e-007
17.08,9.7035e-007
17.09,9.6859e-007
17.094,9.6796e-007
17.098,9.6722e-007
17.109,9.6541e-007
17.117,9.6406e-007
17.126,9.6248e-007
17.144,9.5951e-007
17.162,9.5644e-007
17.164,9.5605e-007
17.167,9.556e-007
17.175,9.5427e-007
17.181,9.5327e-007
17.192,9.5133e-007
17.206,9.4897e-007
17.218,9.471e-007
17.23,9.4502e-007
17.241,9.4322e-007
17.244,9.4273e-007
17.253,9.4127e-007
17.259,9.4018e-007
17.275,9.3754e-007
17.287,9.3565e-007
17.299,9.3372e-007
17.315,9.311e-007
17.317,9.3068e-007
17.325,9.294e-007
17.331,9.2845e-007
17.342,9.267e-007
17.357,9.2432e-007
17.368,9.2253e-007
17.39,9.1892e-007
17.394,9.1835e-007
17.398,9.1767e-007
17.409,9.1596e-007
17.418,9.1456e-007
17.427,9.1311e-007
17.449,9.0961e-007
17.465,9.07e-007
17.468,9.0659e-007
17.476,9.0537e-007
17.482,9.0445e-007
17.492,9.0288e-007
17.507,9.005e-007
17.53,8.9688e-007
17.542,8.9503e-007
17.545,8.9463e-007
17.554,8.9323e-007
17.56,8.9223e-007
17.577,8.8966e-007
17.599,8.863e-007
17.616,8.837e-007
17.618,8.8331e-007
17.626,8.8218e-007
17.632,8.8126e-007
17.647,8.7892e-007
17.668,8.7583e-007
17.691,8.7232e-007
17.694,8.7198e-007
17.699,8.7117e-007
17.711,8.6945e-007
17.727,8.6697e-007
17.749,8.6376e-007
17.766,8.6117e-007
17.769,8.6079e-007
17.777,8.5967e-007
17.789,8.578e-007
17.807,8.552e-007
17.83,8.5186e-007
17.843,8.4998e-007
17.849,8.4906e-007
17.861,8.4741e-007
17.877,8.4504e-007
17.899,8.4195e-007
17.918,8.3929e-007
17.923,8.3857e-007
17.933,8.3713e-007
17.948,8.3499e-007
17.968,8.3214e-007
17.994,8.2855e-007
18,8.2767e-007
18.011,8.2609e-007
18.028,8.2381e-007
18.068,8.183e-007
18.07,8.1795e-007
18.078,8.1692e-007
18.09,8.152e-007
18.108,8.128e-007
18.144,8.0782e-007
18.15,8.0698e-007
18.162,8.0546e-007
18.178,8.0328e-007
18.219,7.9781e-007
18.224,7.9715e-007
18.234,7.9583e-007
18.249,7.9385e-007
18.295,7.8776e-007
18.301,7.8695e-007
18.312,7.8549e-007
18.369,7.7815e-007
18.371,7.7783e-007
18.379,7.7688e-007
18.391,7.7529e-007
18.445,7.6834e-007
18.451,7.6756e-007
18.463,7.6616e-007
18.52,7.5896e-007
18.525,7.5835e-007
18.535,7.5713e-007
18.596,7.4953e-007
18.602,7.4879e-007
18.67,7.4052e-007
18.672,7.4023e-007
18.68,7.3935e-007
18.746,7.3132e-007
18.752,7.306e-007
18.821,7.2252e-007
18.826,7.2195e-007
18.897,7.1368e-007
18.971,7.0521e-007
18.973,7.0494e-007
19.048,6.9658e-007
19.122,6.8831e-007
19.272,6.7205e-007
