0.56877,0.00016039
0.56932,0.00016147
0.56968,0.00016219
0.57014,0.00016309
0.57023,0.00016328
0.57158,0.000166
0.5724,0.00016764
0.57294,0.00016873
0.57339,0.00016965
0.57375,0.00017038
0.57456,0.00017204
0.5751,0.00017314
0.57546,0.00017388
0.57582,0.00017462
0.57662,0.00017628
0.57698,0.00017702
0.5777,0.00017851
0.57806,0.00017926
0.57868,0.00018056
0.57949,0.00018224
0.57957,0.00018243
0.5802,0.00018374
0.58091,0.00018524
0.58153,0.00018656
0.58198,0.0001875
0.58224,0.00018807
0.5826,0.00018883
0.58269,0.00018902
0.58384,0.00019148
0.58446,0.00019281
0.58516,0.00019433
0.58543,0.0001949
0.58649,0.00019719
0.58666,0.00019758
0.58737,0.00019911
0.58763,0.00019968
0.58834,0.00020122
0.58939,0.00020353
0.58948,0.00020372
0.58974,0.0002043
0.59018,0.00020527
0.59044,0.00020584
0.59149,0.00020817
0.59184,0.00020894
0.59219,0.00020972
0.59228,0.00020991
0.5928,0.00021108
0.59393,0.00021361
0.59497,0.00021595
0.59567,0.00021752
0.59645,0.00021928
0.59705,0.00022066
0.59801,0.00022282
0.59835,0.00022361
0.59878,0.00022459
0.59982,0.00022696
0.60016,0.00022775
0.60059,0.00022874
0.60077,0.00022913
0.60154,0.00023092
0.60188,0.00023171
0.60214,0.0002323
0.60291,0.00023409
0.60385,0.00023628
0.60402,0.00023668
0.60428,0.00023728
0.60454,0.00023787
0.60471,0.00023827
0.60531,0.00023967
0.60607,0.00024147
0.60659,0.00024266
0.60769,0.00024527
0.60812,0.00024627
0.60905,0.00024848
0.60939,0.00024928
0.60998,0.00025069
0.61015,0.00025109
0.61075,0.0002525
0.61108,0.0002533
0.61142,0.00025411
0.6121,0.00025572
0.61303,0.00025794
0.61379,0.00025976
0.61421,0.00026077
0.61446,0.00026138
0.61538,0.0002636
0.61614,0.00026543
0.61681,0.00026705
0.61756,0.00026888
0.61815,0.0002703
0.6184,0.00027091
0.6189,0.00027213
0.6194,0.00027335
0.62015,0.00027518
0.62048,0.00027599
0.6209,0.00027701
0.62115,0.00027762
0.62148,0.00027844
0.62223,0.00028027
0.62289,0.0002819
0.62314,0.00028251
0.62372,0.00028394
0.62422,0.00028517
0.62488,0.0002868
0.62579,0.00028905
0.62637,0.00029048
0.62686,0.00029171
0.62711,0.00029232
0.62744,0.00029314
0.62802,0.00029457
0.62876,0.00029642
0.62941,0.00029805
0.63032,0.00030031
0.63065,0.00030113
0.63105,0.00030215
0.63163,0.00030359
0.63204,0.00030461
0.63236,0.00030543
0.63277,0.00030646
0.63326,0.00030769
0.634,0.00030954
0.63408,0.00030974
0.63465,0.00031118
0.63522,0.00031262
0.63627,0.00031528
0.63668,0.00031631
0.63692,0.00031693
0.63725,0.00031775
0.63846,0.00032083
0.63984,0.00032432
0.64048,0.00032596
0.64081,0.00032678
0.64113,0.00032761
0.64177,0.00032925
0.64201,0.00032986
0.6425,0.0003311
0.64306,0.00033253
0.64378,0.00033438
0.64443,0.00033602
0.64563,0.0003391
0.64587,0.00033972
0.64627,0.00034074
0.64691,0.00034238
0.64715,0.000343
0.64762,0.00034423
0.6485,0.00034648
0.64874,0.0003471
0.64954,0.00034915
0.65017,0.00035079
0.65065,0.00035202
0.65097,0.00035284
0.65144,0.00035407
0.652,0.0003555
0.65263,0.00035714
0.65327,0.00035877
0.65358,0.00035959
0.65421,0.00036123
0.65477,0.00036266
0.65516,0.00036368
0.65571,0.00036511
0.65611,0.00036613
0.65697,0.00036837
0.65713,0.00036878
0.65737,0.00036939
0.65854,0.00037245
0.65925,0.00037428
0.65964,0.0003753
0.6598,0.00037571
0.66082,0.00037836
0.66089,0.00037856
0.66136,0.00037978
0.66199,0.0003814
0.6623,0.00038222
0.66277,0.00038344
0.66339,0.00038506
0.66386,0.00038628
0.66394,0.00038648
0.66464,0.0003883
0.66526,0.00038992
0.66549,0.00039053
0.66604,0.00039195
0.66642,0.00039296
0.66712,0.00039478
0.66836,0.00039801
0.66882,0.00039922
0.6689,0.00039942
0.66898,0.00039962
0.6696,0.00040124
0.67044,0.00040345
0.67098,0.00040486
0.67129,0.00040567
0.67168,0.00040667
0.67198,0.00040747
0.67229,0.00040828
0.67291,0.00040988
0.67321,0.00041069
0.67375,0.00041209
0.67413,0.00041309
0.67505,0.00041549
0.67574,0.00041729
0.67589,0.00041769
0.67635,0.00041889
0.67712,0.00042089
0.6775,0.00042188
0.67818,0.00042368
0.67864,0.00042487
0.67955,0.00042726
0.67963,0.00042745
0.68024,0.00042904
0.68115,0.00043142
0.68145,0.00043221
0.68183,0.0004332
0.68198,0.0004336
0.68297,0.00043617
0.68319,0.00043676
0.6835,0.00043755
0.68478,0.0004409
0.68538,0.00044248
0.68569,0.00044327
0.68599,0.00044405
0.68667,0.00044582
0.68749,0.00044798
0.68802,0.00044935
0.68847,0.00045052
0.68869,0.00045111
0.68929,0.00045267
0.69027,0.00045521
0.69072,0.00045638
0.69109,0.00045735
0.69132,0.00045793
0.69147,0.00045832
0.69199,0.00045968
0.69229,0.00046046
0.69251,0.00046104
0.69318,0.00046279
0.69385,0.00046453
0.694,0.00046492
0.69489,0.00046723
0.69549,0.00046878
0.69586,0.00046974
0.69616,0.00047051
0.69683,0.00047224
0.69742,0.00047378
0.69801,0.00047532
0.69853,0.00047666
0.69912,0.00047819
0.69964,0.00047953
0.7003,0.00048125
0.70089,0.00048277
0.70111,0.00048334
0.70156,0.00048448
0.702,0.00048562
0.70214,0.000486
0.70266,0.00048733
0.70332,0.00048904
0.70384,0.00049036
0.70413,0.00049112
0.7045,0.00049207
0.70472,0.00049263
0.70508,0.00049358
0.7053,0.00049414
0.70582,0.00049546
0.70618,0.0004964
0.70684,0.00049809
0.70742,0.00049959
0.70801,0.00050109
0.70881,0.00050315
0.70939,0.00050464
0.70998,0.00050613
0.71034,0.00050706
0.71085,0.00050837
0.71165,0.00051041
0.71194,0.00051115
0.7123,0.00051208
0.71259,0.00051282
0.71346,0.00051503
0.71397,0.00051632
0.71426,0.00051706
0.71462,0.00051798
0.71513,0.00051927
0.71556,0.00052037
0.71606,0.00052165
0.71664,0.00052312
0.71751,0.00052531
0.71779,0.00052604
0.71837,0.0005275
0.71887,0.00052877
0.71945,0.00053022
0.71981,0.00053113
0.72017,0.00053204
0.7206,0.00053312
0.72181,0.00053619
0.72203,0.00053673
0.72246,0.00053781
0.72303,0.00053925
0.7236,0.00054068
0.72403,0.00054176
0.72467,0.00054337
0.72531,0.00054497
0.72588,0.0005464
0.72638,0.00054764
0.72695,0.00054906
0.72745,0.00055031
0.72759,0.00055066
0.7278,0.00055119
0.72802,0.00055172
0.72894,0.00055402
0.72979,0.00055613
0.73036,0.00055753
0.73064,0.00055824
0.73205,0.00056173
0.73212,0.00056191
0.73233,0.00056243
0.73269,0.0005633
0.73311,0.00056435
0.73311,0.00056435
0.73339,0.00056504
0.73381,0.00056608
0.73438,0.00056747
0.73452,0.00056782
0.73543,0.00057006
0.73571,0.00057075
0.73628,0.00057213
0.73656,0.00057282
0.73705,0.00057402
0.73768,0.00057557
0.73824,0.00057693
0.7388,0.0005783
0.73929,0.00057949
0.73992,0.00058102
0.74047,0.00058238
0.74075,0.00058306
0.74131,0.00058442
0.74208,0.00058627
0.74222,0.00058661
0.74243,0.00058712
0.74277,0.00058796
0.74298,0.00058846
0.74382,0.00059048
0.74458,0.00059232
0.74465,0.00059248
0.74569,0.00059499
0.74597,0.00059565
0.74631,0.00059648
0.74659,0.00059715
0.74763,0.00059963
0.7477,0.00059979
0.74777,0.00059996
0.74818,0.00060095
0.74887,0.0006026
0.74963,0.0006044
0.74991,0.00060506
0.75018,0.00060572
0.75053,0.00060653
0.75108,0.00060784
0.75211,0.00061028
0.75231,0.00061077
0.75259,0.00061142
0.75293,0.00061223
0.75341,0.00061336
0.75403,0.00061482
0.75451,0.00061594
0.75485,0.00061675
0.7554,0.00061803
0.75567,0.00061867
0.75642,0.00062043
0.7567,0.00062107
0.75758,0.00062315
0.75786,0.00062378
0.75874,0.00062584
0.75895,0.00062632
0.75915,0.00062679
0.75949,0.00062758
0.75976,0.00062821
0.76058,0.0006301
0.76133,0.00063183
0.76201,0.00063339
0.76214,0.00063371
0.76255,0.00063464
0.76309,0.00063589
0.76356,0.00063697
0.76404,0.00063806
0.76431,0.00063868
0.76465,0.00063945
0.76525,0.00064084
0.76546,0.0006413
0.76579,0.00064207
0.76681,0.00064438
0.76708,0.00064499
0.76761,0.00064621
0.76842,0.00064804
0.76849,0.00064819
0.76869,0.00064865
0.76923,0.00064986
0.7697,0.00065092
0.77003,0.00065168
0.77064,0.00065304
0.77158,0.00065514
0.77191,0.00065589
0.77225,0.00065664
0.77271,0.00065768
0.77325,0.00065888
0.77385,0.00066022
0.77432,0.00066126
0.77505,0.00066288
0.77545,0.00066377
0.77592,0.0006648
0.77638,0.00066583
0.77672,0.00066656
0.77692,0.000667
0.77758,0.00066847
0.77811,0.00066964
0.77831,0.00067007
0.77884,0.00067124
0.77937,0.0006724
0.7797,0.00067312
0.7807,0.00067529
0.78123,0.00067644
0.78176,0.00067759
0.78202,0.00067816
0.78248,0.00067916
0.78288,0.00068002
0.78308,0.00068044
0.78341,0.00068116
0.78361,0.00068158
0.78387,0.00068215
0.78413,0.00068272
0.78446,0.00068343
0.78486,0.00068428
0.78538,0.00068541
0.78604,0.00068681
0.78657,0.00068794
0.78676,0.00068836
0.78709,0.00068906
0.78755,0.00069003
0.78781,0.00069059
0.78814,0.00069129
0.78913,0.00069337
0.78958,0.00069434
0.78991,0.00069503
0.79089,0.00069709
0.79115,0.00069764
0.79128,0.00069791
0.79174,0.00069887
0.79194,0.00069928
0.79233,0.0007001
0.79298,0.00070146
0.79304,0.0007016
0.79331,0.00070214
0.79389,0.00070336
0.79409,0.00070377
0.79487,0.00070539
0.79539,0.00070646
0.79565,0.000707
0.79597,0.00070767
0.79643,0.0007086
0.79695,0.00070967
0.7974,0.0007106
0.79753,0.00071087
0.79824,0.00071233
0.79856,0.00071299
0.79895,0.00071378
0.79947,0.00071484
0.79953,0.00071497
0.80031,0.00071654
0.80083,0.00071759
0.80128,0.0007185
0.80166,0.00071929
0.80205,0.00072007
0.80237,0.00072071
0.80321,0.0007224
0.80373,0.00072343
0.80418,0.00072433
0.80475,0.00072548
0.80514,0.00072625
0.80527,0.0007265
0.80565,0.00072727
0.80629,0.00072854
0.80642,0.0007288
0.80719,0.00073032
0.80725,0.00073044
0.80802,0.00073196
0.80834,0.00073259
0.8093,0.00073447
0.80949,0.00073484
0.80975,0.00073534
0.81026,0.00073634
0.81038,0.00073659
0.81089,0.00073758
0.8114,0.00073857
0.81179,0.00073931
0.81236,0.00074042
0.81261,0.00074091
0.81331,0.00074226
0.81338,0.00074238
0.81382,0.00074324
0.81395,0.00074348
0.81414,0.00074385
0.81446,0.00074446
0.8149,0.00074531
0.8156,0.00074664
0.81598,0.00074736
0.81617,0.00074772
0.81661,0.00074857
0.81737,0.00075001
0.81769,0.0007506
0.81794,0.00075108
0.81844,0.00075203
0.8187,0.00075251
0.81945,0.00075393
0.81964,0.00075429
0.81996,0.00075488
0.82052,0.00075594
0.82096,0.00075676
0.82147,0.0007577
0.82153,0.00075781
0.82266,0.00075991
0.82304,0.00076061
0.82342,0.0007613
0.82354,0.00076153
0.82392,0.00076223
0.82404,0.00076246
0.82473,0.00076372
0.82567,0.00076544
0.82605,0.00076613
0.82655,0.00076704
0.82674,0.00076738
0.82749,0.00076874
0.82755,0.00076885
0.82792,0.00076953
0.82848,0.00077054
0.82855,0.00077065
0.82923,0.00077188
0.82954,0.00077244
0.82973,0.00077278
0.83048,0.00077411
0.83104,0.00077511
0.83147,0.00077589
0.83203,0.00077688
0.83247,0.00077765
0.83296,0.00077853
0.83352,0.00077951
0.83365,0.00077973
0.83389,0.00078016
0.83402,0.00078038
0.83439,0.00078103
0.83464,0.00078147
0.83519,0.00078244
0.83587,0.00078363
0.83649,0.0007847
0.83662,0.00078491
0.83699,0.00078556
0.83736,0.0007862
0.8376,0.00078662
0.83834,0.0007879
0.83865,0.00078843
0.83939,0.00078969
0.83982,0.00079043
0.84013,0.00079095
0.84056,0.00079169
0.84111,0.00079263
0.84136,0.00079304
0.84179,0.00079377
0.84234,0.0007947
0.84252,0.00079501
0.84308,0.00079594
0.84357,0.00079676
0.84387,0.00079727
0.84406,0.00079758
0.84479,0.00079881
0.84552,0.00080003
0.84577,0.00080043
0.84601,0.00080084
0.8462,0.00080114
0.84644,0.00080154
0.84742,0.00080315
0.84772,0.00080365
0.84797,0.00080405
0.84827,0.00080455
0.84876,0.00080535
0.84918,0.00080604
0.84961,0.00080673
0.85022,0.00080772
0.85064,0.00080841
0.85119,0.00080929
0.85137,0.00080958
0.85168,0.00081007
0.85259,0.00081153
0.85331,0.00081269
0.85398,0.00081375
0.8541,0.00081394
0.85452,0.00081461
0.85476,0.00081499
0.85519,0.00081566
0.85549,0.00081614
0.85555,0.00081623
0.85573,0.00081652
0.85615,0.00081718
0.85694,0.00081841
0.85718,0.00081878
0.85784,0.00081982
0.8579,0.00081991
0.85838,0.00082066
0.85911,0.00082178
0.85941,0.00082224
0.86001,0.00082316
0.86037,0.00082372
0.86103,0.00082473
0.86133,0.00082519
0.86181,0.00082592
0.86265,0.00082719
0.86289,0.00082755
0.86319,0.00082801
0.86373,0.00082882
0.86414,0.00082945
0.86414,0.00082945
0.86438,0.00082981
0.86468,0.00083025
0.86504,0.00083079
0.86564,0.00083168
0.86576,0.00083186
0.86629,0.00083266
0.86653,0.00083301
0.86707,0.0008338
0.86796,0.00083512
0.86802,0.00083521
0.8685,0.0008359
0.86862,0.00083608
0.86898,0.0008366
0.86915,0.00083686
0.86987,0.0008379
0.87028,0.0008385
0.87058,0.00083893
0.87129,0.00083996
0.87153,0.0008403
0.87224,0.00084132
0.87271,0.000842
0.87313,0.00084259
0.87336,0.00084293
0.8739,0.00084369
0.87419,0.0008441
0.87437,0.00084436
0.87455,0.00084461
0.87484,0.00084502
0.87526,0.00084561
0.87561,0.0008461
0.87579,0.00084635
0.87644,0.00084726
0.87703,0.00084808
0.87714,0.00084825
0.8775,0.00084874
0.87767,0.00084898
0.87791,0.00084931
0.87809,0.00084955
0.87838,0.00084996
0.87891,0.00085069
0.87932,0.00085126
0.87979,0.0008519
0.8802,0.00085246
0.8805,0.00085286
0.88091,0.00085342
0.88126,0.0008539
0.88173,0.00085454
0.88214,0.00085509
0.88266,0.0008558
0.88278,0.00085596
0.88331,0.00085667
0.88401,0.0008576
0.88424,0.00085791
0.88454,0.0008583
0.88471,0.00085854
0.885,0.00085892
0.88547,0.00085954
0.88582,0.00086
0.88594,0.00086016
0.88658,0.000861
0.88687,0.00086138
0.88751,0.00086222
0.88774,0.00086252
0.88821,0.00086313
0.88914,0.00086433
0.8892,0.00086441
0.89013,0.00086561
0.89053,0.00086613
0.891,0.00086672
0.89123,0.00086701
0.8914,0.00086724
0.89169,0.0008676
0.89245,0.00086856
0.89279,0.000869
0.89308,0.00086936
0.89383,0.0008703
0.8943,0.00087088
0.89464,0.00087131
0.8947,0.00087139
0.89487,0.0008716
0.89522,0.00087203
0.89557,0.00087246
0.89586,0.00087282
0.89661,0.00087374
0.89672,0.00087388
0.89707,0.00087431
0.89747,0.0008748
0.89764,0.00087501
0.89793,0.00087536
0.89862,0.0008762
0.89885,0.00087648
0.89954,0.00087731
0.9,0.00087786
0.90023,0.00087814
0.90063,0.00087862
0.90075,0.00087876
0.90115,0.00087924
0.90161,0.00087978
0.90206,0.00088033
0.90247,0.0008808
0.90292,0.00088134
0.90321,0.00088168
0.90367,0.00088221
0.90481,0.00088355
0.90487,0.00088361
0.90527,0.00088408
0.90532,0.00088414
0.90572,0.0008846
0.90589,0.0008848
0.90641,0.00088539
0.90681,0.00088585
0.90755,0.00088669
0.9076,0.00088676
0.90795,0.00088715
0.90846,0.00088773
0.90863,0.00088792
0.90931,0.00088869
0.9096,0.00088901
0.90988,0.00088933
0.91045,0.00088996
0.91079,0.00089034
0.91135,0.00089097
0.91186,0.00089154
0.91232,0.00089204
0.91305,0.00089284
0.91322,0.00089303
0.91368,0.00089352
0.91385,0.00089371
0.9139,0.00089377
0.91436,0.00089426
0.91458,0.00089451
0.91498,0.00089493
0.91503,0.00089499
0.91526,0.00089524
0.91577,0.00089578
0.91594,0.00089596
0.91701,0.00089711
0.91746,0.00089759
0.91751,0.00089765
0.91774,0.00089788
0.91858,0.00089877
0.91932,0.00089954
0.91948,0.00089971
0.91954,0.00089977
0.91982,0.00090007
0.92027,0.00090053
0.92111,0.0009014
0.92128,0.00090157
0.92195,0.00090226
0.92218,0.00090249
0.92268,0.00090301
0.92296,0.00090329
0.92313,0.00090346
0.92386,0.0009042
0.9243,0.00090465
0.9247,0.00090504
0.92514,0.00090549
0.9252,0.00090554
0.92565,0.00090599
0.92598,0.00090632
0.92609,0.00090643
0.92698,0.00090731
0.92732,0.00090764
0.92754,0.00090786
0.9276,0.00090791
0.92788,0.00090819
0.92821,0.00090851
0.9291,0.00090937
0.92921,0.00090948
0.92938,0.00090964
0.9296,0.00090986
0.92966,0.00090991
0.93049,0.00091071
0.9311,0.00091129
0.93132,0.0009115
0.93204,0.00091219
0.93232,0.00091245
0.93288,0.00091297
0.93315,0.00091323
0.93337,0.00091343
0.93365,0.00091369
0.93465,0.00091461
0.93514,0.00091507
0.93536,0.00091528
0.93553,0.00091543
0.93581,0.00091568
0.93619,0.00091603
0.93647,0.00091628
0.93669,0.00091649
0.9373,0.00091703
0.93763,0.00091733
0.93818,0.00091783
0.93851,0.00091812
0.93884,0.00091842
0.93895,0.00091852
0.93955,0.00091905
0.93983,0.0009193
0.94016,0.00091959
0.94115,0.00092046
0.94131,0.0009206
0.94159,0.00092084
0.94192,0.00092112
0.94203,0.00092122
0.94246,0.0009216
0.94307,0.00092212
0.94323,0.00092226
0.94345,0.00092245
0.94438,0.00092324
0.9446,0.00092343
0.94509,0.00092384
0.9452,0.00092393
0.94553,0.00092421
0.94569,0.00092435
0.94597,0.00092458
0.94635,0.0009249
0.94684,0.0009253
0.94701,0.00092544
0.94744,0.0009258
0.94782,0.00092612
0.94815,0.00092638
0.94853,0.0009267
0.94897,0.00092705
0.94935,0.00092736
0.94962,0.00092758
0.94989,0.0009278
0.95033,0.00092815
0.95065,0.00092841
0.95093,0.00092863
0.95158,0.00092915
0.9518,0.00092932
0.95207,0.00092954
0.95283,0.00093014
0.95304,0.00093031
0.95337,0.00093056
0.95424,0.00093124
0.95478,0.00093166
0.95505,0.00093186
0.95526,0.00093203
0.95564,0.00093232
0.95586,0.00093248
0.95613,0.00093269
0.95635,0.00093286
0.95678,0.00093318
0.95716,0.00093347
0.95743,0.00093367
0.9577,0.00093387
0.95813,0.0009342
0.95829,0.00093432
0.9591,0.00093492
0.95937,0.00093512
0.95942,0.00093516
0.95985,0.00093547
0.96001,0.00093559
0.96087,0.00093622
0.96114,0.00093641
0.96152,0.00093669
0.962,0.00093703
0.96243,0.00093734
0.96302,0.00093776
0.9634,0.00093803
0.96388,0.00093837
0.96404,0.00093848
0.96426,0.00093863
0.96447,0.00093878
0.96452,0.00093882
0.96501,0.00093916
0.96517,0.00093927
0.96586,0.00093975
0.96602,0.00093986
0.96629,0.00094005
0.96666,0.0009403
0.96715,0.00094063
0.96773,0.00094103
0.96795,0.00094117
0.96843,0.0009415
0.96859,0.0009416
0.96923,0.00094203
0.96939,0.00094214
0.97003,0.00094256
0.97029,0.00094274
0.97072,0.00094302
0.97109,0.00094326
0.97114,0.0009433
0.97178,0.00094371
0.97194,0.00094381
0.97263,0.00094426
0.97301,0.0009445
0.97311,0.00094457
0.97348,0.0009448
0.9737,0.00094494
0.97412,0.00094521
0.97454,0.00094547
0.97481,0.00094564
0.97497,0.00094574
0.97598,0.00094637
0.97603,0.0009464
0.97619,0.0009465
0.9764,0.00094663
0.97645,0.00094666
0.97703,0.00094702
0.97735,0.00094721
0.97767,0.0009474
0.97777,0.00094747
0.97788,0.00094753
0.97814,0.00094769
0.97862,0.00094798
0.97904,0.00094823
0.97936,0.00094842
0.97989,0.00094873
0.98025,0.00094895
0.98068,0.0009492
0.98115,0.00094947
0.98126,0.00094953
0.98173,0.00094981
0.98215,0.00095005
0.98257,0.00095029
0.98283,0.00095044
0.98357,0.00095086
0.98383,0.00095101
0.9841,0.00095116
0.98446,0.00095137
0.98488,0.0009516
0.98509,0.00095172
0.98551,0.00095195
0.98619,0.00095232
0.98635,0.00095241
0.98661,0.00095255
0.98698,0.00095275
0.98714,0.00095284
0.98745,0.00095301
0.98782,0.00095321
0.98803,0.00095332
0.98865,0.00095365
0.98886,0.00095376
0.98928,0.00095398
0.98949,0.00095409
0.99027,0.0009545
0.99038,0.00095456
0.99116,0.00095496
0.99121,0.00095499
0.99137,0.00095507
0.99152,0.00095515
0.99199,0.00095539
0.99215,0.00095547
0.99241,0.0009556
0.99262,0.00095571
0.99298,0.00095589
0.99319,0.000956
0.99366,0.00095623
0.99371,0.00095626
0.99428,0.00095654
0.99491,0.00095685
0.99537,0.00095708
0.99574,0.00095725
0.99579,0.00095728
0.9962,0.00095748
0.99636,0.00095755
0.99652,0.00095763
0.99677,0.00095775
0.99714,0.00095792
0.99719,0.00095795
0.9976,0.00095815
0.99817,0.00095841
0.99864,0.00095863
0.99869,0.00095865
0.99905,0.00095882
0.99926,0.00095892
0.99962,0.00095909
0.99988,0.0009592
1.0002,0.00095937
1.0005,0.00095949
1.0011,0.00095977
1.0013,0.00095984
1.0013,0.00095986
1.0024,0.00096032
1.0026,0.00096041
1.003,0.00096059
1.0032,0.0009607
1.0037,0.00096093
1.0041,0.00096106
1.0046,0.00096128
1.0049,0.00096141
1.005,0.00096148
1.0054,0.00096165
1.0063,0.000962
1.0064,0.00096206
1.0065,0.0009621
1.0067,0.00096217
1.0068,0.00096223
1.0069,0.00096225
1.0073,0.00096242
1.0078,0.00096261
1.0081,0.00096273
1.0083,0.00096284
1.009,0.00096311
1.0093,0.00096325
1.0095,0.00096331
1.0098,0.00096341
1.0098,0.00096343
1.0102,0.00096357
1.0106,0.00096373
1.0111,0.00096395
1.0112,0.00096397
1.0114,0.00096407
1.012,0.00096426
1.0127,0.00096453
1.0128,0.00096459
1.013,0.00096467
1.0136,0.0009649
1.0138,0.00096497
1.014,0.00096505
1.0147,0.00096529
1.0149,0.00096534
1.0152,0.00096547
1.0157,0.00096564
1.0159,0.00096571
1.0162,0.00096584
1.0166,0.00096598
1.0168,0.00096605
1.0175,0.00096627
1.0179,0.00096642
1.0184,0.00096658
1.0185,0.00096663
1.0189,0.00096677
1.0191,0.00096684
1.0195,0.00096697
1.0197,0.00096704
1.0201,0.00096718
1.0208,0.00096739
1.021,0.00096744
1.0211,0.00096749
1.0212,0.00096753
1.0217,0.00096769
1.0225,0.00096795
1.023,0.00096809
1.0232,0.00096817
1.0233,0.0009682
1.0236,0.0009683
1.0239,0.00096839
1.0244,0.00096854
1.0248,0.00096867
1.0252,0.00096879
1.0257,0.00096894
1.0258,0.00096895
1.0264,0.00096913
1.0268,0.00096925
1.0269,0.00096926
1.027,0.00096931
1.0276,0.00096947
1.0276,0.00096948
1.028,0.0009696
1.0282,0.00096964
1.0286,0.00096977
1.0288,0.00096981
1.029,0.00096987
1.0293,0.00096995
1.0294,0.00096999
1.03,0.00097016
1.0304,0.00097026
1.0309,0.00097039
1.0312,0.00097048
1.032,0.00097069
1.0322,0.00097074
1.0324,0.00097079
1.0329,0.00097091
1.0333,0.00097101
1.0334,0.00097105
1.034,0.0009712
1.0348,0.0009714
1.0352,0.00097149
1.0353,0.00097151
1.0356,0.00097158
1.0357,0.0009716
1.0362,0.00097172
1.0366,0.00097183
1.0368,0.00097186
1.037,0.00097192
1.0372,0.00097195
1.0377,0.00097207
1.0378,0.0009721
1.0382,0.00097219
1.0386,0.00097227
1.0388,0.00097233
1.0392,0.0009724
1.0396,0.0009725
1.0402,0.00097262
1.0405,0.00097268
1.041,0.00097279
1.0412,0.00097284
1.0415,0.00097291
1.0418,0.00097296
1.0423,0.00097307
1.0426,0.00097312
1.043,0.0009732
1.0432,0.00097325
1.0436,0.00097332
1.0441,0.00097343
1.0448,0.00097356
1.0451,0.00097361
1.0455,0.00097369
1.046,0.00097377
1.0464,0.00097385
1.0467,0.0009739
1.0471,0.00097398
1.0473,0.00097402
1.0479,0.00097412
1.0481,0.00097415
1.0488,0.00097426
1.0489,0.00097428
1.0495,0.00097437
1.0496,0.00097439
1.0499,0.00097445
1.0503,0.00097452
1.0507,0.00097458
1.0511,0.00097464
1.0517,0.00097472
1.0519,0.00097475
1.052,0.00097477
1.053,0.00097492
1.0531,0.00097493
1.0532,0.00097495
1.0542,0.00097509
1.0546,0.00097514
1.0548,0.00097517
1.055,0.0009752
1.0554,0.00097525
1.0556,0.00097528
1.0558,0.00097531
1.0567,0.00097542
1.057,0.00097545
1.0574,0.0009755
1.0575,0.00097551
1.0577,0.00097554
1.0579,0.00097557
1.0581,0.00097558
1.0583,0.00097561
1.0587,0.00097566
1.0591,0.0009757
1.0594,0.00097573
1.0597,0.00097577
1.0603,0.00097583
1.0604,0.00097584
1.0608,0.00097589
1.0609,0.0009759
1.0613,0.00097594
1.0614,0.00097595
1.0622,0.00097602
1.0629,0.00097609
1.063,0.0009761
1.0632,0.00097612
1.0638,0.00097617
1.064,0.00097619
1.0642,0.0009762
1.0644,0.00097622
1.0648,0.00097626
1.0653,0.0009763
1.0655,0.00097632
1.0661,0.00097636
1.0667,0.0009764
1.067,0.00097643
1.0675,0.00097646
1.0677,0.00097647
1.0682,0.00097651
1.0683,0.00097652
1.0686,0.00097653
1.0687,0.00097654
1.0692,0.00097657
1.0696,0.0009766
1.0698,0.00097661
1.0706,0.00097665
1.0706,0.00097665
1.071,0.00097667
1.0713,0.00097669
1.0715,0.0009767
1.0718,0.00097671
1.0723,0.00097674
1.0727,0.00097675
1.073,0.00097677
1.0733,0.00097678
1.0736,0.00097679
1.074,0.00097681
1.0744,0.00097682
1.0745,0.00097682
1.0746,0.00097683
1.0752,0.00097685
1.0756,0.00097686
1.0761,0.00097687
1.0767,0.00097689
1.0771,0.0009769
1.0776,0.00097691
1.0778,0.00097691
1.0781,0.00097692
1.0783,0.00097692
1.0786,0.00097693
1.0788,0.00097693
1.0794,0.00097694
1.0798,0.00097694
1.0798,0.00097694
1.0802,0.00097694
1.0807,0.00097695
1.081,0.00097695
1.0815,0.00097695
1.0818,0.00097695
1.0822,0.00097695
1.0824,0.00097695
1.0828,0.00097695
1.083,0.00097695
1.083,0.00097695
1.0834,0.00097694
1.084,0.00097694
1.0844,0.00097693
1.0848,0.00097693
1.0851,0.00097692
1.0855,0.00097692
1.0857,0.00097691
1.0861,0.00097691
1.0867,0.00097689
1.0867,0.00097689
1.087,0.00097689
1.0872,0.00097688
1.0876,0.00097687
1.0879,0.00097686
1.0882,0.00097685
1.0885,0.00097684
1.0886,0.00097684
1.0894,0.00097681
1.0897,0.0009768
1.0899,0.0009768
1.0901,0.00097679
1.0908,0.00097676
1.0912,0.00097674
1.0916,0.00097672
1.0921,0.0009767
1.0924,0.00097669
1.0927,0.00097667
1.0928,0.00097667
1.0933,0.00097664
1.0935,0.00097663
1.0941,0.0009766
1.0942,0.00097659
1.0946,0.00097657
1.095,0.00097655
1.095,0.00097654
1.0958,0.00097649
1.0961,0.00097648
1.0963,0.00097646
1.0967,0.00097644
1.0971,0.00097641
1.0973,0.00097639
1.098,0.00097634
1.0982,0.00097633
1.0984,0.00097631
1.0987,0.00097629
1.0991,0.00097625
1.0997,0.00097621
1.0999,0.00097619
1.1003,0.00097616
1.1004,0.00097615
1.1006,0.00097613
1.101,0.0009761
1.1014,0.00097607
1.1018,0.00097603
1.1022,0.00097599
1.1027,0.00097595
1.1027,0.00097594
1.1031,0.00097591
1.1033,0.00097589
1.1037,0.00097585
1.1041,0.00097581
1.1047,0.00097575
1.1048,0.00097574
1.105,0.00097572
1.1053,0.00097568
1.1057,0.00097565
1.1059,0.00097562
1.1066,0.00097555
1.1071,0.00097549
1.1072,0.00097548
1.1074,0.00097545
1.1081,0.00097537
1.1082,0.00097537
1.1083,0.00097535
1.1086,0.00097532
1.1089,0.00097528
1.1093,0.00097523
1.1094,0.00097522
1.1096,0.0009752
1.1098,0.00097517
1.11,0.00097515
1.1102,0.00097512
1.1104,0.00097509
1.1107,0.00097506
1.1111,0.00097501
1.1115,0.00097495
1.1119,0.0009749
1.112,0.00097488
1.1124,0.00097484
1.1127,0.0009748
1.113,0.00097475
1.1138,0.00097464
1.1139,0.00097463
1.1141,0.00097459
1.1145,0.00097455
1.1146,0.00097453
1.1154,0.00097441
1.1159,0.00097433
1.116,0.00097432
1.1161,0.0009743
1.1166,0.00097422
1.1171,0.00097416
1.1172,0.00097413
1.1176,0.00097407
1.1183,0.00097397
1.1185,0.00097394
1.1185,0.00097393
1.1187,0.0009739
1.1189,0.00097387
1.119,0.00097385
1.1197,0.00097374
1.1198,0.00097373
1.12,0.0009737
1.1204,0.00097362
1.1206,0.0009736
1.1211,0.0009735
1.1214,0.00097345
1.1218,0.00097338
1.122,0.00097334
1.1222,0.00097331
1.1226,0.00097325
1.1227,0.00097322
1.1229,0.00097319
1.1231,0.00097315
1.1237,0.00097304
1.1239,0.00097302
1.1244,0.00097292
1.1248,0.00097286
1.1248,0.00097284
1.1252,0.00097278
1.1252,0.00097277
1.1257,0.00097269
1.1261,0.00097261
1.1265,0.00097254
1.127,0.00097243
1.1273,0.00097237
1.1277,0.0009723
1.1283,0.00097218
1.1285,0.00097215
1.1285,0.00097214
1.1287,0.00097211
1.1289,0.00097207
1.1293,0.00097197
1.1298,0.00097189
1.1301,0.00097183
1.1305,0.00097174
1.1307,0.00097169
1.131,0.00097163
1.1316,0.00097151
1.1318,0.00097147
1.1321,0.0009714
1.1322,0.00097139
1.1325,0.00097131
1.1327,0.00097128
1.133,0.0009712
1.1334,0.00097112
1.1336,0.00097107
1.1338,0.00097104
1.1343,0.00097093
1.1347,0.00097084
1.1349,0.0009708
1.1352,0.00097072
1.1358,0.00097059
1.1362,0.00097051
1.1365,0.00097043
1.1369,0.00097035
1.1373,0.00097026
1.1375,0.00097019
1.1384,0.00097
1.1386,0.00096994
1.1387,0.00096992
1.139,0.00096984
1.1392,0.0009698
1.1395,0.00096972
1.1401,0.00096958
1.1403,0.00096955
1.1407,0.00096945
1.1412,0.00096932
1.1414,0.00096927
1.1416,0.00096922
1.142,0.00096913
1.1425,0.000969
1.1429,0.00096891
1.1432,0.00096883
1.1436,0.00096873
1.1441,0.00096859
1.1446,0.00096847
1.1448,0.00096841
1.1452,0.00096833
1.1456,0.00096822
1.1457,0.00096817
1.146,0.00096812
1.1463,0.00096803
1.1466,0.00096794
1.1468,0.0009679
1.1475,0.00096771
1.1477,0.00096765
1.148,0.00096757
1.1483,0.0009675
1.1488,0.00096736
1.149,0.00096731
1.1492,0.00096725
1.1495,0.00096716
1.1499,0.00096705
1.1502,0.00096698
1.1504,0.00096691
1.1506,0.00096687
1.151,0.00096675
1.1511,0.00096671
1.1515,0.00096661
1.1517,0.00096656
1.1518,0.00096653
1.1521,0.00096645
1.1526,0.00096631
1.1532,0.00096612
1.1534,0.00096607
1.1535,0.00096604
1.1542,0.00096585
1.1542,0.00096583
1.1545,0.00096574
1.1549,0.00096565
1.1549,0.00096564
1.1554,0.00096549
1.1559,0.00096534
1.1563,0.00096522
1.1565,0.00096516
1.1567,0.0009651
1.1574,0.00096491
1.1575,0.00096488
1.1577,0.0009648
1.1579,0.00096474
1.1585,0.00096457
1.159,0.00096442
1.1591,0.00096437
1.1592,0.00096436
1.1594,0.0009643
1.1596,0.00096423
1.1597,0.00096421
1.1603,0.00096403
1.1606,0.00096393
1.1608,0.00096386
1.1612,0.00096375
1.1614,0.00096368
1.1617,0.00096357
1.1618,0.00096354
1.1619,0.00096353
1.1624,0.00096336
1.1629,0.00096319
1.1633,0.00096308
1.1638,0.00096291
1.164,0.00096286
1.1644,0.00096273
1.1645,0.00096269
1.1645,0.00096268
1.1647,0.00096263
1.1652,0.00096246
1.1654,0.0009624
1.1654,0.00096239
1.166,0.0009622
1.1665,0.00096204
1.1667,0.00096198
1.167,0.00096187
1.1674,0.00096175
1.1677,0.00096165
1.1682,0.00096147
1.1686,0.00096133
1.1689,0.00096123
1.169,0.00096122
1.1692,0.00096114
1.1695,0.00096102
1.1698,0.00096092
1.1702,0.00096078
1.1704,0.00096074
1.1705,0.00096069
1.1709,0.00096057
1.1713,0.00096042
1.1717,0.0009603
1.1718,0.00096025
1.172,0.00096019
1.1724,0.00096005
1.1728,0.00095988
1.173,0.00095982
1.1733,0.00095972
1.1735,0.00095964
1.1737,0.00095958
1.1744,0.00095933
1.1747,0.00095922
1.1753,0.00095903
1.1755,0.00095895
1.176,0.00095877
1.1766,0.00095856
1.1767,0.00095853
1.1769,0.00095845
1.1773,0.00095831
1.1776,0.00095818
1.178,0.00095805
1.1781,0.000958
1.1786,0.00095781
1.1788,0.00095775
1.179,0.0009577
1.179,0.00095767
1.1793,0.00095757
1.1795,0.00095751
1.1797,0.00095741
1.18,0.00095731
1.1802,0.00095723
1.1804,0.00095718
1.1809,0.00095699
1.1814,0.00095678
1.1818,0.00095663
1.1821,0.00095653
1.1823,0.00095645
1.183,0.0009562
1.1832,0.0009561
1.1834,0.00095605
1.1837,0.00095594
1.1841,0.00095579
1.1844,0.00095567
1.1844,0.00095565
1.1846,0.00095559
1.1855,0.00095525
1.1856,0.0009552
1.1862,0.00095498
1.1863,0.00095491
1.1865,0.00095485
1.1867,0.00095476
1.1871,0.00095463
1.1872,0.00095458
1.1877,0.00095439
1.1879,0.00095432
1.1879,0.0009543
1.1885,0.00095408
1.1887,0.00095398
1.1891,0.00095382
1.1895,0.00095369
1.1895,0.00095367
1.1898,0.00095355
1.1899,0.0009535
1.1902,0.00095341
1.1905,0.00095329
1.1909,0.00095313
1.191,0.00095306
1.1912,0.00095298
1.1915,0.00095287
1.1919,0.00095272
1.1922,0.00095258
1.1923,0.00095256
1.1928,0.00095237
1.1929,0.0009523
1.1933,0.00095214
1.1935,0.00095208
1.1938,0.00095194
1.1941,0.00095182
1.1943,0.00095173
1.195,0.00095145
1.1955,0.00095123
1.1957,0.00095116
1.1959,0.00095109
1.196,0.00095104
1.1961,0.000951
1.1964,0.00095086
1.1967,0.00095075
1.197,0.00095061
1.1976,0.00095039
1.198,0.00095023
1.1985,0.00095001
1.1985,0.00094999
1.1989,0.00094985
1.1992,0.00094972
1.1995,0.00094957
1.1996,0.00094952
1.1998,0.00094945
1.2003,0.00094923
1.2005,0.00094914
1.2007,0.00094906
1.2009,0.00094897
1.2011,0.00094892
1.2012,0.00094886
1.2016,0.0009487
1.2019,0.00094855
1.2023,0.0009484
1.2026,0.00094823
1.203,0.00094809
1.2031,0.00094803
1.2035,0.00094788
1.2038,0.00094775
1.204,0.00094764
1.2043,0.00094753
1.2045,0.00094745
1.2048,0.00094728
1.2051,0.00094719
1.2057,0.00094691
1.2057,0.00094689
1.2058,0.00094685
1.2066,0.00094653
1.2067,0.00094646
1.2069,0.00094638
1.207,0.00094632
1.2078,0.00094598
1.208,0.00094587
1.2083,0.00094577
1.2086,0.00094564
1.2091,0.00094541
1.2093,0.00094532
1.2094,0.00094526
1.2096,0.00094516
1.2098,0.00094509
1.2099,0.00094503
1.2102,0.00094491
1.2105,0.00094478
1.2108,0.00094465
1.2108,0.00094463
1.2109,0.00094461
1.2119,0.00094416
1.212,0.00094409
1.2122,0.00094399
1.2125,0.00094385
1.2132,0.00094356
1.2135,0.00094341
1.2139,0.00094323
1.2139,0.00094321
1.2142,0.00094307
1.2146,0.0009429
1.215,0.00094274
1.2151,0.00094268
1.2153,0.00094258
1.2154,0.00094254
1.2156,0.00094245
1.2161,0.00094223
1.2161,0.00094221
1.2163,0.00094211
1.2167,0.00094191
1.2175,0.00094158
1.218,0.00094132
1.2181,0.00094126
1.2185,0.0009411
1.2187,0.00094102
1.2188,0.00094094
1.2194,0.00094068
1.2197,0.00094054
1.22,0.0009404
1.2201,0.00094032
1.2204,0.00094022
1.2207,0.00094006
1.221,0.0009399
1.2215,0.00093968
1.2217,0.0009396
1.2221,0.0009394
1.2222,0.00093936
1.2224,0.00093924
1.2227,0.00093912
1.2231,0.00093893
1.2234,0.00093879
1.2234,0.00093875
1.2237,0.00093861
1.2242,0.00093836
1.2245,0.00093826
1.2251,0.00093796
1.2255,0.00093777
1.2258,0.00093763
1.2261,0.00093747
1.2263,0.00093738
1.2268,0.00093714
1.2271,0.00093697
1.2275,0.00093679
1.2278,0.00093664
1.2281,0.00093648
1.2282,0.00093642
1.2285,0.00093629
1.2289,0.00093609
1.2293,0.0009359
1.2295,0.00093582
1.2296,0.00093573
1.2301,0.00093548
1.2303,0.0009354
1.2305,0.0009353
1.2308,0.00093517
1.2309,0.00093509
1.2312,0.00093496
1.2316,0.00093473
1.2318,0.00093465
1.2322,0.00093446
1.2323,0.00093442
1.2327,0.00093423
1.2328,0.00093415
1.2332,0.00093398
1.2335,0.00093379
1.2336,0.00093375
1.2342,0.00093347
1.2343,0.00093339
1.2345,0.00093328
1.2348,0.00093314
1.2351,0.00093299
1.2352,0.00093295
1.2359,0.00093261
1.2362,0.00093244
1.2365,0.00093231
1.2367,0.0009322
1.2368,0.00093212
1.2372,0.00093193
1.2377,0.00093169
1.2378,0.00093161
1.2382,0.00093142
1.2383,0.00093135
1.2386,0.00093124
1.2387,0.00093118
1.2395,0.00093077
1.2397,0.00093067
1.2403,0.00093032
1.2405,0.00093026
1.2406,0.00093022
1.2408,0.00093006
1.2412,0.00092987
1.2415,0.00092974
1.2416,0.0009297
1.2418,0.00092957
1.2422,0.00092937
1.2423,0.00092931
1.2428,0.00092903
1.243,0.00092896
1.2433,0.00092877
1.2437,0.00092859
1.2438,0.00092851
1.2442,0.00092833
1.2442,0.00092831
1.2445,0.00092816
1.2448,0.00092801
1.2452,0.00092779
1.2453,0.00092772
1.2457,0.00092755
1.2458,0.00092746
1.2462,0.00092729
1.2463,0.00092722
1.2468,0.00092694
1.247,0.00092687
1.2473,0.00092667
1.2475,0.00092656
1.2482,0.00092623
1.2483,0.00092617
1.2484,0.00092608
1.2485,0.00092604
1.2493,0.00092562
1.2498,0.00092537
1.2502,0.00092515
1.2505,0.000925
1.2505,0.00092498
1.2508,0.00092482
1.2508,0.0009248
1.2511,0.00092464
1.2512,0.00092462
1.2515,0.00092444
1.2518,0.00092429
1.2522,0.00092409
1.2522,0.00092404
1.2525,0.00092391
1.2528,0.00092375
1.2529,0.00092369
1.2536,0.00092331
1.2538,0.0009232
1.2542,0.00092297
1.2546,0.00092277
1.2549,0.00092262
1.2549,0.00092259
1.2551,0.00092248
1.2554,0.00092235
1.2555,0.0009223
1.2561,0.00092194
1.2564,0.00092179
1.2569,0.00092154
1.2572,0.00092134
1.2575,0.00092118
1.2577,0.00092107
1.2582,0.00092079
1.2585,0.00092061
1.2588,0.00092046
1.2591,0.00092032
1.2594,0.00092014
1.2597,0.00091998
1.2597,0.00091996
1.2601,0.00091978
1.2604,0.00091959
1.2606,0.00091946
1.2608,0.00091937
1.261,0.00091925
1.261,0.00091923
1.2613,0.00091909
1.2615,0.00091898
1.2621,0.00091864
1.2624,0.0009185
1.2626,0.00091834
1.2627,0.00091832
1.2633,0.000918
1.2638,0.0009177
1.2641,0.00091754
1.2641,0.00091752
1.2646,0.00091725
1.2649,0.00091706
1.2652,0.0009169
1.2653,0.00091686
1.2655,0.00091672
1.266,0.00091649
1.2661,0.00091642
1.2665,0.00091617
1.2669,0.00091596
1.2669,0.00091594
1.2673,0.00091575
1.2674,0.00091568
1.268,0.00091534
1.2682,0.00091524
1.2686,0.00091501
1.2688,0.00091485
1.2689,0.00091483
1.2692,0.00091464
1.2695,0.0009145
1.2698,0.0009143
1.2699,0.00091427
1.27,0.0009142
1.2704,0.00091395
1.2708,0.00091372
1.2711,0.00091358
1.2712,0.00091353
1.2718,0.00091318
1.2718,0.00091316
1.2723,0.0009129
1.2725,0.00091274
1.2728,0.0009126
1.273,0.00091246
1.2732,0.00091234
1.2734,0.00091227
1.2737,0.00091209
1.2738,0.00091199
1.2741,0.00091187
1.2744,0.00091166
1.2749,0.00091141
1.2752,0.00091122
1.2757,0.00091091
1.276,0.00091073
1.2763,0.00091056
1.2768,0.00091028
1.277,0.00091019
1.2773,0.00090998
1.2777,0.00090979
1.278,0.0009096
1.2783,0.00090943
1.2787,0.00090915
1.2789,0.00090903
1.2796,0.00090866
1.2797,0.00090858
1.2802,0.0009083
1.2803,0.00090823
1.2809,0.0009079
1.281,0.00090783
1.2812,0.00090773
1.2815,0.00090754
1.2819,0.00090733
1.2821,0.00090716
1.2823,0.00090709
1.2824,0.000907
1.2825,0.00090695
1.2829,0.00090669
1.2834,0.0009064
1.2835,0.00090633
1.2839,0.00090612
1.2842,0.00090595
1.2848,0.00090562
1.285,0.00090548
1.2854,0.00090524
1.2858,0.00090497
1.286,0.0009049
1.2861,0.00090481
1.2867,0.00090447
1.2868,0.0009044
1.287,0.00090431
1.2873,0.00090411
1.2876,0.00090395
1.2878,0.00090383
1.2882,0.00090354
1.2886,0.00090332
1.2889,0.00090318
1.2892,0.00090296
1.2894,0.00090287
1.2896,0.00090275
1.29,0.00090248
1.2902,0.00090236
1.2911,0.00090181
1.2913,0.00090174
1.2913,0.00090171
1.2915,0.00090159
1.2917,0.00090145
1.2918,0.00090142
1.2921,0.00090121
1.2925,0.00090101
1.2926,0.00090094
1.2931,0.00090063
1.2934,0.00090043
1.2937,0.00090026
1.294,0.0009001
1.294,0.00090007
1.2943,0.0008999
1.2944,0.00089985
1.2947,0.00089966
1.2951,0.00089942
1.2952,0.00089932
1.2954,0.0008992
1.2958,0.00089901
1.296,0.00089888
1.2966,0.00089852
1.2969,0.00089833
1.297,0.00089825
1.2974,0.00089803
1.2976,0.00089791
1.2979,0.00089772
1.2986,0.00089726
1.299,0.00089706
1.2993,0.00089687
1.2994,0.00089677
1.3001,0.00089635
1.3003,0.00089621
1.3004,0.00089616
1.3007,0.00089596
1.3008,0.00089592
1.3013,0.00089562
1.3015,0.00089552
1.3019,0.00089523
1.3023,0.00089501
1.3026,0.00089479
1.3028,0.00089472
1.3029,0.00089462
1.3032,0.00089442
1.3036,0.0008942
1.304,0.00089396
1.3042,0.00089386
1.3046,0.00089361
1.305,0.00089334
1.3053,0.00089317
1.3055,0.00089302
1.3056,0.00089295
1.3058,0.00089283
1.3061,0.00089266
1.3065,0.00089239
1.3069,0.00089216
1.307,0.00089207
1.3074,0.00089184
1.308,0.0008915
1.3083,0.00089128
1.3084,0.0008912
1.3085,0.00089118
1.3088,0.00089098
1.3091,0.00089081
1.3094,0.00089059
1.3096,0.00089046
1.3099,0.00089029
1.3102,0.00089009
1.3104,0.00088999
1.311,0.00088962
1.3112,0.00088948
1.3115,0.00088928
1.3117,0.00088913
1.3118,0.00088908
1.3122,0.00088883
1.3125,0.00088868
1.3127,0.00088851
1.3134,0.00088809
1.3139,0.00088774
1.314,0.00088772
1.3141,0.00088764
1.3143,0.00088749
1.3147,0.00088724
1.3149,0.00088712
1.3151,0.00088702
1.3156,0.00088672
1.3159,0.0008865
1.3162,0.0008863
1.3165,0.00088613
1.3169,0.0008859
1.3171,0.00088575
1.3178,0.00088533
1.3179,0.00088523
1.3185,0.00088486
1.3187,0.00088473
1.3189,0.00088463
1.3193,0.00088436
1.3196,0.00088416
1.32,0.00088393
1.3201,0.00088383
1.3204,0.00088366
1.3214,0.00088303
1.3216,0.00088286
1.322,0.00088263
1.3221,0.00088253
1.3225,0.00088231
1.3227,0.00088216
1.323,0.00088196
1.3231,0.00088191
1.3234,0.00088171
1.3235,0.00088163
1.324,0.00088136
1.3244,0.00088111
1.3247,0.00088091
1.3253,0.00088051
1.3255,0.00088036
1.3259,0.00088013
1.3266,0.0008797
1.3268,0.00087955
1.3272,0.0008793
1.3277,0.00087895
1.3279,0.00087885
1.3281,0.00087872
1.3282,0.00087862
1.3284,0.0008785
1.3287,0.0008783
1.329,0.00087809
1.3292,0.00087802
1.3296,0.00087774
1.3299,0.00087751
1.3304,0.00087721
1.3309,0.00087691
1.331,0.00087683
1.3312,0.00087668
1.3315,0.00087648
1.3321,0.00087613
1.3322,0.00087603
1.3323,0.000876
1.3328,0.00087567
1.3331,0.00087547
1.3337,0.00087509
1.3339,0.00087492
1.3341,0.00087479
1.3349,0.00087426
1.3355,0.00087388
1.3359,0.00087365
1.3366,0.00087317
1.3367,0.0008731
1.3369,0.00087297
1.3371,0.00087284
1.3374,0.00087267
1.3376,0.00087249
1.3378,0.00087239
1.338,0.00087229
1.3383,0.00087203
1.3386,0.00087183
1.339,0.00087158
1.3393,0.00087142
1.3396,0.00087122
1.3402,0.00087084
1.3404,0.00087066
1.3408,0.00087043
1.3409,0.00087033
1.3412,0.00087013
1.3414,0.00087
1.342,0.00086962
1.3422,0.00086952
1.3426,0.00086924
1.343,0.00086899
1.3439,0.0008684
1.344,0.00086833
1.3443,0.0008681
1.3446,0.00086792
1.3448,0.00086777
1.3451,0.00086756
1.3458,0.0008671
1.3458,0.00086708
1.3462,0.00086688
1.3463,0.0008668
1.3466,0.00086657
1.3471,0.00086626
1.3472,0.00086616
1.3477,0.00086586
1.348,0.00086565
1.3482,0.00086553
1.3485,0.00086535
1.3491,0.00086494
1.3498,0.00086443
1.3503,0.00086415
1.3504,0.00086402
1.3506,0.00086389
1.3509,0.00086371
1.3512,0.00086351
1.3514,0.00086341
1.3516,0.00086328
1.3518,0.00086313
1.3522,0.00086287
1.3527,0.00086251
1.3531,0.00086226
1.3535,0.00086198
1.3536,0.0008619
1.3537,0.00086185
1.3542,0.00086149
1.3544,0.00086136
1.3547,0.00086116
1.355,0.00086098
1.3552,0.00086083
1.3558,0.00086044
1.3564,0.00086006
1.3567,0.0008598
1.3574,0.00085934
1.3577,0.00085919
1.3582,0.0008588
1.3588,0.00085839
1.3591,0.00085819
1.3593,0.00085811
1.3595,0.00085796
1.3598,0.00085775
1.36,0.0008576
1.3604,0.00085737
1.3607,0.00085714
1.361,0.00085696
1.3616,0.00085652
1.3619,0.00085634
1.3622,0.00085614
1.3626,0.00085583
1.3631,0.00085552
1.3634,0.00085534
1.3637,0.00085514
1.3642,0.0008548
1.3643,0.00085468
1.365,0.00085427
1.3654,0.00085398
1.3657,0.00085378
1.3659,0.0008536
1.3664,0.00085329
1.3665,0.00085319
1.367,0.00085285
1.3672,0.00085275
1.3677,0.00085242
1.3685,0.00085182
1.3687,0.00085172
1.369,0.00085152
1.3696,0.00085111
1.3698,0.00085098
1.3705,0.00085049
1.3707,0.00085036
1.3709,0.00085021
1.372,0.00084948
1.3725,0.00084915
1.3728,0.00084894
1.3732,0.00084866
1.3732,0.00084864
1.3734,0.00084851
1.3737,0.00084833
1.374,0.0008481
1.3745,0.00084774
1.375,0.00084743
1.3758,0.00084689
1.376,0.00084671
1.3762,0.00084658
1.3767,0.00084624
1.3768,0.00084616
1.3774,0.00084578
1.3777,0.00084555
1.3781,0.00084526
1.3785,0.00084503
1.3786,0.00084495
1.3791,0.00084462
1.3794,0.00084441
1.3798,0.0008441
1.3803,0.00084379
1.3803,0.00084377
1.3806,0.00084356
1.3813,0.00084307
1.3817,0.00084279
1.3819,0.00084266
1.3822,0.00084248
1.3825,0.00084225
1.3827,0.00084215
1.3829,0.00084196
1.3832,0.00084176
1.3839,0.00084129
1.3845,0.00084091
1.3848,0.0008407
1.385,0.00084052
1.3858,0.00084001
1.3863,0.00083967
1.3867,0.00083936
1.3869,0.00083923
1.3873,0.00083895
1.3876,0.00083877
1.3876,0.00083874
1.3879,0.00083854
1.3883,0.00083823
1.3888,0.00083792
1.3893,0.00083758
1.3898,0.00083722
1.3903,0.00083688
1.391,0.00083639
1.3913,0.00083619
1.3914,0.00083614
1.3916,0.00083596
1.3923,0.00083547
1.3928,0.00083513
1.3929,0.00083505
1.3934,0.00083472
1.3941,0.0008342
1.3947,0.00083382
1.3949,0.00083366
1.3953,0.0008334
1.3958,0.00083304
1.3959,0.00083296
1.3964,0.00083263
1.3967,0.00083245
1.397,0.00083222
1.3972,0.00083204
1.3977,0.00083173
1.3985,0.00083118
1.3988,0.00083093
1.3991,0.00083077
1.3993,0.00083057
1.4003,0.00082987
1.4006,0.00082969
1.4009,0.00082946
1.4014,0.00082915
1.4018,0.00082886
1.402,0.00082873
1.4022,0.00082855
1.4027,0.00082822
1.403,0.00082801
1.4036,0.00082763
1.404,0.00082729
1.4043,0.00082708
1.4049,0.00082667
1.4052,0.00082647
1.4053,0.00082639
1.4059,0.00082595
1.407,0.0008252
1.4071,0.00082512
1.4074,0.00082492
1.4084,0.0008242
1.409,0.00082381
1.4093,0.0008236
1.4096,0.00082337
1.4097,0.00082335
1.4099,0.00082317
1.4102,0.00082299
1.4106,0.00082265
1.4111,0.00082234
1.4115,0.00082203
1.4124,0.00082144
1.4126,0.00082128
1.4129,0.00082108
1.4135,0.00082067
1.414,0.00082028
1.4143,0.00082005
1.4149,0.00081964
1.4152,0.00081946
1.4155,0.00081925
1.416,0.00081886
1.4162,0.00081874
1.4163,0.00081863
1.4166,0.00081843
1.4172,0.00081801
1.4177,0.00081771
1.4184,0.00081719
1.4185,0.00081709
1.4188,0.00081691
1.4193,0.00081657
1.4194,0.00081647
1.4195,0.00081639
1.4203,0.00081585
1.4211,0.00081526
1.4213,0.00081511
1.4217,0.00081483
1.4228,0.00081411
1.4232,0.0008138
1.4233,0.00081369
1.4234,0.00081362
1.424,0.00081326
1.4242,0.00081308
1.4245,0.00081285
1.4249,0.00081256
1.4254,0.00081223
1.426,0.00081182
1.4268,0.00081123
1.4275,0.00081071
1.4277,0.00081061
1.428,0.00081038
1.4287,0.00080992
1.4292,0.00080951
1.4296,0.00080928
1.43,0.00080894
1.4306,0.00080853
1.431,0.00080825
1.4314,0.00080794
1.4321,0.00080746
1.4323,0.0008073
1.4326,0.00080715
1.4329,0.00080692
1.4336,0.0008064
1.4338,0.00080628
1.435,0.00080538
1.4355,0.00080507
1.4358,0.00080487
1.4367,0.00080423
1.4368,0.00080415
1.4372,0.00080387
1.4377,0.00080346
1.438,0.00080326
1.4384,0.000803
1.4386,0.00080282
1.4389,0.00080264
1.4396,0.00080213
1.4402,0.00080172
1.4409,0.00080118
1.4413,0.00080095
1.4414,0.00080088
1.4418,0.00080057
1.4419,0.00080047
1.4427,0.00079996
1.4437,0.00079924
1.4441,0.00079896
1.4449,0.00079835
1.4451,0.00079822
1.4454,0.00079802
1.4458,0.00079771
1.4461,0.00079753
1.4464,0.00079728
1.4467,0.0007971
1.4471,0.00079679
1.4476,0.00079641
1.448,0.00079618
1.449,0.00079547
1.4495,0.00079506
1.4501,0.00079465
1.4504,0.00079442
1.4508,0.00079414
1.4516,0.00079361
1.4521,0.0007932
1.4524,0.000793
1.4527,0.00079282
1.4528,0.00079272
1.4538,0.00079198
1.4541,0.00079178
1.4547,0.00079137
1.455,0.00079112
1.4556,0.00079071
1.456,0.00079041
1.4565,0.00079008
1.4577,0.00078919
1.4579,0.00078909
1.4581,0.00078893
1.4592,0.00078812
1.4595,0.00078795
1.4598,0.00078772
1.4602,0.00078744
1.4606,0.00078713
1.4607,0.00078703
1.4613,0.00078665
1.4615,0.0007865
1.4623,0.00078592
1.4629,0.00078551
1.4635,0.00078508
1.4641,0.00078463
1.4644,0.0007844
1.4646,0.00078427
1.4657,0.00078349
1.4662,0.00078311
1.4665,0.00078288
1.4667,0.00078278
1.4671,0.00078248
1.4676,0.0007821
1.4683,0.00078165
1.4688,0.00078127
1.4691,0.00078104
1.4694,0.00078084
1.47,0.00078044
1.4703,0.00078016
1.4716,0.00077923
1.4721,0.00077887
1.4722,0.00077882
1.4733,0.00077804
1.4737,0.00077774
1.4741,0.00077744
1.4745,0.00077714
1.475,0.00077681
1.4753,0.00077661
1.4758,0.00077623
1.4766,0.00077566
1.4768,0.00077553
1.4776,0.00077493
1.4784,0.0007744
1.4786,0.00077425
1.4792,0.0007738
1.4803,0.00077305
1.4804,0.00077292
1.4808,0.00077262
1.4809,0.00077255
1.4814,0.00077222
1.482,0.0007718
1.4826,0.00077135
1.4832,0.00077095
1.4834,0.0007708
1.4842,0.00077022
1.4844,0.00077005
1.4853,0.0007694
1.486,0.00076892
1.4864,0.00076862
1.4867,0.0007684
1.4878,0.0007676
1.4881,0.00076743
1.4884,0.00076723
1.4888,0.00076693
1.4892,0.00076665
1.4893,0.00076655
1.4895,0.00076643
1.4904,0.00076573
1.4909,0.00076541
1.4917,0.00076484
1.492,0.00076464
1.4926,0.00076416
1.493,0.00076387
1.4943,0.00076295
1.4944,0.00076287
1.4947,0.00076265
1.4953,0.00076228
1.4955,0.00076208
1.4959,0.00076183
1.4964,0.00076148
1.497,0.00076104
1.4973,0.00076084
1.4977,0.00076049
1.4981,0.00076027
1.4989,0.00075968
1.4997,0.00075911
1.5002,0.00075871
1.5008,0.00075827
1.5012,0.000758
1.5025,0.00075711
1.5029,0.00075681
1.5031,0.00075664
1.5033,0.00075649
1.5038,0.00075612
1.5047,0.00075553
1.5053,0.00075504
1.5059,0.00075467
1.5066,0.00075418
1.5069,0.00075393
1.5082,0.00075297
1.5086,0.00075268
1.5088,0.00075258
1.5096,0.00075196
1.5099,0.00075177
1.5103,0.00075152
1.5113,0.00075074
1.5117,0.00075052
1.5121,0.0007502
1.513,0.00074956
1.5134,0.00074927
1.5142,0.00074866
1.5149,0.00074817
1.5152,0.000748
1.5165,0.00074707
1.517,0.0007467
1.5174,0.00074644
1.5177,0.00074622
1.5182,0.00074583
1.5189,0.00074534
1.5197,0.00074475
1.52,0.00074453
1.5207,0.00074407
1.5212,0.00074371
1.5227,0.00074264
1.523,0.00074242
1.5234,0.00074213
1.524,0.00074167
1.5243,0.00074147
1.5246,0.00074123
1.5251,0.00074089
1.5257,0.00074046
1.5258,0.00074038
1.5265,0.00073992
1.5273,0.00073929
1.5283,0.00073857
1.5292,0.00073797
1.5295,0.00073775
1.5311,0.00073661
1.5314,0.00073642
1.5316,0.00073623
1.532,0.00073594
1.5326,0.00073555
1.5332,0.00073507
1.5339,0.00073459
1.5342,0.00073442
1.535,0.00073382
1.5354,0.00073351
1.5368,0.00073255
1.5372,0.00073221
1.5375,0.000732
1.5385,0.00073135
1.5387,0.00073121
1.5392,0.00073082
1.5395,0.00073059
1.54,0.00073027
1.5401,0.00073018
1.5413,0.00072934
1.5417,0.00072903
1.5425,0.00072846
1.5435,0.00072779
1.5438,0.00072753
1.5452,0.00072655
1.5454,0.00072639
1.5457,0.00072617
1.546,0.00072598
1.5465,0.00072562
1.5473,0.00072503
1.548,0.00072455
1.5483,0.00072434
1.5493,0.00072361
1.5497,0.00072334
1.5509,0.00072249
1.5515,0.00072207
1.5517,0.0007219
1.5528,0.00072112
1.553,0.00072098
1.5534,0.00072069
1.5538,0.00072041
1.5544,0.00072001
1.5552,0.00071947
1.556,0.00071888
1.5565,0.00071853
1.557,0.00071815
1.5577,0.00071765
1.5593,0.00071653
1.5596,0.00071634
1.56,0.00071603
1.5604,0.00071577
1.5608,0.00071547
1.5616,0.00071493
1.5621,0.00071456
1.5625,0.0007143
1.5637,0.00071343
1.564,0.00071322
1.565,0.00071247
1.5659,0.00071184
1.5672,0.00071094
1.5674,0.0007108
1.5677,0.00071056
1.5682,0.00071024
1.5687,0.00070989
1.5695,0.00070931
1.5703,0.00070877
1.5708,0.0007084
1.5719,0.00070763
1.5725,0.00070722
1.5737,0.00070634
1.5742,0.00070601
1.5745,0.0007058
1.5751,0.00070537
1.5757,0.00070497
1.5763,0.00070451
1.5771,0.00070396
1.578,0.00070331
1.5791,0.00070257
1.58,0.00070191
1.5802,0.00070175
1.5816,0.00070083
1.5818,0.00070067
1.5821,0.00070044
1.5826,0.00070012
1.5832,0.0006997
1.5839,0.00069915
1.5847,0.0006986
1.5857,0.00069792
1.5863,0.00069753
1.588,0.00069627
1.5884,0.00069605
1.5889,0.0006957
1.5894,0.00069532
1.59,0.00069488
1.5908,0.00069436
1.5915,0.00069388
1.5924,0.00069325
1.5934,0.00069252
1.5943,0.00069189
1.5959,0.0006908
1.596,0.00069073
1.5962,0.0006906
1.5966,0.00069026
1.5973,0.00068981
1.5982,0.0006892
1.5988,0.00068873
1.6,0.00068789
1.6005,0.00068756
1.6023,0.0006863
1.6026,0.00068614
1.6032,0.00068567
1.6037,0.00068533
1.6043,0.00068495
1.605,0.00068441
1.6058,0.00068388
1.6067,0.00068325
1.6077,0.00068254
1.6085,0.00068198
1.6102,0.00068085
1.6103,0.00068073
1.6105,0.0006806
1.6113,0.00068007
1.6119,0.00067967
1.6126,0.00067918
1.6134,0.0006786
1.6145,0.00067785
1.6155,0.00067719
1.6167,0.00067635
1.6176,0.00067571
1.618,0.00067542
1.6185,0.00067509
1.6194,0.00067447
1.6202,0.00067394
1.6211,0.00067333
1.6221,0.00067263
1.6232,0.00067184
1.6247,0.00067085
1.6247,0.00067081
1.6252,0.00067046
1.6259,0.00067
1.6266,0.0006695
1.6274,0.00066895
1.6287,0.00066806
1.6298,0.00066732
1.631,0.00066649
1.632,0.00066582
1.6323,0.00066558
1.6327,0.0006653
1.6338,0.00066461
1.6345,0.00066409
1.6354,0.00066348
1.6371,0.00066234
1.6388,0.00066115
1.639,0.000661
1.6393,0.00066083
1.64,0.00066032
1.6406,0.00065993
1.6417,0.00065918
1.6431,0.00065826
1.6441,0.00065753
1.6453,0.00065672
1.6464,0.00065602
1.6466,0.00065582
1.6475,0.00065525
1.6481,0.00065482
1.6497,0.00065378
1.6508,0.00065304
1.6519,0.00065228
1.6534,0.00065124
1.6537,0.00065107
1.6544,0.00065057
1.655,0.00065019
1.656,0.00064949
1.6574,0.00064854
1.6585,0.00064783
1.6606,0.00064638
1.661,0.00064615
1.6614,0.00064588
1.6624,0.00064519
1.6632,0.00064463
1.6641,0.00064404
1.6662,0.00064263
1.6678,0.00064157
1.668,0.0006414
1.6688,0.00064091
1.6693,0.00064053
1.6703,0.00063989
1.6717,0.00063892
1.674,0.00063744
1.6751,0.00063668
1.6754,0.00063651
1.6762,0.00063594
1.6768,0.00063553
1.6784,0.00063446
1.6805,0.00063307
1.6822,0.00063199
1.6824,0.00063183
1.6831,0.00063136
1.6837,0.00063097
1.6852,0.00063
1.6871,0.0006287
1.6894,0.00062723
1.6896,0.00062709
1.6901,0.00062674
1.6912,0.00062602
1.6928,0.00062497
1.6949,0.00062361
1.6965,0.00062251
1.6968,0.00062235
1.6975,0.00062187
1.6987,0.00062107
1.7004,0.00061996
1.7026,0.00061853
1.7039,0.00061772
1.7045,0.00061732
1.7056,0.00061661
1.7071,0.00061559
1.7092,0.00061425
1.711,0.00061309
1.7115,0.00061278
1.7124,0.00061215
1.7139,0.00061121
1.7158,0.00060996
1.7182,0.00060839
1.7188,0.000608
1.7199,0.00060731
1.7215,0.0006063
1.7253,0.00060385
1.7255,0.0006037
1.7263,0.00060324
1.7275,0.00060247
1.7291,0.0006014
1.7326,0.00059917
1.7332,0.00059879
1.7343,0.0005981
1.7358,0.00059712
1.7397,0.00059464
1.7402,0.00059434
1.7412,0.00059374
1.7426,0.00059284
1.747,0.00059005
1.7476,0.00058968
1.7487,0.00058901
1.7541,0.00058562
1.7543,0.00058547
1.755,0.00058503
1.7562,0.00058429
1.7614,0.00058105
1.762,0.00058068
1.763,0.00058003
1.7685,0.00057663
1.769,0.00057634
1.7699,0.00057576
1.7757,0.00057215
1.7763,0.00057179
1.7828,0.00056783
1.783,0.00056768
1.7837,0.00056726
1.7901,0.00056337
1.7907,0.00056302
1.7972,0.00055906
1.7977,0.00055879
1.8045,0.0005547
1.8116,0.00055048
1.8118,0.00055035
1.8189,0.00054615
1.826,0.00054195
1.8403,0.0005336
