1.1374,0.00097023
1.1375,0.0009702
1.1377,0.00097017
1.1378,0.00097014
1.1381,0.00097007
1.1383,0.00097002
1.1385,0.00096997
1.1386,0.00096994
1.1387,0.00096992
1.1389,0.00096987
1.1391,0.00096984
1.1392,0.0009698
1.1394,0.00096976
1.1395,0.00096972
1.1396,0.0009697
1.1398,0.00096967
1.1401,0.00096959
1.1403,0.00096955
1.1405,0.00096951
1.1406,0.00096948
1.1407,0.00096945
1.1409,0.00096941
1.1411,0.00096936
1.1412,0.00096932
1.1413,0.0009693
1.1415,0.00096926
1.1416,0.00096922
1.1418,0.00096918
1.1419,0.00096915
1.1422,0.00096908
1.1424,0.00096902
1.1427,0.00096895
1.1429,0.0009689
1.143,0.00096887
1.1432,0.00096882
1.1435,0.00096876
1.1436,0.00096873
1.1437,0.00096869
1.1439,0.00096865
1.1441,0.00096859
1.1443,0.00096855
1.1445,0.00096849
1.1446,0.00096846
1.1448,0.00096842
1.145,0.00096837
1.1452,0.00096832
1.1454,0.00096827
1.1456,0.00096822
1.1457,0.00096817
1.1459,0.00096814
1.1461,0.00096809
1.1462,0.00096804
1.1464,0.00096801
1.1466,0.00096796
1.1467,0.00096793
1.1468,0.00096789
1.147,0.00096785
1.1472,0.00096779
1.1474,0.00096773
1.1476,0.0009677
1.1478,0.00096764
1.1479,0.00096761
1.148,0.00096757
1.1482,0.00096753
1.1485,0.00096744
1.1488,0.00096736
1.1489,0.00096734
1.149,0.00096729
1.1492,0.00096726
1.1494,0.00096721
1.1495,0.00096717
1.1497,0.00096711
1.1499,0.00096705
1.1502,0.00096699
1.1502,0.00096697
1.1503,0.00096695
1.1505,0.00096689
1.1507,0.00096685
1.1508,0.0009668
1.151,0.00096675
1.1513,0.00096666
1.1515,0.00096662
1.1516,0.00096658
1.1518,0.00096654
1.1519,0.0009665
1.152,0.00096647
1.1523,0.00096639
1.1526,0.00096632
1.1526,0.00096629
1.1527,0.00096627
1.1529,0.00096621
1.153,0.00096618
1.1533,0.00096612
1.1534,0.00096607
1.1535,0.00096604
1.1538,0.00096596
1.1539,0.00096592
1.1541,0.00096588
1.1542,0.00096583
1.1544,0.0009658
1.1545,0.00096575
1.1546,0.00096571
1.1548,0.00096567
1.1549,0.00096564
1.1551,0.00096557
1.1552,0.00096554
1.1554,0.00096548
1.1556,0.00096543
1.1558,0.00096537
1.156,0.00096533
1.1561,0.00096528
1.1563,0.00096521
1.1564,0.00096519
1.1567,0.00096512
1.1567,0.00096509
1.1571,0.00096499
1.1573,0.00096493
1.1574,0.00096489
1.1575,0.00096487
1.1577,0.00096481
1.1578,0.00096477
1.1579,0.00096474
1.1582,0.00096465
1.1584,0.00096461
1.1585,0.00096457
1.1588,0.00096446
1.159,0.00096442
1.1591,0.00096439
1.1592,0.00096437
1.1594,0.0009643
1.1595,0.00096426
1.1596,0.00096424
1.1597,0.00096421
1.1599,0.00096413
1.1602,0.00096406
1.1603,0.00096401
1.1606,0.00096393
1.1606,0.00096391
1.1609,0.00096384
1.161,0.00096379
1.1612,0.00096373
1.1614,0.00096368
1.1615,0.00096365
1.1617,0.00096358
1.1618,0.00096354
1.1619,0.00096351
1.1621,0.00096345
1.1623,0.0009634
1.1624,0.00096336
1.1626,0.0009633
1.1627,0.00096326
1.163,0.00096317
1.1631,0.00096313
1.1633,0.00096308
1.1634,0.00096303
1.1638,0.00096291
1.1639,0.00096287
1.164,0.00096285
1.1642,0.0009628
1.1643,0.00096274
1.1645,0.0009627
1.1646,0.00096266
1.1647,0.00096263
1.1648,0.0009626
1.1649,0.00096255
1.1651,0.00096248
1.1653,0.00096243
1.1654,0.0009624
1.1656,0.00096234
1.1658,0.00096228
1.166,0.0009622
1.1662,0.00096214
1.1663,0.0009621
1.1665,0.00096205
1.1667,0.00096198
1.1669,0.00096191
1.1671,0.00096185
1.1672,0.00096181
1.1674,0.00096175
1.1675,0.0009617
1.1677,0.00096165
1.1679,0.00096158
1.1682,0.00096147
1.1683,0.00096144
1.1685,0.00096138
1.1686,0.00096133
1.1688,0.00096129
1.1689,0.00096123
1.169,0.0009612
1.1691,0.00096116
1.1692,0.00096112
1.1694,0.00096106
1.1695,0.00096102
1.1698,0.00096094
1.17,0.00096086
1.1702,0.0009608
1.1703,0.00096076
1.1704,0.00096072
1.1705,0.00096068
1.1708,0.00096059
1.171,0.00096054
1.1711,0.00096049
1.1713,0.00096043
1.1715,0.00096035
1.1717,0.0009603
1.1718,0.00096026
1.1718,0.00096023
1.172,0.00096019
1.1722,0.00096011
1.1724,0.00096005
1.1725,0.00095999
1.1727,0.00095993
1.173,0.00095984
1.1731,0.00095979
1.1733,0.00095972
1.1734,0.00095968
1.1735,0.00095964
1.1739,0.00095953
1.174,0.00095948
1.1742,0.0009594
1.1743,0.00095937
1.1744,0.00095933
1.1746,0.00095926
1.1748,0.00095921
1.1749,0.00095915
1.1751,0.00095911
1.1752,0.00095904
1.1753,0.00095901
1.1755,0.00095896
1.1756,0.0009589
1.1758,0.00095882
1.176,0.00095876
1.1762,0.00095868
1.1764,0.00095864
1.1766,0.00095856
1.1767,0.00095851
1.1769,0.00095845
1.1771,0.00095838
1.1773,0.00095831
1.1774,0.00095827
1.1776,0.0009582
1.1777,0.00095814
1.1778,0.00095811
1.1781,0.00095802
1.1783,0.00095795
1.1784,0.0009579
1.1786,0.00095782
1.1787,0.00095781
1.1788,0.00095775
1.179,0.0009577
1.179,0.00095767
1.1792,0.00095762
1.1794,0.00095755
1.1795,0.0009575
1.1797,0.00095743
1.1798,0.00095737
1.1799,0.00095734
1.18,0.0009573
1.1801,0.00095726
1.1802,0.00095723
1.1804,0.00095717
1.1806,0.00095708
1.1808,0.00095701
1.181,0.00095695
1.1812,0.00095689
1.1814,0.0009568
1.1815,0.00095674
1.1817,0.00095669
1.1818,0.00095663
1.1821,0.00095653
1.1823,0.00095645
1.1826,0.00095636
1.1827,0.00095631
1.1828,0.00095625
1.183,0.0009562
1.1832,0.0009561
1.1834,0.00095605
1.1836,0.00095596
1.1838,0.0009559
1.1841,0.00095578
1.1843,0.00095572
1.1844,0.00095566
1.1845,0.00095563
1.1846,0.0009556
1.1847,0.00095555
1.1848,0.0009555
1.185,0.00095544
1.1852,0.00095536
1.1854,0.00095526
1.1855,0.00095525
1.1856,0.0009552
1.1858,0.00095511
1.186,0.00095505
1.1861,0.00095499
1.1863,0.00095492
1.1864,0.00095488
1.1865,0.00095484
1.1866,0.00095481
1.1868,0.00095475
1.1869,0.00095469
1.1871,0.00095461
1.1873,0.00095455
1.1874,0.00095452
1.1875,0.00095445
1.1876,0.00095442
1.1877,0.00095438
1.1879,0.0009543
1.1881,0.00095423
1.1883,0.00095414
1.1885,0.00095408
1.1886,0.00095404
1.1887,0.00095398
1.189,0.00095389
1.1891,0.00095382
1.1892,0.00095379
1.1894,0.00095372
1.1895,0.00095367
1.1897,0.00095361
1.1898,0.00095356
1.1899,0.00095352
1.19,0.00095348
1.1902,0.00095341
1.1903,0.00095334
1.1905,0.00095328
1.1908,0.00095318
1.1909,0.00095313
1.191,0.00095306
1.1912,0.00095299
1.1913,0.00095294
1.1915,0.00095289
1.1917,0.0009528
1.1918,0.00095275
1.1919,0.00095271
1.1922,0.00095258
1.1923,0.00095255
1.1926,0.00095244
1.1927,0.00095238
1.1929,0.00095231
1.193,0.00095227
1.1933,0.00095215
1.1934,0.0009521
1.1935,0.00095206
1.1938,0.00095194
1.1941,0.00095182
1.1943,0.00095176
1.1943,0.00095173
1.1945,0.00095167
1.1946,0.0009516
1.1948,0.00095153
1.195,0.00095145
1.1952,0.00095135
1.1954,0.00095128
1.1955,0.00095123
1.1957,0.00095116
1.1959,0.0009511
1.1959,0.00095106
1.1961,0.00095102
1.1962,0.00095098
1.1963,0.00095092
1.1964,0.00095086
1.1967,0.00095075
1.197,0.00095064
1.1971,0.00095057
1.1972,0.00095053
1.1974,0.00095044
1.1976,0.00095039
1.1978,0.0009503
1.198,0.00095022
1.1981,0.00095015
1.1984,0.00095006
1.1984,0.00095002
1.1985,0.00095001
1.1986,0.00094995
1.1988,0.00094986
1.199,0.00094981
1.1992,0.00094969
1.1994,0.00094962
1.1996,0.00094955
1.1997,0.00094948
1.1998,0.00094944
1.2,0.00094936
1.2003,0.00094926
1.2003,0.00094922
1.2005,0.00094915
1.2006,0.00094911
1.2008,0.00094904
1.2008,0.00094901
1.2009,0.00094898
1.2011,0.00094892
1.2012,0.00094886
1.2013,0.00094882
1.2015,0.00094875
1.2017,0.00094865
1.2018,0.00094858
1.2021,0.00094849
1.2023,0.0009484
1.2024,0.00094834
1.2026,0.00094826
1.2027,0.00094821
1.2028,0.00094817
1.203,0.00094809
1.2031,0.00094803
1.2033,0.00094796
1.2035,0.00094786
1.2036,0.00094782
1.2038,0.00094775
1.204,0.00094764
1.2041,0.00094759
1.2043,0.00094753
1.2044,0.00094748
1.2046,0.00094737
1.2048,0.00094732
1.2048,0.00094728
1.205,0.00094722
1.2051,0.00094717
1.2053,0.00094707
1.2055,0.00094699
1.2057,0.00094691
1.2058,0.00094687
1.206,0.00094677
1.2063,0.00094666
1.2063,0.00094662
1.2065,0.00094654
1.2068,0.00094644
1.2069,0.00094638
1.207,0.00094634
1.2071,0.00094628
1.2072,0.00094623
1.2075,0.00094613
1.2076,0.00094607
1.2078,0.00094598
1.2079,0.00094594
1.208,0.00094587
1.2082,0.00094578
1.2084,0.00094573
1.2086,0.00094563
1.2088,0.00094556
1.209,0.00094545
1.2091,0.0009454
1.2093,0.00094532
1.2094,0.00094526
1.2096,0.0009452
1.2097,0.00094514
1.2098,0.00094509
1.2099,0.00094504
1.21,0.00094498
1.2102,0.00094491
1.2104,0.00094483
1.2105,0.00094476
1.2108,0.00094464
1.2109,0.00094461
1.2111,0.00094451
1.2113,0.00094441
1.2114,0.00094437
1.2116,0.00094427
1.2117,0.00094422
1.2119,0.00094414
1.212,0.00094409
1.2121,0.00094403
1.2122,0.00094399
1.2124,0.0009439
1.2125,0.00094385
1.2128,0.00094375
1.2129,0.00094369
1.2131,0.00094359
1.2132,0.00094354
1.2135,0.00094341
1.2137,0.00094332
1.2139,0.00094323
1.214,0.00094319
1.2141,0.00094313
1.2143,0.00094303
1.2145,0.00094297
1.2146,0.0009429
1.2149,0.00094277
1.2149,0.00094276
1.215,0.00094273
1.2151,0.00094268
1.2153,0.0009426
1.2153,0.00094258
1.2154,0.00094252
1.2156,0.00094246
1.2157,0.00094238
1.2159,0.00094228
1.2162,0.00094219
1.2162,0.00094215
1.2163,0.0009421
1.2167,0.00094194
1.2168,0.00094189
1.217,0.00094181
1.2171,0.00094177
1.2172,0.00094171
1.2173,0.00094165
1.2176,0.00094153
1.2178,0.00094143
1.218,0.00094135
1.2181,0.00094128
1.2183,0.00094118
1.2185,0.0009411
1.2186,0.00094106
1.2187,0.00094099
1.2188,0.00094095
1.2189,0.0009409
1.2191,0.00094082
1.2192,0.00094076
1.2194,0.00094068
1.2196,0.00094059
1.2197,0.00094054
1.22,0.0009404
1.22,0.00094038
1.2201,0.00094034
1.2203,0.00094024
1.2204,0.0009402
1.2206,0.0009401
1.2208,0.00094003
1.2209,0.00093995
1.2211,0.00093988
1.2212,0.0009398
1.2215,0.00093968
1.2215,0.00093966
1.2218,0.00093955
1.222,0.00093945
1.2221,0.00093941
1.2222,0.00093936
1.2223,0.00093927
1.2225,0.00093919
1.2226,0.00093913
1.2228,0.00093903
1.2231,0.00093891
1.2232,0.00093887
1.2234,0.00093879
1.2234,0.00093875
1.2236,0.00093868
1.2238,0.00093858
1.224,0.0009385
1.2242,0.00093836
1.2244,0.0009383
1.2245,0.00093826
1.2247,0.00093814
1.2249,0.00093804
1.2251,0.00093797
1.2251,0.00093794
1.2253,0.00093785
1.2254,0.0009378
1.2256,0.00093773
1.2256,0.00093771
1.2257,0.00093765
1.2258,0.0009376
1.226,0.00093752
1.2261,0.00093746
1.2262,0.00093739
1.2263,0.00093735
1.2265,0.00093726
1.2267,0.00093717
1.2269,0.00093709
1.2269,0.00093705
1.2271,0.00093697
1.2274,0.00093684
1.2275,0.00093678
1.2276,0.00093672
1.2278,0.00093664
1.228,0.00093654
1.2281,0.00093649
1.2282,0.00093642
1.2284,0.00093632
1.2285,0.00093629
1.2289,0.00093612
1.229,0.00093606
1.2292,0.00093595
1.2293,0.0009359
1.2294,0.00093584
1.2296,0.00093574
1.2297,0.00093569
1.2299,0.00093558
1.2301,0.0009355
1.2302,0.00093546
1.2304,0.00093537
1.2305,0.0009353
1.2306,0.00093523
1.2308,0.00093515
1.231,0.00093507
1.2312,0.00093496
1.2314,0.00093487
1.2315,0.00093481
1.2318,0.00093467
1.2319,0.0009346
1.2321,0.00093449
1.2322,0.00093446
1.2323,0.00093441
1.2325,0.00093431
1.2327,0.0009342
1.2329,0.00093412
1.233,0.00093404
1.2332,0.00093395
1.2334,0.00093386
1.2335,0.00093379
1.2336,0.00093374
1.2338,0.00093366
1.234,0.00093356
1.2342,0.00093347
1.2344,0.00093336
1.2345,0.00093332
1.2345,0.00093328
1.2347,0.00093319
1.2348,0.00093314
1.2351,0.00093299
1.2352,0.00093295
1.2353,0.00093292
1.2354,0.00093286
1.2356,0.00093275
1.2357,0.00093268
1.2359,0.00093261
1.2361,0.00093247
1.2362,0.00093244
1.2363,0.00093239
1.2365,0.0009323
1.2367,0.00093221
1.2367,0.00093218
1.2368,0.00093213
1.237,0.00093206
1.2371,0.00093196
1.2373,0.0009319
1.2376,0.00093175
1.2377,0.00093169
1.2378,0.00093163
1.2379,0.00093158
1.2382,0.00093145
1.2383,0.00093139
1.2385,0.00093127
1.2386,0.0009312
1.2388,0.00093111
1.2391,0.00093098
1.2392,0.00093089
1.2394,0.00093081
1.2394,0.00093079
1.2396,0.00093068
1.2398,0.00093062
1.24,0.00093049
1.2402,0.0009304
1.2403,0.00093034
1.2405,0.00093026
1.2406,0.00093022
1.2407,0.00093015
1.2408,0.00093006
1.2411,0.00092991
1.2412,0.00092987
1.2413,0.00092981
1.2415,0.00092971
1.2416,0.00092965
1.2418,0.00092957
1.2419,0.00092953
1.2422,0.00092938
1.2422,0.00092934
1.2423,0.0009293
1.2425,0.0009292
1.2427,0.00092913
1.2428,0.00092904
1.243,0.00092896
1.2432,0.00092883
1.2434,0.00092874
1.2435,0.00092868
1.2437,0.0009286
1.2438,0.00092851
1.244,0.00092843
1.2441,0.00092835
1.2442,0.0009283
1.2444,0.00092821
1.2445,0.00092816
1.2448,0.00092801
1.2449,0.00092795
1.2451,0.00092783
1.2452,0.00092778
1.2453,0.00092772
1.2455,0.00092765
1.2456,0.00092756
1.2457,0.00092752
1.2458,0.00092748
1.2459,0.00092741
1.246,0.00092735
1.2462,0.00092725
1.2465,0.00092711
1.2467,0.00092702
1.2469,0.00092691
1.247,0.00092682
1.2472,0.00092673
1.2473,0.00092667
1.2474,0.00092661
1.2475,0.00092656
1.2477,0.00092646
1.2479,0.00092638
1.248,0.00092633
1.2481,0.00092624
1.2483,0.00092617
1.2484,0.00092611
1.2485,0.00092607
1.2487,0.00092594
1.2489,0.00092585
1.249,0.00092579
1.2491,0.00092572
1.2493,0.00092562
1.2495,0.00092554
1.2497,0.00092543
1.25,0.00092527
1.2501,0.00092517
1.2503,0.0009251
1.2504,0.00092505
1.2505,0.00092499
1.2506,0.00092495
1.2507,0.00092486
1.2508,0.0009248
1.251,0.0009247
1.2511,0.00092464
1.2512,0.00092462
1.2513,0.00092455
1.2515,0.00092446
1.2516,0.00092439
1.2517,0.00092433
1.2519,0.00092425
1.2522,0.00092409
1.2522,0.00092406
1.2524,0.00092397
1.2525,0.0009239
1.2527,0.00092379
1.2528,0.00092375
1.2529,0.0009237
1.253,0.00092364
1.2532,0.0009235
1.2535,0.00092339
1.2536,0.00092331
1.2538,0.0009232
1.2541,0.00092305
1.2542,0.00092297
1.2544,0.00092287
1.2546,0.00092279
1.2547,0.00092269
1.2549,0.00092263
1.255,0.00092257
1.2551,0.0009225
1.2553,0.00092238
1.2555,0.0009223
1.2556,0.00092225
1.2556,0.0009222
1.2559,0.00092205
1.256,0.00092198
1.2562,0.00092191
1.2563,0.00092185
1.2565,0.00092171
1.2566,0.00092169
1.2568,0.00092158
1.2569,0.00092153
1.2571,0.00092143
1.2572,0.00092135
1.2574,0.00092126
1.2576,0.00092115
1.2577,0.00092109
1.2579,0.00092099
1.258,0.00092088
1.2582,0.00092081
1.2583,0.00092076
1.2585,0.00092063
1.2587,0.00092052
1.2588,0.00092049
1.259,0.00092036
1.2591,0.00092032
1.2592,0.00092025
1.2594,0.00092016
1.2595,0.00092008
1.2597,0.00092
1.2597,0.00091995
1.26,0.00091982
1.2601,0.00091976
1.2603,0.00091964
1.2605,0.00091954
1.2606,0.00091949
1.2607,0.00091944
1.2608,0.00091934
1.261,0.00091925
1.2611,0.0009192
1.2613,0.00091909
1.2615,0.00091898
1.2616,0.00091891
1.2617,0.00091886
1.2619,0.00091877
1.262,0.00091867
1.2621,0.00091864
1.2622,0.00091858
1.2624,0.00091845
1.2626,0.00091834
1.2628,0.00091827
1.2629,0.00091817
1.2631,0.00091809
1.2633,0.00091799
1.2635,0.00091786
1.2636,0.00091781
1.2638,0.0009177
1.264,0.00091761
1.2641,0.00091752
1.2643,0.00091744
1.2645,0.0009173
1.2647,0.00091721
1.2648,0.00091713
1.265,0.00091701
1.2651,0.00091694
1.2653,0.00091688
1.2654,0.0009168
1.2655,0.00091672
1.2657,0.00091661
1.2659,0.00091651
1.266,0.00091644
1.2662,0.00091634
1.2664,0.00091625
1.2665,0.00091616
1.2667,0.00091606
1.2669,0.00091597
1.267,0.00091592
1.2671,0.00091583
1.2673,0.00091575
1.2674,0.00091568
1.2675,0.00091559
1.2677,0.00091551
1.2679,0.0009154
1.268,0.00091532
1.2682,0.00091524
1.2683,0.00091515
1.2685,0.00091504
1.2686,0.00091497
1.2687,0.00091491
1.2688,0.00091486
1.2689,0.00091483
1.2691,0.00091473
1.2693,0.0009146
1.2694,0.00091452
1.2696,0.0009144
1.2698,0.00091431
1.2699,0.00091426
1.27,0.0009142
1.2702,0.00091408
1.2703,0.00091402
1.2704,0.00091394
1.2706,0.00091383
1.2708,0.00091373
1.2709,0.00091369
1.2711,0.00091358
1.2712,0.00091353
1.2714,0.00091338
1.2715,0.00091333
1.2717,0.00091324
1.2718,0.00091318
1.2719,0.00091311
1.272,0.00091304
1.2721,0.00091297
1.2723,0.0009129
1.2724,0.00091281
1.2726,0.00091273
1.2728,0.0009126
1.2729,0.00091253
1.2731,0.00091241
1.2732,0.00091234
1.2734,0.00091227
1.2735,0.00091217
1.2737,0.00091207
1.2738,0.00091199
1.2741,0.00091187
1.2743,0.00091175
1.2744,0.00091165
1.2745,0.00091159
1.2748,0.00091145
1.2749,0.0009114
1.2751,0.00091128
1.2753,0.00091117
1.2754,0.00091109
1.2756,0.000911
1.2757,0.00091091
1.2759,0.00091081
1.276,0.00091076
1.276,0.00091072
1.2761,0.00091067
1.2762,0.0009106
1.2764,0.00091053
1.2766,0.00091039
1.2768,0.00091028
1.277,0.00091019
1.2771,0.0009101
1.2773,0.00090997
1.2775,0.0009099
1.2776,0.00090983
1.2777,0.00090979
1.2778,0.00090969
1.2779,0.00090962
1.2782,0.0009095
1.2783,0.00090943
1.2786,0.00090926
1.2787,0.00090919
1.2788,0.00090912
1.2789,0.00090903
1.2791,0.00090896
1.2794,0.00090874
1.2796,0.00090864
1.2798,0.00090855
1.2799,0.00090847
1.28,0.00090841
1.2802,0.0009083
1.2803,0.00090823
1.2805,0.00090811
1.2807,0.00090798
1.2809,0.0009079
1.281,0.00090784
1.2811,0.0009078
1.2812,0.00090773
1.2813,0.00090768
1.2815,0.00090756
1.2816,0.00090751
1.2818,0.00090737
1.2819,0.00090732
1.282,0.00090722
1.2821,0.00090716
1.2822,0.00090713
1.2823,0.00090708
1.2825,0.00090697
1.2828,0.0009068
1.2829,0.0009067
1.283,0.00090664
1.2832,0.00090652
1.2834,0.00090642
1.2835,0.00090633
1.2837,0.00090626
1.2839,0.00090614
1.284,0.00090604
1.2842,0.00090593
1.2844,0.00090583
1.2845,0.00090576
1.2846,0.00090568
1.2849,0.00090555
1.285,0.00090547
1.2852,0.00090535
1.2854,0.00090524
1.2856,0.00090513
1.2858,0.00090502
1.2859,0.00090494
1.2861,0.00090485
1.2861,0.00090481
1.2862,0.00090475
1.2863,0.00090468
1.2866,0.00090454
1.2868,0.00090442
1.2869,0.00090437
1.287,0.00090428
1.2871,0.0009042
1.2873,0.00090413
1.2874,0.00090404
1.2876,0.00090395
1.2877,0.00090384
1.2878,0.00090382
1.2881,0.00090365
1.2882,0.00090355
1.2883,0.0009035
1.2885,0.00090341
1.2887,0.00090329
1.2889,0.00090317
1.289,0.0009031
1.2891,0.00090302
1.2893,0.00090289
1.2894,0.00090284
1.2896,0.00090275
1.2898,0.00090264
1.29,0.00090249
1.2901,0.00090243
1.2902,0.00090235
1.2904,0.00090226
1.2905,0.00090219
1.2907,0.00090206
1.2909,0.00090197
1.291,0.0009019
1.2911,0.0009018
1.2912,0.00090175
1.2913,0.00090171
1.2915,0.00090161
1.2916,0.00090152
1.2917,0.00090144
1.2919,0.00090134
1.292,0.0009013
1.2921,0.00090122
1.2923,0.0009011
1.2924,0.00090105
1.2926,0.00090094
1.2928,0.00090081
1.293,0.00090067
1.2931,0.0009006
1.2933,0.00090052
1.2934,0.00090043
1.2935,0.00090036
1.2938,0.00090023
1.2939,0.00090014
1.294,0.00090007
1.2941,0.00090003
1.2942,0.00089994
1.2944,0.00089985
1.2946,0.00089974
1.2946,0.0008997
1.2947,0.00089965
1.2948,0.0008996
1.2951,0.00089942
1.2952,0.00089934
1.2953,0.00089927
1.2956,0.0008991
1.2958,0.00089901
1.2959,0.00089891
1.2961,0.00089881
1.2963,0.00089871
1.2964,0.00089863
1.2965,0.00089858
1.2966,0.00089851
1.2969,0.00089834
1.297,0.00089825
1.297,0.00089823
1.2972,0.00089813
1.2973,0.00089805
1.2975,0.00089796
1.2976,0.00089786
1.2978,0.00089776
1.298,0.00089766
1.2981,0.00089761
1.2982,0.00089752
1.2983,0.00089744
1.2985,0.00089737
1.2986,0.00089725
1.2988,0.00089718
1.299,0.00089706
1.299,0.00089701
1.2994,0.00089681
1.2995,0.00089674
1.2996,0.00089667
1.2998,0.00089654
1.3001,0.00089637
1.3002,0.0008963
1.3003,0.00089621
1.3005,0.00089613
1.3006,0.00089605
1.3007,0.00089598
1.3008,0.00089595
1.301,0.00089584
1.3012,0.0008957
1.3013,0.00089564
1.3014,0.00089557
1.3015,0.00089549
1.3017,0.00089535
1.3019,0.00089522
1.302,0.00089518
1.3022,0.00089505
1.3024,0.00089493
1.3026,0.00089481
1.3027,0.00089478
1.3028,0.00089472
1.3029,0.00089462
1.3031,0.00089454
1.3032,0.00089442
1.3035,0.00089429
1.3036,0.00089419
1.3037,0.00089412
1.304,0.00089396
1.3041,0.0008939
1.3043,0.00089378
1.3045,0.00089364
1.3047,0.0008935
1.3049,0.00089341
1.305,0.00089331
1.3051,0.00089325
1.3053,0.00089316
1.3054,0.00089306
1.3056,0.00089297
1.3057,0.00089292
1.3058,0.00089283
1.3059,0.00089277
1.3062,0.0008926
1.3064,0.00089248
1.3065,0.00089239
1.3068,0.00089223
1.3069,0.00089216
1.307,0.00089211
1.307,0.00089207
1.3072,0.00089196
1.3073,0.00089188
1.3076,0.00089174
1.3077,0.00089165
1.3078,0.00089157
1.3081,0.00089144
1.3083,0.00089127
1.3084,0.0008912
1.3085,0.00089115
1.3088,0.00089098
1.3089,0.0008909
1.309,0.00089085
1.3092,0.0008907
1.3094,0.00089059
1.3095,0.00089053
1.3096,0.00089046
1.3098,0.00089035
1.31,0.00089024
1.3102,0.00089009
1.3104,0.00088999
1.3105,0.00088989
1.3107,0.00088976
1.3109,0.00088964
1.3112,0.0008895
1.3113,0.00088942
1.3115,0.0008893
1.3116,0.0008892
1.3117,0.00088913
1.3118,0.00088907
1.312,0.00088897
1.3121,0.00088888
1.3123,0.00088881
1.3125,0.00088868
1.3127,0.00088853
1.3128,0.00088847
1.3129,0.00088838
1.3131,0.00088831
1.3133,0.00088816
1.3134,0.00088809
1.3135,0.00088801
1.3137,0.00088788
1.314,0.00088774
1.314,0.00088771
1.3141,0.00088764
1.3143,0.00088754
1.3145,0.00088736
1.3147,0.00088724
1.3148,0.00088719
1.315,0.00088708
1.3151,0.00088698
1.3155,0.00088679
1.3155,0.00088674
1.3156,0.00088667
1.3159,0.00088654
1.3161,0.00088639
1.3162,0.00088629
1.3163,0.00088624
1.3165,0.00088613
1.3166,0.00088607
1.3167,0.000886
1.3168,0.00088594
1.3169,0.00088585
1.3171,0.00088575
1.3172,0.00088567
1.3174,0.00088555
1.3178,0.00088533
1.3179,0.00088525
1.318,0.00088519
1.3182,0.00088504
1.3184,0.00088494
1.3185,0.00088486
1.3186,0.0008848
1.3188,0.00088469
1.319,0.00088455
1.3192,0.00088443
1.3193,0.00088436
1.3194,0.00088428
1.3196,0.00088413
1.3197,0.00088408
1.3199,0.00088395
1.32,0.0008839
1.3203,0.00088373
1.3205,0.00088355
1.3207,0.00088343
1.3209,0.00088333
1.3211,0.00088323
1.3213,0.00088308
1.3215,0.00088293
1.3216,0.00088286
1.3218,0.00088275
1.322,0.00088263
1.3222,0.0008825
1.3225,0.00088233
1.3227,0.0008822
1.3228,0.00088213
1.3229,0.00088205
1.323,0.00088196
1.3232,0.00088185
1.3232,0.00088183
1.3234,0.00088173
1.3235,0.00088163
1.3237,0.00088151
1.3239,0.0008814
1.324,0.00088135
1.3243,0.00088118
1.3244,0.00088108
1.3246,0.00088096
1.3249,0.00088079
1.3251,0.00088064
1.3253,0.00088051
1.3255,0.0008804
1.3255,0.00088036
1.3258,0.00088017
1.326,0.00088005
1.3262,0.00087995
1.3264,0.00087982
1.3266,0.00087965
1.3268,0.00087957
1.3268,0.00087954
1.327,0.00087944
1.3272,0.0008793
1.3276,0.00087904
1.3277,0.00087895
1.3278,0.00087887
1.3279,0.00087884
1.3281,0.00087872
1.3282,0.00087863
1.3283,0.00087858
1.3285,0.00087843
1.3287,0.0008783
1.329,0.00087814
1.329,0.00087809
1.3292,0.00087802
1.3295,0.00087782
1.3297,0.00087768
1.3298,0.00087761
1.3299,0.00087753
1.3301,0.00087743
1.3302,0.00087733
1.3303,0.00087728
1.3305,0.00087717
1.3308,0.00087693
1.3309,0.0008769
1.331,0.00087682
1.3312,0.0008767
1.3314,0.00087655
1.3316,0.00087642
1.3319,0.00087625
1.3321,0.00087608
1.3322,0.00087602
1.3323,0.000876
1.3325,0.00087587
1.3326,0.00087577
1.3328,0.00087567
1.3329,0.00087562
1.3331,0.00087547
1.3332,0.00087542
1.3336,0.00087516
1.3337,0.00087509
1.3337,0.00087504
1.3339,0.00087496
1.334,0.00087487
1.3343,0.00087471
1.3344,0.0008746
1.3346,0.0008745
1.3348,0.00087435
1.3349,0.00087425
1.3352,0.0008741
1.3353,0.00087403
1.3355,0.00087387
1.3357,0.00087374
1.336,0.0008736
1.3361,0.00087347
1.3364,0.00087329
1.3366,0.0008732
1.3367,0.00087312
1.3369,0.00087298
1.337,0.00087289
1.3371,0.00087283
1.3374,0.00087268
1.3374,0.00087263
1.3376,0.00087249
1.3378,0.00087239
1.338,0.00087229
1.3382,0.00087215
1.3384,0.00087198
1.3385,0.0008719
1.3389,0.00087165
1.339,0.00087161
1.3391,0.00087154
1.3393,0.00087142
1.3394,0.00087135
1.3395,0.00087126
1.3397,0.00087116
1.3399,0.00087099
1.3401,0.00087086
1.3404,0.0008707
1.3406,0.00087054
1.3407,0.00087045
1.3409,0.00087038
1.3409,0.00087033
1.3411,0.00087023
1.3413,0.00087007
1.3414,0.00087
1.3416,0.00086989
1.3417,0.00086979
1.342,0.0008696
1.3422,0.00086946
1.3424,0.00086934
1.3426,0.00086924
1.3428,0.00086908
1.3432,0.00086882
1.3434,0.0008687
1.3436,0.00086857
1.3437,0.0008685
1.3439,0.0008684
1.344,0.0008683
1.3442,0.00086819
1.3443,0.00086811
1.3444,0.00086806
1.3446,0.00086792
1.3448,0.00086777
1.345,0.00086763
1.3451,0.00086756
1.3453,0.00086743
1.3455,0.0008673
1.3458,0.0008671
1.3459,0.00086702
1.3461,0.00086695
1.3462,0.00086684
1.3464,0.00086674
1.3465,0.00086667
1.3466,0.00086656
1.347,0.00086628
1.3471,0.00086626
1.3474,0.00086605
1.3477,0.00086586
1.3479,0.00086575
1.348,0.00086565
1.3482,0.00086555
1.3483,0.00086547
1.3485,0.00086534
1.3487,0.00086519
1.3488,0.00086511
1.349,0.00086498
1.3492,0.00086485
1.3495,0.00086466
1.3497,0.00086452
1.35,0.00086435
1.3503,0.00086414
1.3504,0.00086408
1.3504,0.00086404
1.3506,0.00086392
1.3508,0.00086381
1.3509,0.00086369
1.3512,0.00086351
1.3513,0.00086343
1.3515,0.00086333
1.3517,0.00086317
1.3518,0.0008631
1.352,0.00086301
1.3521,0.00086289
1.3523,0.00086279
1.3524,0.00086269
1.3526,0.00086255
1.3528,0.00086246
1.353,0.0008623
1.3532,0.0008622
1.3534,0.00086202
1.3536,0.00086194
1.3537,0.00086185
1.3538,0.00086179
1.3541,0.00086161
1.3543,0.00086143
1.3545,0.00086128
1.3549,0.00086107
1.3549,0.00086102
1.3551,0.0008609
1.3552,0.00086085
1.3553,0.00086076
1.3555,0.00086065
1.3557,0.00086051
1.3559,0.00086036
1.3563,0.00086013
1.3565,0.00086
1.3567,0.00085982
1.3568,0.00085975
1.3571,0.00085953
1.3573,0.00085943
1.3575,0.00085931
1.3576,0.00085921
1.3577,0.00085916
1.3581,0.00085893
1.3583,0.00085875
1.3584,0.00085867
1.3587,0.0008585
1.359,0.00085831
1.3591,0.00085819
1.3593,0.00085806
1.3595,0.00085798
1.3596,0.00085788
1.3599,0.00085769
1.36,0.00085759
1.3603,0.00085744
1.3605,0.00085729
1.3606,0.00085718
1.3609,0.000857
1.3612,0.00085682
1.3614,0.00085666
1.3616,0.00085654
1.3617,0.00085646
1.3619,0.00085634
1.362,0.00085629
1.3622,0.00085614
1.3623,0.00085606
1.3625,0.00085596
1.3626,0.00085582
1.3629,0.00085563
1.3631,0.00085552
1.3633,0.00085538
1.3634,0.00085533
1.3635,0.00085523
1.3638,0.00085502
1.364,0.0008549
1.3643,0.00085471
1.3644,0.00085462
1.3647,0.00085441
1.3649,0.00085431
1.365,0.00085421
1.3652,0.0008541
1.3654,0.00085395
1.3657,0.00085378
1.3659,0.0008536
1.3661,0.00085346
1.3663,0.00085338
1.3663,0.00085333
1.3665,0.00085323
1.3666,0.00085317
1.3668,0.00085302
1.367,0.00085287
1.3672,0.00085275
1.3675,0.00085256
1.3677,0.00085242
1.3678,0.0008523
1.3681,0.00085215
1.3683,0.00085199
1.3685,0.00085182
1.3687,0.00085169
1.369,0.00085153
1.3692,0.00085138
1.3695,0.0008512
1.3696,0.00085112
1.3697,0.00085102
1.37,0.00085082
1.3702,0.00085069
1.3704,0.00085055
1.3705,0.00085048
1.3708,0.00085031
1.3709,0.00085021
1.371,0.00085014
1.3713,0.00084997
1.3715,0.00084983
1.3716,0.00084976
1.3718,0.00084958
1.372,0.00084948
1.3724,0.00084921
1.3725,0.00084912
1.3727,0.00084899
1.373,0.00084881
1.3731,0.00084873
1.3732,0.00084866
1.3733,0.00084856
1.3734,0.0008485
1.3736,0.00084837
1.3739,0.00084819
1.374,0.0008481
1.3744,0.00084783
1.3745,0.00084773
1.3748,0.00084757
1.3751,0.00084737
1.3753,0.00084719
1.3756,0.00084698
1.3758,0.00084685
1.376,0.00084671
1.3763,0.00084654
1.3765,0.00084638
1.3767,0.00084626
1.3767,0.00084623
1.377,0.00084603
1.3774,0.0008458
1.3775,0.00084572
1.3776,0.00084561
1.3778,0.00084551
1.378,0.00084536
1.3781,0.00084526
1.3785,0.00084502
1.3787,0.0008449
1.379,0.00084469
1.3792,0.00084456
1.3796,0.00084428
1.3798,0.00084412
1.3799,0.00084405
1.3801,0.00084394
1.3802,0.00084381
1.3803,0.00084377
1.3805,0.00084363
1.3806,0.00084356
1.381,0.00084332
1.3811,0.0008432
1.3814,0.000843
1.3817,0.00084283
1.3817,0.00084278
1.382,0.00084258
1.3822,0.0008425
1.3823,0.0008424
1.3825,0.00084225
1.3827,0.00084211
1.3829,0.00084196
1.3831,0.00084188
1.3832,0.00084175
1.3834,0.00084163
1.3837,0.00084142
1.3839,0.00084131
1.3841,0.00084118
1.3844,0.00084095
1.3845,0.00084088
1.3846,0.00084083
1.3847,0.00084071
1.385,0.00084056
1.3851,0.00084047
1.3854,0.00084025
1.3857,0.00084002
1.3859,0.00083994
1.3861,0.00083977
1.3863,0.00083964
1.3865,0.00083953
1.3867,0.00083933
1.3869,0.00083923
1.3871,0.00083907
1.3874,0.00083886
1.3876,0.00083877
1.3877,0.00083866
1.3879,0.00083855
1.388,0.00083846
1.3883,0.00083825
1.3885,0.00083808
1.3887,0.00083796
1.3888,0.00083788
1.389,0.00083778
1.3892,0.0008376
1.3895,0.00083741
1.3897,0.0008373
1.3899,0.00083716
1.3902,0.00083696
1.3904,0.00083678
1.3907,0.00083659
1.391,0.00083639
1.3911,0.00083634
1.3912,0.00083621
1.3914,0.0008361
1.3916,0.00083598
1.3917,0.00083588
1.3919,0.00083576
1.3922,0.00083556
1.3923,0.00083546
1.3924,0.00083538
1.3928,0.00083512
1.393,0.00083497
1.3933,0.00083482
1.3935,0.00083466
1.3937,0.00083454
1.3939,0.00083438
1.3941,0.00083422
1.3944,0.00083404
1.3946,0.00083387
1.3948,0.00083375
1.3949,0.00083365
1.3951,0.0008335
1.3953,0.00083339
1.3957,0.00083314
1.3958,0.00083304
1.3959,0.00083296
1.3961,0.00083283
1.3963,0.00083267
1.3965,0.00083258
1.3967,0.00083242
1.397,0.00083222
1.3971,0.00083211
1.3973,0.000832
1.3977,0.00083173
1.3979,0.00083159
1.3981,0.00083143
1.3983,0.00083133
1.3985,0.00083118
1.3986,0.0008311
1.3988,0.00083093
1.3991,0.00083077
1.3992,0.00083064
1.3995,0.00083043
1.3999,0.0008302
1.4001,0.00083007
1.4003,0.00082987
1.4004,0.00082981
1.4007,0.00082966
1.401,0.00082942
1.4012,0.00082924
1.4014,0.00082911
1.4018,0.00082886
1.402,0.00082875
1.4021,0.00082864
1.4023,0.00082853
1.4026,0.00082826
1.4028,0.00082816
1.403,0.00082803
1.403,0.00082798
1.4033,0.00082782
1.4036,0.00082763
1.4037,0.00082749
1.4041,0.00082725
1.4043,0.00082708
1.4045,0.00082695
1.4047,0.00082679
1.405,0.00082661
1.4052,0.00082646
1.4054,0.00082633
1.4055,0.00082623
1.4057,0.00082612
1.4059,0.00082595
1.4061,0.00082582
1.4064,0.00082565
1.4065,0.00082555
1.407,0.00082519
1.4071,0.00082512
1.4072,0.00082503
1.4074,0.00082491
1.4077,0.00082473
1.4078,0.00082463
1.4081,0.00082442
1.4084,0.00082421
1.4086,0.00082409
1.409,0.00082381
1.4092,0.00082369
1.4094,0.0008235
1.4096,0.00082337
1.4097,0.00082333
1.4099,0.00082319
1.4101,0.00082302
1.4102,0.00082298
1.4105,0.00082275
1.4107,0.00082261
1.4111,0.00082231
1.4114,0.00082215
1.4117,0.00082192
1.4118,0.00082182
1.4121,0.00082161
1.4124,0.00082144
1.4126,0.00082128
1.4127,0.00082122
1.4129,0.00082108
1.4131,0.00082091
1.4133,0.00082076
1.4136,0.00082056
1.4139,0.00082035
1.4141,0.00082024
1.4142,0.00082014
1.4143,0.00082004
1.4146,0.00081984
1.4149,0.00081964
1.415,0.00081956
1.4154,0.00081927
1.4156,0.00081916
1.4159,0.00081897
1.4162,0.00081875
1.4163,0.00081866
1.4164,0.0008186
1.4166,0.00081845
1.4168,0.00081834
1.417,0.00081819
1.4172,0.00081806
1.4173,0.00081792
1.4176,0.00081775
1.4178,0.00081758
1.4183,0.00081726
1.4184,0.00081719
1.4186,0.00081703
1.4188,0.00081691
1.4191,0.00081672
1.4193,0.00081655
1.4195,0.00081641
1.4198,0.00081623
1.4199,0.00081613
1.42,0.00081603
1.4203,0.00081587
1.4204,0.00081578
1.4206,0.00081566
1.4208,0.00081546
1.421,0.00081533
1.4212,0.00081523
1.4213,0.00081511
1.4215,0.00081497
1.4219,0.00081472
1.4222,0.00081451
1.4225,0.00081427
1.4228,0.00081411
1.4231,0.00081387
1.4233,0.00081369
1.4234,0.00081362
1.4235,0.00081355
1.4237,0.00081343
1.424,0.00081321
1.4242,0.00081308
1.4244,0.00081292
1.4246,0.00081277
1.4249,0.00081256
1.4253,0.00081227
1.4254,0.00081222
1.4257,0.00081202
1.4259,0.00081189
1.4261,0.0008117
1.4264,0.00081153
1.4267,0.00081134
1.4269,0.00081119
1.4271,0.00081104
1.4274,0.00081084
1.4275,0.00081073
1.4277,0.00081061
1.428,0.00081041
1.4281,0.00081032
1.4283,0.00081019
1.4285,0.00081006
1.4288,0.0008098
1.4292,0.00080951
1.4295,0.00080932
1.4297,0.00080919
1.43,0.00080899
1.4302,0.00080886
1.4305,0.00080863
1.4306,0.00080853
1.4308,0.00080842
1.431,0.00080825
1.4313,0.00080806
1.4314,0.00080794
1.4317,0.00080775
1.432,0.00080753
1.4322,0.0008074
1.4324,0.00080727
1.4325,0.00080719
1.4328,0.00080701
1.4331,0.00080673
1.4333,0.00080663
1.4338,0.00080628
1.434,0.00080616
1.4342,0.00080599
1.4344,0.00080586
1.4345,0.00080576
1.4346,0.00080569
1.4349,0.00080548
1.4352,0.0008053
1.4353,0.00080519
1.4356,0.000805
1.4358,0.00080484
1.4361,0.00080461
1.4365,0.00080432
1.4367,0.0008042
1.4368,0.00080415
1.437,0.00080402
1.4372,0.00080387
1.4376,0.00080356
1.4378,0.00080345
1.4379,0.00080333
1.4382,0.00080312
1.4385,0.00080294
1.4386,0.00080282
1.4389,0.00080264
1.4391,0.00080248
1.4393,0.00080235
1.4395,0.00080222
1.4396,0.00080212
1.4399,0.00080191
1.4402,0.00080171
1.4406,0.00080143
1.4409,0.0008012
1.441,0.00080113
1.4413,0.00080095
1.4414,0.00080087
1.4416,0.00080072
1.4418,0.00080055
1.4421,0.00080036
1.4423,0.00080019
1.4425,0.00080005
1.4427,0.00079992
1.443,0.00079971
1.4435,0.00079934
1.4437,0.00079924
1.4438,0.00079913
1.4441,0.00079896
1.4442,0.00079883
1.4446,0.00079854
1.4449,0.00079834
1.4451,0.00079822
1.4452,0.00079813
1.4454,0.00079798
1.4457,0.00079781
1.4459,0.00079765
1.4461,0.00079752
1.4464,0.0007973
1.4465,0.0007972
1.4467,0.00079704
1.4471,0.00079679
1.4473,0.00079667
1.4477,0.00079635
1.448,0.00079615
1.4481,0.00079609
1.4482,0.00079597
1.4484,0.00079584
1.4487,0.00079564
1.4489,0.00079551
1.4491,0.00079536
1.4495,0.00079507
1.4496,0.000795
1.45,0.00079475
1.4504,0.00079445
1.4506,0.00079432
1.4508,0.00079416
1.4511,0.00079395
1.4513,0.00079378
1.4516,0.00079358
1.4521,0.00079325
1.4522,0.00079315
1.4524,0.00079304
1.4526,0.00079284
1.4528,0.00079274
1.4529,0.00079263
1.4532,0.00079243
1.4534,0.00079231
1.4538,0.00079202
1.4539,0.00079193
1.4542,0.0007917
1.4546,0.00079142
1.4549,0.00079121
1.4551,0.00079109
1.4553,0.00079093
1.4557,0.00079063
1.4559,0.00079048
1.4561,0.00079038
1.4564,0.00079017
1.4565,0.00079004
1.4568,0.00078989
1.457,0.00078971
1.4573,0.00078953
1.4576,0.00078928
1.4578,0.00078916
1.4579,0.00078905
1.4581,0.00078893
1.4585,0.00078865
1.459,0.00078832
1.4592,0.00078814
1.4593,0.00078806
1.4595,0.00078795
1.4597,0.00078781
1.46,0.0007876
1.4602,0.00078746
1.4604,0.00078725
1.4606,0.00078713
1.4609,0.00078696
1.4611,0.00078679
1.4615,0.00078653
1.4619,0.00078623
1.462,0.00078612
1.4622,0.00078601
1.4625,0.00078581
1.4629,0.00078551
1.4629,0.00078546
1.4632,0.0007853
1.4634,0.00078513
1.4636,0.00078501
1.4638,0.00078482
1.4641,0.00078463
1.4644,0.0007844
1.4647,0.00078422
1.4649,0.00078404
1.4651,0.00078391
1.4655,0.00078365
1.4657,0.00078349
1.4661,0.00078318
1.4663,0.00078303
1.4665,0.0007829
1.4667,0.0007828
1.4669,0.00078259
1.4671,0.00078245
1.4674,0.00078229
1.4677,0.00078204
1.4679,0.00078189
1.4683,0.00078163
1.4686,0.00078138
1.469,0.00078109
1.4691,0.00078104
1.4694,0.00078083
1.4696,0.00078068
1.47,0.00078044
1.4702,0.00078025
1.4703,0.00078016
1.4705,0.00078002
1.4708,0.0007798
1.471,0.00077965
1.4714,0.00077942
1.4716,0.00077923
1.4719,0.00077904
1.4721,0.00077887
1.4724,0.00077867
1.4728,0.00077837
1.4733,0.00077806
1.4734,0.00077796
1.4737,0.00077775
1.4738,0.00077764
1.4742,0.00077738
1.4743,0.00077731
1.4747,0.00077704
1.4749,0.00077691
1.4752,0.0007767
1.4754,0.0007765
1.4758,0.00077623
1.4761,0.00077603
1.4762,0.00077595
1.4766,0.00077566
1.4768,0.00077555
1.4772,0.00077525
1.4773,0.00077514
1.4775,0.00077502
1.4778,0.0007748
1.478,0.00077465
1.4783,0.00077443
1.4786,0.00077425
1.4789,0.00077404
1.4792,0.00077384
1.4792,0.00077377
1.4796,0.00077352
1.4798,0.00077339
1.4803,0.00077304
1.4804,0.00077292
1.4807,0.00077272
1.4809,0.00077258
1.4812,0.0007724
1.4812,0.00077233
1.4815,0.00077217
1.4818,0.00077194
1.4821,0.00077173
1.4824,0.00077151
1.4829,0.00077114
1.4832,0.00077096
1.4833,0.00077083
1.4836,0.00077061
1.4839,0.00077042
1.4843,0.00077014
1.4845,0.00076996
1.4847,0.00076988
1.485,0.00076964
1.4853,0.0007694
1.4855,0.00076925
1.4859,0.00076898
1.4861,0.00076884
1.4864,0.00076867
1.4866,0.00076849
1.4869,0.00076827
1.4874,0.00076794
1.4875,0.00076782
1.4878,0.0007676
1.4881,0.00076743
1.4882,0.00076732
1.4885,0.00076709
1.4887,0.00076699
1.4889,0.00076682
1.4892,0.00076662
1.4894,0.00076649
1.4898,0.0007662
1.4901,0.00076599
1.4904,0.00076575
1.4905,0.00076573
1.4909,0.00076543
1.4911,0.00076528
1.4915,0.00076495
1.4917,0.00076483
1.4919,0.00076471
1.4922,0.00076448
1.4925,0.00076425
1.4927,0.00076414
1.4931,0.00076385
1.4933,0.00076371
1.4936,0.00076349
1.4938,0.00076331
1.4943,0.00076295
1.4945,0.00076284
1.4947,0.00076265
1.495,0.00076245
1.4953,0.00076227
1.4955,0.00076212
1.4957,0.00076197
1.4958,0.00076187
1.496,0.00076178
1.4963,0.00076152
1.4965,0.00076139
1.4969,0.00076111
1.4972,0.00076087
1.4975,0.00076069
1.4977,0.00076053
1.498,0.00076028
1.4985,0.00075992
1.4987,0.00075979
1.4989,0.00075968
1.499,0.00075957
1.4992,0.00075945
1.4996,0.00075919
1.4998,0.00075905
1.5001,0.00075879
1.5004,0.00075858
1.5008,0.00075834
1.5012,0.00075801
1.5015,0.00075779
1.5017,0.00075767
1.5021,0.0007574
1.5024,0.00075712
1.5026,0.00075701
1.5029,0.00075681
1.503,0.00075673
1.5033,0.00075652
1.5036,0.00075629
1.5038,0.00075611
1.5042,0.00075589
1.5045,0.00075565
1.5047,0.0007555
1.505,0.00075525
1.5056,0.00075488
1.5058,0.00075474
1.506,0.00075454
1.5063,0.00075439
1.5066,0.00075418
1.5068,0.000754
1.507,0.00075385
1.5073,0.00075365
1.5076,0.00075343
1.5079,0.00075319
1.5082,0.00075297
1.5085,0.00075274
1.5088,0.0007526
1.5092,0.0007523
1.5096,0.00075196
1.5097,0.0007519
1.5099,0.00075176
1.5101,0.00075166
1.5104,0.00075141
1.5107,0.00075117
1.511,0.000751
1.5114,0.00075071
1.5117,0.00075052
1.5119,0.00075034
1.5123,0.00075004
1.5128,0.00074973
1.5129,0.0007496
1.5132,0.00074939
1.5134,0.00074927
1.5136,0.00074914
1.514,0.00074887
1.5142,0.00074872
1.5143,0.00074863
1.5146,0.00074838
1.5149,0.00074817
1.5152,0.00074797
1.5158,0.00074755
1.5159,0.00074748
1.5163,0.00074719
1.5168,0.00074681
1.517,0.0007467
1.5172,0.00074658
1.5174,0.00074644
1.5178,0.00074608
1.518,0.00074594
1.5184,0.00074565
1.5186,0.00074553
1.5189,0.0007453
1.5193,0.00074506
1.5197,0.00074475
1.52,0.00074457
1.5203,0.00074433
1.5205,0.00074416
1.5208,0.00074399
1.5211,0.00074375
1.5212,0.00074368
1.5216,0.00074336
1.522,0.00074314
1.5223,0.00074287
1.5227,0.00074263
1.523,0.00074241
1.5234,0.00074213
1.5239,0.00074177
1.524,0.00074166
1.5242,0.00074156
1.5243,0.00074145
1.5246,0.00074127
1.525,0.00074099
1.5252,0.00074084
1.5256,0.00074055
1.5258,0.00074038
1.5261,0.00074018
1.5265,0.00073987
1.5269,0.00073962
1.5271,0.00073946
1.5275,0.00073914
1.5277,0.00073902
1.528,0.0007388
1.5283,0.00073861
1.5286,0.00073842
1.5289,0.00073817
1.5292,0.00073797
1.5297,0.00073762
1.5299,0.00073749
1.5301,0.0007373
1.5307,0.0007369
1.5312,0.00073656
1.5313,0.00073648
1.5315,0.00073634
1.5317,0.0007362
1.5321,0.0007359
1.5323,0.00073576
1.5326,0.00073555
1.533,0.00073528
1.5334,0.00073497
1.5339,0.00073459
1.5341,0.00073444
1.5345,0.00073417
1.5347,0.00073403
1.535,0.00073382
1.5353,0.0007336
1.5354,0.00073351
1.5357,0.00073334
1.5361,0.00073305
1.5363,0.00073287
1.5367,0.00073259
1.537,0.00073238
1.5373,0.00073221
1.5377,0.00073187
1.5382,0.00073156
1.5383,0.00073144
1.5385,0.00073135
1.5387,0.00073121
1.539,0.00073097
1.5394,0.0007307
1.5396,0.00073051
1.54,0.00073027
1.5403,0.00073001
1.5408,0.00072968
1.5411,0.00072943
1.5413,0.00072934
1.5419,0.00072893
1.5422,0.00072871
1.5424,0.00072857
1.5425,0.00072846
1.5427,0.00072833
1.5432,0.00072795
1.5435,0.00072777
1.5438,0.00072752
1.5441,0.00072731
1.5444,0.00072709
1.545,0.00072666
1.5453,0.00072646
1.5455,0.00072633
1.5457,0.00072619
1.5458,0.00072609
1.5463,0.00072575
1.5465,0.00072559
1.5467,0.0007255
1.5471,0.00072519
1.5476,0.00072484
1.548,0.00072455
1.5483,0.00072434
1.5484,0.00072426
1.549,0.00072384
1.5493,0.00072361
1.5495,0.00072351
1.5497,0.00072334
1.55,0.00072315
1.5504,0.00072282
1.5509,0.00072249
1.5512,0.00072227
1.5516,0.000722
1.5522,0.00072156
1.5525,0.00072139
1.5528,0.00072117
1.5529,0.00072106
1.5532,0.00072087
1.5536,0.00072059
1.5537,0.0007205
1.5541,0.0007202
1.5544,0.00071997
1.5549,0.00071967
1.5552,0.00071946
1.5555,0.0007192
1.556,0.00071885
1.5565,0.00071854
1.5565,0.00071851
1.5567,0.00071838
1.5571,0.00071812
1.5576,0.00071776
1.5579,0.00071755
1.5582,0.00071732
1.5586,0.00071706
1.559,0.00071678
1.5594,0.00071647
1.5596,0.00071633
1.56,0.00071605
1.5601,0.00071596
1.5606,0.00071565
1.5608,0.00071547
1.5612,0.00071518
1.5616,0.00071493
1.562,0.00071465
1.5623,0.00071439
1.5627,0.00071415
1.5632,0.00071377
1.5636,0.0007135
1.5637,0.00071343
1.564,0.00071322
1.5642,0.00071307
1.5647,0.00071268
1.5649,0.00071256
1.5654,0.00071224
1.5658,0.00071196
1.5664,0.00071153
1.5667,0.0007113
1.5671,0.000711
1.5672,0.00071091
1.5676,0.00071069
1.5678,0.00071053
1.568,0.00071035
1.5686,0.00070995
1.5689,0.00070977
1.5692,0.00070951
1.5697,0.00070917
1.5701,0.00070893
1.5706,0.00070856
1.5708,0.00070841
1.5709,0.0007083
1.5712,0.00070809
1.5717,0.00070779
1.5719,0.00070762
1.5722,0.0007074
1.5726,0.0007071
1.573,0.00070683
1.5734,0.00070654
1.5738,0.00070628
1.5743,0.00070596
1.5745,0.0007058
1.5748,0.00070558
1.5751,0.00070537
1.5754,0.00070517
1.5758,0.00070485
1.5763,0.00070451
1.5768,0.00070415
1.5771,0.00070393
1.5779,0.00070342
1.578,0.00070335
1.5783,0.00070315
1.5784,0.00070303
1.579,0.00070263
1.5791,0.00070254
1.5796,0.00070217
1.58,0.00070191
1.5805,0.00070158
1.5809,0.00070128
1.5814,0.00070094
1.5816,0.0007008
1.5819,0.00070057
1.5821,0.00070044
1.5824,0.00070025
1.5829,0.00069987
1.5831,0.00069972
1.5837,0.00069932
1.584,0.00069908
1.5846,0.00069872
1.585,0.00069842
1.5852,0.00069827
1.5854,0.00069812
1.5857,0.00069792
1.5861,0.00069764
1.5863,0.0006975
1.5869,0.00069707
1.5872,0.00069686
1.5877,0.0006965
1.5881,0.00069625
1.5887,0.00069581
1.589,0.00069562
1.5891,0.00069552
1.5895,0.00069525
1.59,0.00069488
1.5903,0.00069472
1.5908,0.00069436
1.5913,0.00069399
1.5919,0.00069358
1.5923,0.00069329
1.5925,0.00069315
1.5929,0.0006929
1.5932,0.00069265
1.5935,0.00069247
1.5941,0.00069204
1.5944,0.00069179
1.5951,0.00069132
1.5955,0.00069109
1.5959,0.00069078
1.5962,0.0006906
1.5963,0.0006905
1.5966,0.00069026
1.5971,0.00068991
1.5973,0.0006898
1.5979,0.00068941
1.5983,0.0006891
1.5988,0.00068873
1.5992,0.00068845
1.5996,0.0006882
1.5998,0.00068804
1.6002,0.00068777
1.6005,0.00068756
1.6011,0.00068713
1.6014,0.00068694
1.6022,0.00068636
1.6026,0.00068614
1.6031,0.00068577
1.6033,0.00068564
1.6035,0.00068549
1.6039,0.00068522
1.6044,0.00068486
1.6045,0.00068477
1.6052,0.0006843
1.6055,0.00068407
1.6062,0.00068358
1.6067,0.00068327
1.6068,0.00068319
1.6072,0.00068293
1.6074,0.00068277
1.6077,0.00068254
1.6083,0.00068213
1.6085,0.00068198
1.6092,0.00068153
1.6096,0.00068124
1.6103,0.00068078
1.6104,0.00068068
1.6107,0.0006805
1.6111,0.00068024
1.6115,0.00067993
1.6117,0.00067982
1.6123,0.00067935
1.6128,0.00067904
1.6134,0.0006786
1.6139,0.00067828
1.6141,0.00067815
1.6144,0.00067794
1.6148,0.00067767
1.615,0.00067749
1.6155,0.00067714
1.6161,0.00067678
1.6166,0.00067641
1.6172,0.00067596
1.6175,0.00067577
1.6177,0.00067563
1.618,0.00067541
1.6185,0.00067509
1.6188,0.00067488
1.6195,0.00067441
1.6199,0.00067409
1.6206,0.00067365
1.6211,0.00067332
1.6213,0.00067319
1.6216,0.00067297
1.622,0.00067271
1.6226,0.00067229
1.6228,0.00067212
1.6235,0.00067161
1.624,0.00067133
1.6247,0.00067085
1.6248,0.00067075
1.6251,0.00067056
1.6254,0.00067032
1.6259,0.00066997
1.6266,0.00066953
1.6269,0.00066928
1.6277,0.00066873
1.6283,0.00066838
1.6284,0.00066825
1.6287,0.00066805
1.6291,0.00066777
1.6298,0.00066732
1.6303,0.00066694
1.6308,0.0006666
1.6316,0.0006661
1.6319,0.00066591
1.6321,0.00066574
1.6324,0.00066553
1.6329,0.00066522
1.6331,0.00066504
1.6338,0.00066458
1.6345,0.00066409
1.6349,0.0006638
1.6355,0.00066343
1.6358,0.00066324
1.6361,0.000663
1.6364,0.00066279
1.637,0.0006624
1.6375,0.00066202
1.6382,0.0006616
1.6388,0.00066115
1.6391,0.00066096
1.6394,0.00066078
1.6397,0.00066053
1.6402,0.0006602
1.6408,0.00065977
1.6414,0.00065937
1.6421,0.00065894
1.6426,0.00065855
1.6429,0.00065834
1.6433,0.00065807
1.6438,0.00065778
1.6442,0.00065748
1.6449,0.00065701
1.6455,0.00065661
1.6462,0.00065611
1.6464,0.00065599
1.6466,0.00065582
1.6472,0.00065543
1.6475,0.00065525
1.6481,0.00065482
1.6489,0.00065432
1.6497,0.00065378
1.6499,0.00065363
1.6502,0.00065339
1.6506,0.00065316
1.6512,0.00065272
1.6515,0.00065251
1.6523,0.00065202
1.6531,0.00065145
1.6535,0.0006512
1.6537,0.00065107
1.6542,0.00065072
1.6546,0.00065043
1.6552,0.00065001
1.656,0.00064949
1.6568,0.00064895
1.6571,0.00064875
1.6575,0.0006485
1.6579,0.00064822
1.6584,0.00064785
1.6591,0.00064743
1.6598,0.0006469
1.6606,0.00064639
1.6607,0.00064629
1.661,0.00064613
1.6616,0.00064572
1.6622,0.00064535
1.6628,0.00064489
1.6635,0.00064441
1.6642,0.00064398
1.6645,0.00064377
1.6649,0.00064352
1.6656,0.00064304
1.6662,0.0006426
1.667,0.00064208
1.6678,0.00064157
1.6679,0.00064148
1.6683,0.0006412
1.6688,0.00064089
1.6695,0.00064042
1.6701,0.00064003
1.6708,0.00063954
1.6714,0.00063914
1.6717,0.00063892
1.6723,0.00063858
1.6728,0.00063822
1.6735,0.00063776
1.6746,0.00063702
1.675,0.00063673
1.6753,0.00063657
1.6757,0.00063626
1.6765,0.00063574
1.6772,0.00063529
1.678,0.00063476
1.6786,0.00063435
1.6789,0.00063414
1.6794,0.00063381
1.68,0.00063345
1.6806,0.00063303
1.6818,0.00063226
1.6822,0.00063195
1.6824,0.00063182
1.6829,0.00063149
1.6834,0.00063117
1.6844,0.00063053
1.6852,0.00063
1.6858,0.00062959
1.6861,0.00062939
1.6866,0.00062906
1.6871,0.0006287
1.6882,0.00062803
1.689,0.00062749
1.6894,0.00062718
1.6897,0.00062699
1.6903,0.00062659
1.691,0.00062615
1.6919,0.00062554
1.6928,0.00062495
1.6931,0.00062475
1.6936,0.00062445
1.6943,0.00062398
1.695,0.00062355
1.6961,0.00062281
1.6966,0.00062247
1.6969,0.00062226
1.6975,0.00062187
1.6982,0.00062145
1.6991,0.00062082
1.7001,0.00062015
1.7004,0.00061996
1.7009,0.00061963
1.7015,0.00061926
1.7025,0.0006186
1.7037,0.00061781
1.7039,0.00061772
1.7043,0.00061745
1.705,0.00061701
1.7059,0.00061639
1.7071,0.00061559
1.7075,0.00061534
1.708,0.00061505
1.7086,0.00061461
1.7093,0.00061416
1.7109,0.00061313
1.7111,0.00061304
1.7115,0.00061278
1.7121,0.00061234
1.7131,0.00061172
1.7145,0.0006108
1.7148,0.00061063
1.7153,0.00061031
1.7159,0.00060992
1.7173,0.00060903
1.7181,0.00060846
1.7185,0.00060824
1.7191,0.00060786
1.7199,0.00060731
1.7215,0.0006063
1.7219,0.00060604
1.7223,0.00060575
1.7231,0.00060529
1.7244,0.00060441
1.7253,0.00060384
1.7257,0.00060361
1.7263,0.00060324
1.7275,0.00060247
1.7289,0.00060155
1.7291,0.0006014
1.7297,0.00060101
1.7309,0.00060029
1.7325,0.00059926
1.7326,0.00059917
1.7332,0.00059879
1.7343,0.0005981
1.7358,0.00059712
1.7363,0.00059685
1.7369,0.00059643
1.738,0.00059571
1.7397,0.00059468
1.7399,0.00059453
1.7406,0.00059408
1.7418,0.00059333
1.7433,0.00059238
1.7437,0.00059212
1.7446,0.00059156
1.746,0.0005907
1.747,0.00059005
1.7476,0.00058968
1.7487,0.00058901
1.7505,0.00058785
1.7509,0.00058759
1.7518,0.00058704
1.7541,0.00058562
1.7543,0.00058547
1.755,0.00058503
1.7562,0.00058429
1.7578,0.00058326
1.7585,0.00058285
1.7596,0.00058216
1.7614,0.00058105
1.762,0.00058068
1.763,0.00058003
1.765,0.00057878
1.7657,0.00057838
1.7684,0.00057667
1.7687,0.00057652
1.7694,0.00057609
1.7721,0.00057443
1.7725,0.00057417
1.7733,0.00057364
1.7757,0.00057215
1.7763,0.00057179
1.7792,0.00057001
1.7797,0.00056976
1.7828,0.00056783
1.783,0.00056768
1.7837,0.00056726
1.7866,0.00056553
1.7872,0.00056514
1.7901,0.00056337
1.7907,0.00056302
1.7938,0.00056116
1.7972,0.0005591
1.7974,0.00055896
1.8008,0.00055691
1.8012,0.00055667
1.8045,0.0005547
1.808,0.00055261
1.8116,0.00055048
1.8118,0.00055035
1.8153,0.00054825
1.8189,0.00054615
1.8259,0.00054199
1.8296,0.00053986
1.8403,0.0005336
