1.8406,0.00053344
1.8424,0.00053242
1.8435,0.00053175
1.8438,0.00053158
1.845,0.0005309
1.847,0.00052972
1.852,0.00052686
1.8529,0.00052636
1.8544,0.00052553
1.8567,0.0005242
1.8593,0.00052271
1.8616,0.00052138
1.8625,0.00052089
1.8637,0.00052023
1.8663,0.00051876
1.8686,0.00051745
1.8703,0.00051647
1.8706,0.00051631
1.8727,0.00051517
1.8753,0.00051372
1.8755,0.00051356
1.8776,0.00051243
1.8799,0.00051114
1.8819,0.00051002
1.8833,0.00050923
1.8845,0.00050859
1.8856,0.00050795
1.8879,0.00050668
1.8893,0.00050589
1.8913,0.00050479
1.8939,0.00050338
1.8959,0.00050228
1.8982,0.00050103
1.8991,0.00050056
1.9016,0.00049917
1.9062,0.0004967
1.9076,0.00049593
1.9084,0.00049547
1.9099,0.0004947
1.9107,0.00049424
1.9141,0.00049241
1.9144,0.00049226
1.9161,0.00049135
1.9166,0.00049105
1.9217,0.00048834
1.9234,0.00048744
1.9262,0.00048594
1.9279,0.00048505
1.931,0.00048342
1.9343,0.00048165
1.9352,0.0004812
1.9363,0.00048062
1.9377,0.00047988
1.9411,0.00047813
1.9422,0.00047755
1.943,0.00047711
1.9441,0.00047653
1.9455,0.00047581
1.9477,0.00047465
1.9486,0.00047422
1.9511,0.00047293
1.9541,0.00047136
1.9547,0.00047107
1.9563,0.00047022
1.9577,0.00046951
1.9591,0.0004688
1.9621,0.00046724
1.963,0.00046682
1.9665,0.000465
1.9679,0.0004643
1.9709,0.00046277
1.972,0.00046221
1.974,0.00046124
1.9742,0.00046111
1.975,0.00046069
1.9767,0.00045986
1.9783,0.00045904
1.9794,0.00045849
1.9808,0.00045781
1.9811,0.00045767
1.9841,0.00045617
1.9873,0.00045454
1.9876,0.00045441
1.9884,0.000454
1.9914,0.00045252
1.9917,0.00045238
1.9949,0.00045078
1.9979,0.00044931
1.9985,0.00044904
2.0006,0.00044798
2.0014,0.00044758
2.0036,0.00044653
2.0055,0.00044561
2.0071,0.00044482
2.0087,0.00044403
2.0093,0.00044377
2.0112,0.00044286
2.0136,0.00044169
2.0157,0.00044065
2.0176,0.00043975
2.0198,0.00043872
2.0222,0.00043757
2.0251,0.00043616
2.027,0.00043527
2.0286,0.00043451
2.0294,0.00043413
2.0304,0.00043363
2.0323,0.00043274
2.0347,0.00043161
2.0368,0.00043061
2.0397,0.00042924
2.0408,0.00042874
2.0421,0.00042812
2.044,0.00042726
2.0456,0.00042652
2.0472,0.00042578
2.0485,0.00042517
2.0495,0.00042468
2.0519,0.00042358
2.0538,0.00042272
2.0556,0.00042187
2.059,0.0004203
2.0603,0.0004197
2.0611,0.00041934
2.0622,0.00041886
2.0661,0.00041707
2.0706,0.00041505
2.0726,0.0004141
2.0737,0.00041363
2.0747,0.00041316
2.0768,0.00041222
2.0776,0.00041187
2.0792,0.00041117
2.0807,0.00041047
2.082,0.00040989
2.0833,0.00040931
2.0854,0.00040839
2.0893,0.00040666
2.0901,0.00040631
2.0914,0.00040574
2.0934,0.00040483
2.0942,0.00040449
2.0958,0.0004038
2.0986,0.00040256
2.0996,0.00040211
2.1019,0.00040109
2.104,0.00040019
2.1055,0.00039952
2.1058,0.00039941
2.1079,0.00039852
2.1097,0.00039774
2.1102,0.00039752
2.112,0.00039674
2.114,0.00039586
2.115,0.00039542
2.1171,0.00039454
2.1189,0.00039377
2.1191,0.00039366
2.1212,0.00039279
2.1224,0.00039225
2.124,0.0003916
2.1263,0.00039062
2.1273,0.00039019
2.1311,0.00038858
2.1334,0.00038761
2.1352,0.00038687
2.1384,0.00038549
2.1387,0.00038538
2.1402,0.00038475
2.1422,0.0003839
2.1432,0.00038348
2.1448,0.00038285
2.1468,0.00038202
2.1483,0.00038139
2.1485,0.00038128
2.1506,0.00038045
2.1513,0.00038014
2.1536,0.00037921
2.1553,0.00037849
2.1566,0.00037797
2.1588,0.00037705
2.1629,0.00037542
2.1636,0.00037511
2.1646,0.0003747
2.1649,0.0003746
2.1666,0.00037389
2.1689,0.00037298
2.1696,0.00037268
2.1713,0.00037198
2.1723,0.00037158
2.1736,0.00037108
2.1746,0.00037068
2.1756,0.00037028
2.1783,0.00036918
2.1793,0.00036879
2.1808,0.00036819
2.1815,0.0003679
2.1845,0.00036672
2.1867,0.00036583
2.1875,0.00036554
2.1902,0.00036447
2.1914,0.00036398
2.1927,0.0003635
2.1946,0.00036272
2.1954,0.00036243
2.1964,0.00036205
2.1993,0.00036089
2.2013,0.00036013
2.2042,0.00035898
2.2052,0.0003586
2.2065,0.00035813
2.2082,0.00035747
2.2101,0.00035671
2.2109,0.00035643
2.2118,0.00035605
2.216,0.00035446
2.218,0.00035372
2.2189,0.00035335
2.2199,0.00035297
2.2219,0.00035223
2.224,0.0003514
2.2265,0.00035048
2.2279,0.00034993
2.2287,0.00034966
2.2306,0.00034893
2.2338,0.00034775
2.2352,0.00034721
2.2364,0.00034675
2.2371,0.00034648
2.2374,0.00034639
2.2381,0.00034612
2.2403,0.00034532
2.2422,0.0003446
2.2451,0.00034353
2.2458,0.00034326
2.2473,0.00034273
2.249,0.00034211
2.2511,0.00034132
2.2526,0.00034079
2.2538,0.00034035
2.2567,0.0003393
2.2576,0.00033895
2.2588,0.00033852
2.2605,0.00033791
2.2624,0.00033722
2.2641,0.00033661
2.2662,0.00033584
2.2684,0.00033506
2.27,0.00033447
2.271,0.00033412
2.2722,0.0003337
2.2739,0.0003331
2.2741,0.00033302
2.2767,0.00033209
2.2786,0.00033141
2.2798,0.00033099
2.2805,0.00033074
2.2817,0.00033032
2.2824,0.00033007
2.2841,0.00032948
2.2874,0.00032832
2.2893,0.00032766
2.2912,0.000327
2.2916,0.00032683
2.2954,0.00032552
2.2968,0.00032502
2.2982,0.00032453
2.2994,0.00032413
2.302,0.00032323
2.3032,0.00032283
2.3032,0.00032283
2.3041,0.00032251
2.3051,0.00032218
2.306,0.00032186
2.3088,0.0003209
2.31,0.0003205
2.3105,0.00032034
2.3114,0.00032002
2.3126,0.00031962
2.3142,0.00031906
2.3156,0.00031858
2.3172,0.00031803
2.3191,0.0003174
2.3219,0.00031646
2.3228,0.00031614
2.3247,0.00031552
2.3263,0.00031497
2.3282,0.00031435
2.3293,0.00031396
2.3303,0.00031365
2.3312,0.00031334
2.3338,0.00031249
2.3361,0.00031172
2.3365,0.00031157
2.3368,0.00031149
2.3395,0.00031058
2.3414,0.00030997
2.3416,0.00030989
2.343,0.00030944
2.3451,0.00030876
2.3472,0.00030808
2.349,0.00030748
2.3506,0.00030695
2.3513,0.00030673
2.3527,0.00030628
2.3543,0.00030576
2.3552,0.00030546
2.3559,0.00030524
2.3589,0.00030428
2.3623,0.00030317
2.3637,0.00030273
2.3644,0.00030251
2.369,0.00030105
2.3692,0.00030098
2.3699,0.00030076
2.371,0.0003004
2.3724,0.00029996
2.3729,0.00029982
2.3733,0.00029968
2.3747,0.00029924
2.3754,0.00029903
2.377,0.00029853
2.3779,0.00029824
2.3801,0.00029752
2.382,0.00029695
2.3833,0.00029653
2.3835,0.00029646
2.3851,0.00029596
2.3872,0.00029532
2.389,0.00029476
2.3908,0.0002942
2.3924,0.00029371
2.3944,0.00029308
2.3951,0.00029287
2.3971,0.00029225
2.3989,0.00029169
2.4014,0.00029093
2.4019,0.00029079
2.4025,0.00029059
2.4037,0.00029024
2.4052,0.00028976
2.407,0.00028922
2.4095,0.00028847
2.4097,0.0002884
2.4131,0.00028738
2.4133,0.00028731
2.4145,0.00028698
2.4151,0.00028677
2.416,0.0002865
2.418,0.0002859
2.4194,0.0002855
2.4198,0.00028536
2.4212,0.00028496
2.4234,0.0002843
2.4259,0.00028357
2.4265,0.00028337
2.4274,0.0002831
2.4285,0.00028277
2.4305,0.00028218
2.4321,0.00028172
2.4339,0.0002812
2.4345,0.000281
2.4354,0.00028074
2.4365,0.00028041
2.4381,0.00027996
2.4401,0.00027937
2.4416,0.00027892
2.4425,0.00027866
2.4436,0.00027834
2.4452,0.00027789
2.4454,0.00027783
2.4481,0.00027706
2.4498,0.00027655
2.4516,0.00027604
2.4525,0.00027579
2.4553,0.00027496
2.456,0.00027477
2.4567,0.00027458
2.4578,0.00027427
2.4587,0.00027402
2.4613,0.00027327
2.4637,0.00027258
2.4659,0.00027196
2.4663,0.00027183
2.4677,0.00027146
2.4683,0.00027127
2.4699,0.00027084
2.4718,0.00027029
2.4729,0.00026998
2.4736,0.0002698
2.4753,0.00026931
2.4769,0.00026888
2.4771,0.00026882
2.4782,0.00026851
2.4814,0.0002676
2.4823,0.00026736
2.4841,0.00026688
2.4867,0.00026616
2.4869,0.0002661
2.4875,0.00026592
2.4893,0.00026544
2.4901,0.0002652
2.491,0.00026496
2.4928,0.00026448
2.4938,0.00026419
2.4969,0.00026336
2.498,0.00026306
2.499,0.00026277
2.5006,0.00026235
2.5012,0.00026218
2.5023,0.00026189
2.5042,0.00026136
2.5055,0.00026101
2.5075,0.00026049
2.5083,0.00026025
2.5101,0.00025979
2.5109,0.00025956
2.5129,0.00025904
2.5135,0.00025887
2.5142,0.0002587
2.5163,0.00025812
2.518,0.00025766
2.5187,0.00025749
2.5204,0.00025704
2.5221,0.00025658
2.5232,0.0002563
2.5279,0.00025506
2.5283,0.00025495
2.53,0.0002545
2.5307,0.00025433
2.5322,0.00025394
2.5335,0.0002536
2.5341,0.00025344
2.5352,0.00025316
2.5367,0.00025277
2.5375,0.00025255
2.5386,0.00025227
2.539,0.00025216
2.5409,0.00025167
2.5416,0.0002515
2.5437,0.00025095
2.5454,0.00025051
2.5469,0.00025013
2.5486,0.0002497
2.5488,0.00024964
2.5494,0.00024948
2.5505,0.00024921
2.5545,0.00024818
2.5562,0.00024775
2.559,0.00024705
2.5596,0.00024689
2.5604,0.00024668
2.5621,0.00024625
2.5628,0.00024609
2.564,0.00024578
2.5661,0.00024525
2.567,0.00024504
2.568,0.00024477
2.5695,0.0002444
2.5714,0.00024393
2.5737,0.00024335
2.5741,0.00024325
2.5758,0.00024283
2.5773,0.00024247
2.5796,0.0002419
2.5804,0.00024169
2.5809,0.00024159
2.5832,0.00024102
2.5848,0.00024061
2.5859,0.00024035
2.5873,0.00024
2.5899,0.00023938
2.5915,0.00023898
2.5922,0.00023883
2.594,0.00023837
2.5949,0.00023817
2.5963,0.00023781
2.599,0.00023716
2.5999,0.00023696
2.6009,0.00023671
2.6015,0.00023656
2.6024,0.00023636
2.603,0.00023621
2.6049,0.00023576
2.6057,0.00023556
2.6065,0.00023537
2.6071,0.00023522
2.6092,0.00023472
2.6096,0.00023462
2.6121,0.00023403
2.6123,0.00023398
2.6148,0.00023339
2.6173,0.00023281
2.6192,0.00023237
2.6198,0.00023223
2.6204,0.00023208
2.6223,0.00023164
2.6239,0.00023126
2.6258,0.00023082
2.627,0.00023054
2.6288,0.0002301
2.6297,0.00022991
2.6319,0.00022939
2.6328,0.0002292
2.6338,0.00022896
2.634,0.00022891
2.6346,0.00022877
2.6356,0.00022853
2.6371,0.0002282
2.6393,0.00022768
2.6395,0.00022764
2.6412,0.00022726
2.642,0.00022707
2.6438,0.00022665
2.6455,0.00022628
2.6461,0.00022614
2.6469,0.00022595
2.6485,0.00022558
2.6494,0.0002254
2.652,0.00022479
2.6524,0.0002247
2.6534,0.00022447
2.6553,0.00022406
2.6567,0.00022374
2.6583,0.00022337
2.6585,0.00022333
2.6622,0.00022251
2.6634,0.00022223
2.6646,0.00022196
2.665,0.00022187
2.6656,0.00022174
2.6665,0.00022156
2.6681,0.0002212
2.6699,0.00022079
2.6719,0.00022034
2.6731,0.00022008
2.6738,0.00021994
2.6754,0.00021959
2.6762,0.00021941
2.678,0.00021901
2.6792,0.00021874
2.681,0.00021835
2.6812,0.0002183
2.6835,0.00021782
2.6845,0.0002176
2.6851,0.00021747
2.6875,0.00021694
2.6893,0.00021655
2.6923,0.0002159
2.6931,0.00021573
2.6939,0.00021555
2.6955,0.00021521
2.6973,0.00021482
2.6979,0.00021469
2.6979,0.00021469
2.6989,0.00021448
2.7001,0.00021422
2.7009,0.00021405
2.7027,0.00021367
2.7043,0.00021332
2.7049,0.0002132
2.7069,0.00021277
2.7075,0.00021265
2.7091,0.00021231
2.7101,0.0002121
2.7115,0.0002118
2.7129,0.00021151
2.7155,0.00021097
2.7163,0.0002108
2.7181,0.00021042
2.7195,0.00021013
2.7211,0.0002098
2.7227,0.00020947
2.7229,0.00020943
2.7243,0.00020914
2.7259,0.00020881
2.7265,0.00020869
2.7283,0.00020832
2.7298,0.00020799
2.7308,0.00020779
2.7314,0.00020767
2.7338,0.00020718
2.7362,0.00020669
2.7368,0.00020657
2.7372,0.00020649
2.7384,0.00020625
2.7391,0.00020609
2.7423,0.00020544
2.7433,0.00020524
2.7441,0.00020508
2.7451,0.00020488
2.7466,0.00020457
2.7478,0.00020433
2.7486,0.00020417
2.7504,0.00020381
2.752,0.0002035
2.7529,0.0002033
2.7549,0.00020291
2.7557,0.00020275
2.7575,0.0002024
2.759,0.00020208
2.7592,0.00020204
2.762,0.0002015
2.7637,0.00020115
2.7643,0.00020103
2.7653,0.00020084
2.7661,0.00020069
2.7674,0.00020042
2.7684,0.00020022
2.7692,0.00020007
2.7702,0.00019988
2.7708,0.00019976
2.7737,0.00019919
2.7749,0.00019896
2.776,0.00019873
2.7768,0.00019858
2.7793,0.00019809
2.7801,0.00019794
2.7809,0.00019779
2.7827,0.00019745
2.7832,0.00019733
2.7848,0.00019703
2.7863,0.00019673
2.7873,0.00019655
2.7889,0.00019625
2.7916,0.00019573
2.792,0.00019565
2.7931,0.00019543
2.7933,0.00019539
2.7951,0.00019506
2.7964,0.0001948
2.7966,0.00019477
2.7978,0.00019455
2.7988,0.00019436
2.7993,0.00019425
2.8013,0.00019389
2.8017,0.00019381
2.8034,0.00019348
2.8042,0.00019334
2.8059,0.00019301
2.8088,0.00019247
2.8103,0.00019218
2.8105,0.00019214
2.8111,0.00019204
2.8121,0.00019186
2.8132,0.00019164
2.8157,0.00019117
2.8167,0.000191
2.8173,0.00019089
2.8196,0.00019046
2.8203,0.00019032
2.8226,0.00018989
2.8242,0.00018961
2.8249,0.00018947
2.8263,0.00018922
2.828,0.00018891
2.8289,0.00018873
2.8295,0.00018863
2.8305,0.00018845
2.8311,0.00018835
2.8324,0.0001881
2.8335,0.00018789
2.8341,0.00018779
2.8362,0.00018741
2.8381,0.00018706
2.8385,0.00018699
2.8387,0.00018696
2.8402,0.00018668
2.841,0.00018654
2.8417,0.00018641
2.8427,0.00018624
2.8448,0.00018586
2.8469,0.00018548
2.8476,0.00018535
2.8486,0.00018518
2.8493,0.00018504
2.8518,0.0001846
2.8533,0.00018433
2.8547,0.00018409
2.8564,0.00018379
2.8567,0.00018372
2.8584,0.00018342
2.8607,0.00018302
2.8615,0.00018289
2.8624,0.00018272
2.8637,0.00018249
2.8653,0.00018222
2.866,0.00018209
2.8666,0.00018199
2.8688,0.00018159
2.869,0.00018156
2.8715,0.00018113
2.8726,0.00018094
2.8741,0.00018067
2.876,0.00018035
2.8775,0.00018009
2.8805,0.00017957
2.8818,0.00017934
2.8833,0.00017908
2.8841,0.00017895
2.8846,0.00017886
2.885,0.00017879
2.8861,0.0001786
2.8886,0.00017818
2.8893,0.00017806
2.8906,0.00017783
2.8929,0.00017745
2.8946,0.00017716
2.8953,0.00017704
2.8959,0.00017694
2.897,0.00017675
2.8981,0.00017656
2.8991,0.00017641
2.9015,0.000176
2.9028,0.00017578
2.9035,0.00017565
2.9045,0.0001755
2.9058,0.00017528
2.9071,0.00017506
2.9086,0.00017481
2.9102,0.00017453
2.9119,0.00017425
2.9125,0.00017416
2.9132,0.00017404
2.9138,0.00017395
2.9149,0.00017376
2.9154,0.00017367
2.9164,0.00017352
2.9177,0.0001733
2.9199,0.00017293
2.9219,0.0001726
2.9227,0.00017248
2.9236,0.00017233
2.9265,0.00017184
2.9282,0.00017157
2.9288,0.00017148
2.9295,0.00017136
2.9302,0.00017124
2.9312,0.00017109
2.9326,0.00017085
2.9341,0.00017061
2.9345,0.00017055
2.9369,0.00017016
2.9374,0.00017007
2.9385,0.0001699
2.9404,0.0001696
2.9426,0.00016925
2.9435,0.0001691
2.9442,0.00016898
2.9457,0.00016875
2.9465,0.00016863
2.9474,0.00016848
2.9487,0.00016828
2.9503,0.00016801
2.9523,0.00016769
2.9547,0.00016732
2.9553,0.00016723
2.9567,0.000167
2.9573,0.00016691
2.9576,0.00016685
2.9591,0.00016662
2.9606,0.00016639
2.9609,0.00016634
2.9617,0.00016622
2.9618,0.00016619
2.9635,0.00016594
2.964,0.00016585
2.9655,0.00016562
2.9679,0.00016525
2.969,0.00016508
2.9691,0.00016505
2.9699,0.00016494
2.9726,0.00016452
2.9733,0.0001644
2.975,0.00016415
2.9755,0.00016407
2.9764,0.00016393
2.9777,0.00016373
2.9791,0.00016351
2.9808,0.00016326
2.9813,0.00016317
2.9835,0.00016284
2.9842,0.00016273
2.9859,0.00016248
2.9871,0.00016229
2.988,0.00016215
2.9908,0.00016174
2.9917,0.0001616
2.9929,0.00016141
2.994,0.00016124
2.9955,0.00016103
2.9965,0.00016086
2.9969,0.00016081
2.9998,0.00016037
3.0009,0.00016021
3.001,0.00016018
3.0016,0.0001601
3.0018,0.00016008
3.0027,0.00015994
3.0038,0.00015978
3.0066,0.00015935
3.007,0.0001593
3.0075,0.00015922
3.0084,0.00015908
3.0111,0.00015868
3.0131,0.00015839
3.0138,0.00015828
3.0162,0.00015794
3.0188,0.00015755
3.0197,0.00015741
3.0212,0.0001572
3.0242,0.00015676
3.0242,0.00015676
3.0257,0.00015655
3.0267,0.00015639
3.0269,0.00015637
3.0274,0.00015629
3.0283,0.00015616
3.0296,0.00015598
3.0305,0.00015585
3.031,0.00015577
3.0326,0.00015554
3.0332,0.00015546
3.0342,0.00015531
3.036,0.00015505
3.0371,0.0001549
3.0385,0.00015469
3.0405,0.00015441
3.0412,0.00015431
3.0417,0.00015423
3.0446,0.00015383
3.0462,0.0001536
3.047,0.00015347
3.0481,0.00015332
3.0483,0.0001533
3.0497,0.0001531
3.0504,0.000153
3.0518,0.00015279
3.0525,0.00015269
3.0547,0.00015239
3.0568,0.0001521
3.0582,0.0001519
3.0587,0.00015182
3.0598,0.00015167
3.0603,0.0001516
3.0612,0.00015148
3.0616,0.00015143
3.0632,0.0001512
3.0644,0.00015103
3.0653,0.00015091
3.0667,0.00015071
3.0672,0.00015064
3.0683,0.00015049
3.0695,0.00015032
3.0709,0.00015013
3.0722,0.00014996
3.0725,0.00014991
3.0739,0.00014971
3.0752,0.00014954
3.0753,0.00014952
3.0764,0.00014937
3.0773,0.00014925
3.0794,0.00014896
3.0801,0.00014887
3.081,0.00014875
3.0834,0.00014841
3.085,0.0001482
3.0864,0.00014801
3.088,0.00014779
3.0897,0.00014755
3.0906,0.00014744
3.092,0.00014725
3.0927,0.00014715
3.0932,0.00014708
3.0941,0.00014696
3.0948,0.00014687
3.0962,0.00014668
3.0974,0.00014652
3.0983,0.0001464
3.0992,0.00014628
3.1009,0.00014605
3.1025,0.00014584
3.1046,0.00014556
3.1047,0.00014554
3.1058,0.0001454
3.1067,0.00014528
3.1095,0.00014491
3.1103,0.0001448
3.1115,0.00014464
3.1131,0.00014443
3.1136,0.00014436
3.1145,0.00014425
3.1164,0.000144
3.1176,0.00014384
3.1187,0.0001437
3.1197,0.00014357
3.1204,0.00014347
3.1211,0.00014338
3.1213,0.00014336
3.1228,0.00014316
3.1254,0.00014282
3.1256,0.0001428
3.1259,0.00014275
3.1266,0.00014266
3.128,0.00014248
3.1296,0.00014228
3.1316,0.00014201
3.1323,0.00014192
3.1342,0.00014168
3.1344,0.00014166
3.1365,0.00014139
3.1367,0.00014137
3.137,0.00014133
3.1391,0.00014106
3.1399,0.00014095
3.1413,0.00014077
3.1425,0.00014062
3.1427,0.0001406
3.1448,0.00014034
3.1453,0.00014027
3.1475,0.00013999
3.1487,0.00013983
3.1491,0.00013979
3.1508,0.00013957
3.1518,0.00013944
3.1523,0.00013938
3.1537,0.0001392
3.1545,0.0001391
3.1571,0.00013877
3.1585,0.0001386
3.1592,0.00013852
3.1599,0.00013843
3.1617,0.0001382
3.1628,0.00013807
3.1638,0.00013794
3.1641,0.0001379
3.1645,0.00013785
3.1652,0.00013777
3.1667,0.00013758
3.1669,0.00013756
3.1682,0.00013739
3.1693,0.00013726
3.1694,0.00013724
3.1715,0.00013699
3.1723,0.00013688
3.1735,0.00013674
3.1754,0.0001365
3.1769,0.00013632
3.1781,0.00013617
3.179,0.00013607
3.1802,0.00013592
3.181,0.00013582
3.1836,0.00013551
3.1846,0.00013538
3.1856,0.00013526
3.186,0.00013522
3.1873,0.00013505
3.1878,0.00013499
3.1892,0.00013483
3.1914,0.00013456
3.1917,0.00013452
3.1919,0.0001345
3.1933,0.00013434
3.1944,0.00013419
3.1955,0.00013407
3.1966,0.00013393
3.1973,0.00013385
3.1994,0.0001336
3.2,0.00013352
3.2014,0.00013336
3.2019,0.0001333
3.2027,0.0001332
3.2049,0.00013294
3.2061,0.0001328
3.2075,0.00013264
3.208,0.00013258
3.2081,0.00013256
3.2086,0.0001325
3.2103,0.0001323
3.2115,0.00013216
3.2117,0.00013214
3.2127,0.00013202
3.214,0.00013186
3.2155,0.00013168
3.2157,0.00013167
3.2176,0.00013145
3.2196,0.00013121
3.2211,0.00013104
3.2224,0.00013088
3.2238,0.00013072
3.2243,0.00013066
3.2251,0.00013057
3.2261,0.00013045
3.227,0.00013035
3.2283,0.0001302
3.2302,0.00012998
3.2318,0.00012979
3.233,0.00012966
3.2343,0.0001295
3.2348,0.00012944
3.2364,0.00012927
3.2375,0.00012914
3.2384,0.00012904
3.2399,0.00012887
3.2402,0.00012883
3.2404,0.00012881
3.2437,0.00012843
3.2444,0.00012836
3.2462,0.00012815
3.2477,0.00012798
3.2484,0.0001279
3.2502,0.00012769
3.2509,0.00012762
3.2519,0.00012751
3.2524,0.00012745
3.2537,0.0001273
3.2564,0.000127
3.257,0.00012693
3.2577,0.00012685
3.2582,0.0001268
3.2583,0.00012678
3.2597,0.00012663
3.2612,0.00012646
3.2622,0.00012635
3.263,0.00012626
3.2652,0.00012602
3.2668,0.00012584
3.2676,0.00012574
3.2688,0.00012562
3.2691,0.00012558
3.2705,0.00012543
3.2723,0.00012523
3.2731,0.00012514
3.2747,0.00012496
3.2771,0.00012471
3.2776,0.00012465
3.2782,0.00012458
3.2802,0.00012436
3.2809,0.00012429
3.2815,0.00012422
3.2822,0.00012415
3.2842,0.00012393
3.285,0.00012384
3.2855,0.00012379
3.2875,0.00012357
3.2886,0.00012345
3.2899,0.00012331
3.2906,0.00012323
3.2925,0.00012302
3.294,0.00012286
3.2955,0.0001227
3.296,0.00012265
3.2973,0.00012251
3.298,0.00012244
3.2993,0.0001223
3.2999,0.00012223
3.3012,0.00012209
3.3034,0.00012186
3.3039,0.00012181
3.3044,0.00012176
3.3052,0.00012167
3.3063,0.00012155
3.3089,0.00012127
3.3098,0.00012118
3.3112,0.00012103
3.3116,0.00012099
3.3125,0.00012089
3.3135,0.00012079
3.3152,0.00012062
3.3165,0.00012048
3.3178,0.00012034
3.3194,0.00012017
3.3214,0.00011997
3.322,0.0001199
3.323,0.0001198
3.3235,0.00011975
3.3253,0.00011956
3.3267,0.00011941
3.3272,0.00011936
3.3287,0.00011921
3.3295,0.00011912
3.3306,0.000119
3.3308,0.00011899
3.3308,0.00011899
3.3318,0.00011889
3.3345,0.0001186
3.3357,0.00011848
3.3365,0.0001184
3.3391,0.00011814
3.3399,0.00011805
3.3408,0.00011795
3.3423,0.0001178
3.3425,0.00011779
3.3438,0.00011766
3.3449,0.00011754
3.3481,0.00011721
3.3499,0.00011703
3.3502,0.000117
3.3512,0.0001169
3.3515,0.00011687
3.3531,0.00011671
3.3546,0.00011656
3.3551,0.00011651
3.3557,0.00011645
3.3564,0.00011638
3.358,0.00011622
3.3585,0.00011617
3.3593,0.00011609
3.3604,0.00011598
3.3615,0.00011586
3.3623,0.00011578
3.3636,0.00011566
3.3657,0.00011545
3.3662,0.0001154
3.3675,0.00011527
3.3688,0.00011514
3.3694,0.00011508
3.3705,0.00011497
3.3708,0.00011494
3.3718,0.00011484
3.3732,0.0001147
3.3747,0.00011456
3.3752,0.00011451
3.376,0.00011443
3.3771,0.00011432
3.3785,0.00011418
3.3797,0.00011407
3.3811,0.00011393
3.3816,0.00011388
3.3829,0.00011376
3.384,0.00011365
3.3854,0.00011351
3.3867,0.00011338
3.3872,0.00011334
3.3886,0.0001132
3.3888,0.00011318
3.3901,0.00011306
3.3912,0.00011295
3.3918,0.00011289
3.3939,0.00011269
3.3961,0.00011247
3.3964,0.00011244
3.3977,0.00011232
3.399,0.0001122
3.3993,0.00011217
3.4007,0.00011203
3.402,0.00011191
3.4039,0.00011173
3.4041,0.00011171
3.4045,0.00011166
3.4077,0.00011136
3.4084,0.0001113
3.4115,0.000111
3.4126,0.0001109
3.4134,0.00011082
3.4141,0.00011076
3.4153,0.00011064
3.416,0.00011058
3.4168,0.00011051
3.4196,0.00011024
3.4198,0.00011023
3.4215,0.00011006
3.4218,0.00011003
3.4229,0.00010993
3.4236,0.00010987
3.424,0.00010983
3.4248,0.00010975
3.4255,0.00010969
3.4261,0.00010963
3.4274,0.00010952
3.4286,0.0001094
3.4293,0.00010934
3.4312,0.00010917
3.4316,0.00010912
3.4319,0.00010909
3.433,0.00010899
3.4343,0.00010887
3.4348,0.00010883
3.4373,0.0001086
3.4395,0.0001084
3.4406,0.00010829
3.4425,0.00010812
3.4431,0.00010806
3.4437,0.00010801
3.4444,0.00010795
3.4458,0.00010782
3.4474,0.00010768
3.4481,0.00010761
3.4499,0.00010745
3.4519,0.00010726
3.453,0.00010716
3.4544,0.00010704
3.455,0.00010698
3.4569,0.00010681
3.4575,0.00010675
3.4583,0.00010668
3.4594,0.00010659
3.4607,0.00010647
3.4613,0.00010642
3.4621,0.00010635
3.4644,0.00010614
3.4646,0.00010612
3.4657,0.00010603
3.4669,0.00010591
3.4671,0.0001059
3.4682,0.0001058
3.4688,0.00010575
3.47,0.00010564
3.4721,0.00010546
3.4725,0.00010542
3.4733,0.00010535
3.4743,0.00010526
3.4757,0.00010514
3.4767,0.00010504
3.4771,0.00010502
3.4781,0.00010492
3.4799,0.00010477
3.4813,0.00010465
3.4837,0.00010443
3.485,0.00010432
3.487,0.00010414
3.4875,0.0001041
3.4879,0.00010406
3.4881,0.00010405
3.4887,0.000104
3.4895,0.00010393
3.4906,0.00010383
3.4912,0.00010378
3.4929,0.00010363
3.4943,0.00010351
3.4949,0.00010346
3.4957,0.00010339
3.4972,0.00010326
3.4979,0.0001032
3.4994,0.00010307
3.5005,0.00010298
3.5017,0.00010287
3.5028,0.00010278
3.5031,0.00010275
3.5042,0.00010266
3.5047,0.00010262
3.5048,0.00010261
3.506,0.0001025
3.5077,0.00010235
3.5093,0.00010222
3.5105,0.00010212
3.5116,0.00010203
3.513,0.00010191
3.5145,0.00010178
3.5153,0.00010171
3.5165,0.00010161
3.5167,0.0001016
3.5176,0.00010152
3.5184,0.00010145
3.519,0.0001014
3.5202,0.0001013
3.5208,0.00010125
3.5221,0.00010114
3.5225,0.0001011
3.5227,0.00010109
3.5241,0.00010097
3.5257,0.00010083
3.5268,0.00010074
3.527,0.00010073
3.5277,0.00010067
3.5294,0.00010053
3.5311,0.00010039
3.5319,0.00010032
3.5326,0.00010026
3.5342,0.00010013
3.5349,0.00010007
3.536,9.9978e-005
3.5372,9.9877e-005
3.538,9.9814e-005
3.5404,9.9612e-005
3.5409,9.9574e-005
3.5423,9.9461e-005
3.5434,9.9373e-005
3.5437,9.9348e-005
3.5461,9.9148e-005
3.5466,9.911e-005
3.5473,9.9048e-005
3.5484,9.896e-005
3.5498,9.8848e-005
3.5502,9.8811e-005
3.552,9.8662e-005
3.5533,9.8563e-005
3.5545,9.8464e-005
3.5546,9.8452e-005
3.5555,9.8377e-005
3.5569,9.8266e-005
3.5586,9.8131e-005
3.5587,9.8119e-005
3.5594,9.807e-005
3.5606,9.7971e-005
3.561,9.7935e-005
3.5616,9.7886e-005
3.5619,9.7861e-005
3.563,9.7776e-005
3.5642,9.7678e-005
3.5654,9.758e-005
3.5665,9.7495e-005
3.5668,9.7471e-005
3.5683,9.7349e-005
3.5685,9.7337e-005
3.5703,9.7192e-005
3.5715,9.7095e-005
3.5729,9.6986e-005
3.575,9.6818e-005
3.5753,9.6794e-005
3.5757,9.6758e-005
3.5763,9.671e-005
3.5777,9.6602e-005
3.5788,9.6518e-005
3.5789,9.6506e-005
3.5798,9.6434e-005
3.5812,9.6327e-005
3.5828,9.6195e-005
3.5837,9.6124e-005
3.586,9.5946e-005
3.5866,9.5899e-005
3.5874,9.5839e-005
3.5886,9.5745e-005
3.5896,9.5662e-005
3.5901,9.5627e-005
3.5907,9.558e-005
3.5919,9.5486e-005
3.5926,9.5427e-005
3.5934,9.5368e-005
3.5939,9.5333e-005
3.5951,9.5239e-005
3.5957,9.5192e-005
3.5969,9.5099e-005
3.5982,9.4994e-005
3.5993,9.4912e-005
3.6006,9.4807e-005
3.6011,9.4773e-005
3.6018,9.4714e-005
3.6042,9.4529e-005
3.6045,9.4506e-005
3.6054,9.4437e-005
3.6065,9.4356e-005
3.6069,9.4321e-005
3.6095,9.4125e-005
3.6113,9.3988e-005
3.6119,9.3942e-005
3.6135,9.3816e-005
3.6149,9.3713e-005
3.6155,9.3668e-005
3.6167,9.3577e-005
3.6189,9.3406e-005
3.6195,9.3361e-005
3.6198,9.3338e-005
3.6207,9.327e-005
3.621,9.3247e-005
3.6226,9.3123e-005
3.6234,9.3067e-005
3.6243,9.2999e-005
3.6244,9.2988e-005
3.6258,9.2886e-005
3.6262,9.2853e-005
3.628,9.2718e-005
3.6291,9.264e-005
3.6303,9.255e-005
3.631,9.2494e-005
3.6317,9.2438e-005
3.6332,9.2327e-005
3.6338,9.2282e-005
3.6346,9.2227e-005
3.6365,9.2083e-005
3.6377,9.1994e-005
3.6398,9.1839e-005
3.6399,9.1828e-005
3.6404,9.1795e-005
3.6413,9.1729e-005
3.6417,9.1696e-005
3.6428,9.1619e-005
3.6441,9.152e-005
3.6453,9.1432e-005
3.6471,9.1301e-005
3.6481,9.1224e-005
3.6493,9.1137e-005
3.6512,9.0995e-005
3.652,9.0941e-005
3.6524,9.0909e-005
3.6531,9.0854e-005
3.6542,9.0778e-005
3.6546,9.0746e-005
3.656,9.0649e-005
3.657,9.0573e-005
3.6583,9.0476e-005
3.6591,9.0422e-005
3.6601,9.0347e-005
3.6613,9.0261e-005
3.6623,9.0186e-005
3.6626,9.0164e-005
3.6638,9.0079e-005
3.6648,9.0004e-005
3.665,8.9993e-005
3.6659,8.9929e-005
3.667,8.9844e-005
3.6684,8.9748e-005
3.6688,8.9716e-005
3.6697,8.9652e-005
3.6718,8.9504e-005
3.6721,8.9483e-005
3.6725,8.9451e-005
3.6731,8.9409e-005
3.6743,8.9324e-005
3.6759,8.9208e-005
3.6772,8.9114e-005
3.6782,8.904e-005
3.6791,8.8977e-005
3.6807,8.8862e-005
3.6829,8.8705e-005
3.6843,8.8612e-005
3.6849,8.857e-005
3.6853,8.8539e-005
3.6862,8.8476e-005
3.6866,8.8445e-005
3.6871,8.8414e-005
3.6884,8.8321e-005
3.69,8.8207e-005
3.6906,8.8166e-005
3.6919,8.8073e-005
3.6932,8.798e-005
3.6937,8.7949e-005
3.6944,8.7898e-005
3.6948,8.7867e-005
3.6966,8.7744e-005
3.6979,8.7651e-005
3.6989,8.758e-005
3.6995,8.7539e-005
3.7007,8.7457e-005
3.7024,8.7335e-005
3.7038,8.7244e-005
3.7046,8.7183e-005
3.7049,8.7163e-005
3.7058,8.7102e-005
3.7071,8.7011e-005
3.7081,8.694e-005
3.7087,8.69e-005
3.71,8.6809e-005
3.7108,8.6759e-005
3.7112,8.6728e-005
3.7134,8.6578e-005
3.7143,8.6518e-005
3.7153,8.6448e-005
3.7166,8.6358e-005
3.7178,8.6278e-005
3.7186,8.6218e-005
3.7194,8.6168e-005
3.7205,8.6089e-005
3.7221,8.5979e-005
3.7228,8.593e-005
3.7233,8.59e-005
3.7244,8.5821e-005
3.725,8.5782e-005
3.7259,8.5722e-005
3.7268,8.5663e-005
3.7273,8.5624e-005
3.7282,8.5565e-005
3.7294,8.5486e-005
3.731,8.5378e-005
3.7321,8.53e-005
3.7329,8.5251e-005
3.735,8.5104e-005
3.7356,8.5065e-005
3.7363,8.5017e-005
3.7374,8.4949e-005
3.7385,8.4871e-005
3.7391,8.4832e-005
3.7413,8.4687e-005
3.742,8.4638e-005
3.7421,8.4629e-005
3.743,8.4571e-005
3.7443,8.4484e-005
3.7455,8.4407e-005
3.746,8.4369e-005
3.7465,8.434e-005
3.7472,8.4292e-005
3.7489,8.4177e-005
3.7502,8.409e-005
3.7507,8.4062e-005
3.7511,8.4033e-005
3.7512,8.4024e-005
3.7518,8.3985e-005
3.7525,8.3938e-005
3.7541,8.3833e-005
3.7547,8.3795e-005
3.7557,8.3728e-005
3.7564,8.3681e-005
3.7576,8.3605e-005
3.7581,8.3567e-005
3.7583,8.3558e-005
3.7597,8.3463e-005
3.7599,8.3454e-005
3.7616,8.3341e-005
3.7633,8.3228e-005
3.7638,8.3199e-005
3.7649,8.3124e-005
3.7663,8.3031e-005
3.7668,8.3002e-005
3.7684,8.29e-005
3.7686,8.2881e-005
3.7698,8.2806e-005
3.7707,8.275e-005
3.7712,8.2713e-005
3.7714,8.2704e-005
3.7744,8.2509e-005
3.7754,8.2444e-005
3.7758,8.2416e-005
3.7771,8.2333e-005
3.7783,8.2259e-005
3.7787,8.2231e-005
3.7804,8.2121e-005
3.7817,8.2038e-005
3.7827,8.1974e-005
3.7828,8.1965e-005
3.7835,8.1919e-005
3.7847,8.1846e-005
3.7868,8.1709e-005
3.787,8.17e-005
3.7874,8.1672e-005
3.7886,8.1599e-005
3.789,8.1572e-005
3.7903,8.149e-005
3.7916,8.1408e-005
3.7918,8.139e-005
3.7925,8.1345e-005
3.7938,8.1264e-005
3.7954,8.1164e-005
3.796,8.1128e-005
3.797,8.1065e-005
3.7977,8.102e-005
3.7981,8.0993e-005
3.7994,8.0912e-005
3.8005,8.084e-005
3.8007,8.0831e-005
3.8022,8.0733e-005
3.8039,8.0626e-005
3.8057,8.0519e-005
3.8062,8.0483e-005
3.8078,8.0385e-005
3.8085,8.0341e-005
3.8098,8.0261e-005
3.8109,8.019e-005
3.812,8.0119e-005
3.8125,8.0093e-005
3.8136,8.0022e-005
3.8146,7.9961e-005
3.8147,7.9952e-005
3.8155,7.9908e-005
3.8164,7.9846e-005
3.8176,7.9776e-005
3.8181,7.9741e-005
3.8189,7.9697e-005
3.8197,7.9645e-005
3.8198,7.9636e-005
3.8223,7.9487e-005
3.8232,7.9426e-005
3.8245,7.9348e-005
3.8254,7.9296e-005
3.8261,7.9253e-005
3.8282,7.9123e-005
3.8288,7.9088e-005
3.8295,7.9045e-005
3.83,7.901e-005
3.8313,7.8932e-005
3.8322,7.8881e-005
3.8329,7.8838e-005
3.8334,7.8803e-005
3.8362,7.8632e-005
3.8381,7.852e-005
3.8391,7.8461e-005
3.8396,7.8426e-005
3.8403,7.8384e-005
3.8415,7.8316e-005
3.8419,7.829e-005
3.8434,7.8197e-005
3.844,7.8163e-005
3.8441,7.8154e-005
3.846,7.8044e-005
3.8468,7.7993e-005
3.8481,7.7917e-005
3.8492,7.785e-005
3.8493,7.7841e-005
3.8503,7.7782e-005
3.8508,7.7757e-005
3.852,7.7681e-005
3.8527,7.764e-005
3.8543,7.7547e-005
3.855,7.7505e-005
3.8552,7.7489e-005
3.8561,7.7439e-005
3.8582,7.7313e-005
3.8583,7.7305e-005
3.8599,7.7213e-005
3.8603,7.7189e-005
3.8606,7.7172e-005
3.8617,7.7105e-005
3.8621,7.7081e-005
3.8632,7.7014e-005
3.8638,7.6981e-005
3.8649,7.6915e-005
3.8672,7.6783e-005
3.8688,7.6684e-005
3.8694,7.6651e-005
3.87,7.6618e-005
3.8704,7.6594e-005
3.8705,7.6586e-005
3.8709,7.6561e-005
3.8718,7.6512e-005
3.8729,7.6446e-005
3.875,7.6324e-005
3.8755,7.6291e-005
3.8767,7.6226e-005
3.8783,7.6128e-005
3.8789,7.6096e-005
3.8796,7.6055e-005
3.8807,7.599e-005
3.8818,7.5926e-005
3.8822,7.5901e-005
3.8827,7.5877e-005
3.8843,7.578e-005
3.8845,7.5772e-005
3.8856,7.5708e-005
3.8863,7.5667e-005
3.8871,7.5619e-005
3.8884,7.5547e-005
3.8889,7.5515e-005
3.8895,7.5483e-005
3.8896,7.5475e-005
3.891,7.5395e-005
3.8918,7.5347e-005
3.893,7.5283e-005
3.8934,7.5259e-005
3.8945,7.5195e-005
3.896,7.5108e-005
3.8967,7.5068e-005
3.8973,7.5036e-005
3.8989,7.4941e-005
3.8996,7.4902e-005
3.9006,7.4846e-005
3.9017,7.4783e-005
3.9021,7.4759e-005
3.9045,7.4625e-005
3.905,7.4594e-005
3.9052,7.4586e-005
3.9056,7.4563e-005
3.9082,7.4414e-005
3.9088,7.4382e-005
3.91,7.4312e-005
3.9107,7.4273e-005
3.9118,7.4211e-005
3.9133,7.4125e-005
3.9139,7.4094e-005
3.915,7.4032e-005
3.9151,7.4024e-005
3.9156,7.4001e-005
3.9162,7.3962e-005
3.9172,7.3908e-005
3.9182,7.3853e-005
3.9185,7.3838e-005
3.9216,7.3661e-005
3.9218,7.3653e-005
3.9226,7.3607e-005
3.9233,7.3568e-005
3.9243,7.3515e-005
3.9259,7.3423e-005
3.927,7.3361e-005
3.9283,7.3293e-005
3.9288,7.3262e-005
3.9306,7.3163e-005
3.9317,7.3102e-005
3.9321,7.3079e-005
3.9331,7.3026e-005
3.9338,7.2988e-005
3.9349,7.2928e-005
3.9354,7.2897e-005
3.9361,7.2859e-005
3.9375,7.2784e-005
3.9398,7.2656e-005
3.9416,7.2558e-005
3.942,7.2536e-005
3.9435,7.2453e-005
3.9441,7.2423e-005
3.9453,7.2356e-005
3.946,7.2318e-005
3.9469,7.2266e-005
3.9479,7.2214e-005
3.9485,7.2184e-005
3.949,7.2154e-005
3.9501,7.2095e-005
3.9504,7.208e-005
3.9513,7.2028e-005
3.9528,7.1947e-005
3.9534,7.1917e-005
3.9548,7.1843e-005
3.9552,7.1821e-005
3.9558,7.1784e-005
3.9567,7.174e-005
3.9579,7.1673e-005
3.9589,7.1622e-005
3.959,7.1615e-005
3.9595,7.1585e-005
3.9616,7.1475e-005
3.9617,7.1468e-005
3.9624,7.1431e-005
3.9645,7.1321e-005
3.9646,7.1314e-005
3.9657,7.1256e-005
3.9661,7.1234e-005
3.9676,7.1154e-005
3.9681,7.1125e-005
3.9694,7.1059e-005
3.97,7.1023e-005
3.971,7.0972e-005
3.9725,7.0893e-005
3.9737,7.0828e-005
3.9744,7.0792e-005
3.9747,7.0777e-005
3.9752,7.0749e-005
3.9769,7.0662e-005
3.9781,7.0598e-005
3.9786,7.0569e-005
3.9792,7.054e-005
3.9808,7.0454e-005
3.9813,7.0426e-005
3.982,7.039e-005
3.9828,7.0347e-005
3.9834,7.0318e-005
3.9835,7.0311e-005
3.9846,7.0254e-005
3.9862,7.0169e-005
3.9875,7.0105e-005
3.9877,7.0091e-005
3.9889,7.0027e-005
3.9895,6.9999e-005
3.9906,6.9942e-005
3.9918,6.9878e-005
3.9933,6.9801e-005
3.994,6.9766e-005
3.9951,6.9709e-005
3.9959,6.9667e-005
3.9969,6.9611e-005
3.9971,6.9604e-005
3.9976,6.9576e-005
4.0003,6.9436e-005
4.0007,6.9415e-005
4.0015,6.9373e-005
4.0024,6.9331e-005
4.0029,6.9304e-005
4.0041,6.9241e-005
4.0056,6.9164e-005
4.0057,6.9158e-005
4.0072,6.9081e-005
4.0079,6.9047e-005
4.008,6.904e-005
4.0088,6.8998e-005
4.0113,6.8874e-005
4.0137,6.875e-005
4.0142,6.8723e-005
4.0145,6.8709e-005
4.0149,6.8688e-005
4.0159,6.864e-005
4.0171,6.8579e-005
4.0175,6.8558e-005
4.0177,6.8544e-005
4.0186,6.8503e-005
4.0198,6.8442e-005
4.0202,6.8421e-005
4.0219,6.8333e-005
4.0223,6.8313e-005
4.0235,6.8251e-005
4.0246,6.8197e-005
4.0261,6.8123e-005
4.0264,6.8109e-005
4.0273,6.8062e-005
4.0278,6.8035e-005
4.0285,6.8001e-005
4.03,6.7927e-005
4.0315,6.7853e-005
4.0321,6.7819e-005
4.0327,6.7792e-005
4.0339,6.7732e-005
4.0352,6.7665e-005
4.0364,6.7605e-005
4.0371,6.7571e-005
4.0391,6.7471e-005
4.0395,6.7451e-005
4.04,6.7424e-005
4.0425,6.7305e-005
4.0439,6.7232e-005
4.0455,6.7152e-005
4.0461,6.7126e-005
4.0467,6.7093e-005
4.0471,6.7073e-005
4.0478,6.704e-005
4.0487,6.6994e-005
4.0493,6.6968e-005
4.0502,6.6922e-005
4.0514,6.6863e-005
4.0521,6.683e-005
4.0525,6.681e-005
4.0539,6.6738e-005
4.0545,6.6712e-005
4.0568,6.6601e-005
4.0574,6.6568e-005
4.0588,6.6503e-005
4.06,6.6445e-005
4.0609,6.6399e-005
4.061,6.6393e-005
4.0617,6.636e-005
4.0625,6.6321e-005
4.0646,6.6218e-005
4.0653,6.6186e-005
4.0663,6.6134e-005
4.0679,6.6057e-005
4.0691,6.5999e-005
4.0699,6.596e-005
4.0711,6.5902e-005
4.0727,6.5826e-005
4.0733,6.58e-005
4.0743,6.5749e-005
4.0749,6.5723e-005
4.0759,6.5672e-005
4.0766,6.5641e-005
4.0776,6.559e-005
4.0787,6.5539e-005
4.0795,6.5501e-005
4.08,6.5475e-005
4.0807,6.5444e-005
4.0816,6.5399e-005
4.0823,6.5368e-005
4.0843,6.5273e-005
4.0851,6.5235e-005
4.086,6.5191e-005
4.0872,6.5134e-005
4.0886,6.5065e-005
4.0902,6.499e-005
4.0906,6.4971e-005
4.0912,6.4946e-005
4.0927,6.4871e-005
4.0935,6.4834e-005
4.0945,6.479e-005
4.095,6.4765e-005
4.0955,6.474e-005
4.097,6.4672e-005
4.0978,6.4635e-005
4.0991,6.4572e-005
4.0999,6.4535e-005
4.1009,6.4486e-005
4.1019,6.4443e-005
4.1038,6.435e-005
4.1052,6.4288e-005
4.1054,6.4276e-005
4.1062,6.4239e-005
4.1073,6.419e-005
4.1081,6.4153e-005
4.1092,6.4098e-005
4.1098,6.4074e-005
4.1112,6.4006e-005
4.1124,6.3951e-005
4.1129,6.3927e-005
4.1135,6.3903e-005
4.1145,6.3854e-005
4.1157,6.3799e-005
4.1171,6.3732e-005
4.1181,6.369e-005
4.1188,6.3654e-005
4.1192,6.3636e-005
4.1196,6.3617e-005
4.1203,6.3587e-005
4.1208,6.3563e-005
4.1223,6.3497e-005
4.1229,6.3467e-005
4.1241,6.3412e-005
4.1255,6.3346e-005
4.1262,6.3316e-005
4.1271,6.3274e-005
4.1287,6.3202e-005
4.1301,6.3137e-005
4.1313,6.3083e-005
4.1318,6.3059e-005
4.1324,6.3035e-005
4.1335,6.2982e-005
4.1346,6.2934e-005
4.1356,6.2887e-005
4.1365,6.2845e-005
4.1381,6.2774e-005
4.1409,6.265e-005
4.1412,6.2632e-005
4.1428,6.2562e-005
4.1432,6.2544e-005
4.145,6.2462e-005
4.1454,6.2444e-005
4.146,6.2421e-005
4.1465,6.2397e-005
4.1474,6.2356e-005
4.1486,6.2304e-005
4.1495,6.2263e-005
4.15,6.224e-005
4.1503,6.2228e-005
4.1517,6.2164e-005
4.1533,6.2094e-005
4.1536,6.2077e-005
4.1548,6.2024e-005
4.1557,6.1984e-005
4.1576,6.1903e-005
4.1579,6.1885e-005
4.1585,6.1862e-005
4.1596,6.181e-005
4.1611,6.1747e-005
4.1615,6.173e-005
4.1616,6.1724e-005
4.1628,6.1672e-005
4.1641,6.1615e-005
4.1647,6.1586e-005
4.1657,6.154e-005
4.1667,6.15e-005
4.1669,6.1489e-005
4.1682,6.1432e-005
4.1694,6.138e-005
4.1704,6.1335e-005
4.1709,6.1312e-005
4.1724,6.125e-005
4.1725,6.1244e-005
4.174,6.1176e-005
4.1751,6.113e-005
4.1752,6.1125e-005
4.1782,6.0995e-005
4.1783,6.0989e-005
4.1787,6.0972e-005
4.1794,6.0944e-005
4.1801,6.091e-005
4.1813,6.086e-005
4.1814,6.0854e-005
4.1822,6.082e-005
4.1827,6.0798e-005
4.1829,6.0792e-005
4.1848,6.0708e-005
4.186,6.0658e-005
4.1869,6.0619e-005
4.1875,6.0591e-005
4.1884,6.0552e-005
4.1887,6.0541e-005
4.1896,6.0502e-005
4.1897,6.0496e-005
4.1911,6.0435e-005
4.1918,6.0407e-005
4.1927,6.0368e-005
4.1937,6.0324e-005
4.1938,6.0319e-005
4.1958,6.0236e-005
4.1968,6.0191e-005
4.1973,6.0169e-005
4.1987,6.0109e-005
4.199,6.0098e-005
4.2,6.0054e-005
4.2004,6.0037e-005
4.2031,5.9922e-005
4.2039,5.9889e-005
4.2045,5.9862e-005
4.2051,5.984e-005
4.2072,5.9747e-005
4.208,5.9714e-005
4.2083,5.9704e-005
4.2093,5.966e-005
4.2107,5.96e-005
4.2112,5.9579e-005
4.2116,5.9562e-005
4.2132,5.9497e-005
4.2143,5.9449e-005
4.2155,5.94e-005
4.2158,5.9384e-005
4.2164,5.9362e-005
4.2174,5.9319e-005
4.2185,5.9271e-005
4.2198,5.9217e-005
4.2203,5.9195e-005
4.2216,5.9142e-005
4.223,5.9083e-005
4.2239,5.9045e-005
4.2244,5.9024e-005
4.2251,5.8997e-005
4.2261,5.8955e-005
4.2276,5.8891e-005
4.2292,5.8827e-005
4.2296,5.8811e-005
4.2301,5.879e-005
4.2319,5.8715e-005
4.2328,5.8678e-005
4.2339,5.8631e-005
4.2343,5.8615e-005
4.2353,5.8573e-005
4.2362,5.8536e-005
4.2374,5.8488e-005
4.2377,5.8473e-005
4.2383,5.8452e-005
4.2394,5.8404e-005
4.2399,5.8383e-005
4.2404,5.8362e-005
4.243,5.8258e-005
4.2439,5.8221e-005
4.2445,5.8195e-005
4.245,5.8174e-005
4.2462,5.8127e-005
4.2465,5.8112e-005
4.2479,5.8054e-005
4.2486,5.8028e-005
4.2506,5.7945e-005
4.2521,5.7883e-005
4.2523,5.7878e-005
4.253,5.7847e-005
4.2537,5.7821e-005
4.2552,5.7759e-005
4.2557,5.7739e-005
4.2572,5.7677e-005
4.2577,5.7656e-005
4.2588,5.7615e-005
4.2594,5.759e-005
4.2612,5.7518e-005
4.2618,5.7492e-005
4.2623,5.7472e-005
4.2647,5.7375e-005
4.2655,5.7344e-005
4.2674,5.7268e-005
4.2689,5.7207e-005
4.2703,5.7151e-005
4.2714,5.7106e-005
4.272,5.7086e-005
4.2728,5.705e-005
4.276,5.6924e-005
4.2769,5.6889e-005
4.278,5.6844e-005
4.2785,5.6824e-005
4.2797,5.6779e-005
4.2804,5.6749e-005
4.2814,5.6709e-005
4.2817,5.6699e-005
4.2827,5.6659e-005
4.2837,5.6619e-005
4.2851,5.6564e-005
4.2865,5.6509e-005
4.2886,5.6425e-005
4.2895,5.639e-005
4.2907,5.6346e-005
4.2928,5.6262e-005
4.2936,5.6232e-005
4.2948,5.6183e-005
4.2966,5.6114e-005
4.2967,5.6109e-005
4.2971,5.6094e-005
4.2982,5.605e-005
4.2992,5.6011e-005
4.3009,5.5947e-005
4.3011,5.5937e-005
4.3023,5.5893e-005
4.3033,5.5854e-005
4.3038,5.5835e-005
4.3053,5.5777e-005
4.3068,5.5718e-005
4.3073,5.5699e-005
4.3088,5.5641e-005
4.3089,5.5636e-005
4.3107,5.5568e-005
4.3112,5.5549e-005
4.3118,5.5525e-005
4.3132,5.5471e-005
4.3143,5.5428e-005
4.3159,5.5366e-005
4.3169,5.5327e-005
4.3173,5.5313e-005
4.32,5.5212e-005
4.3218,5.5141e-005
4.323,5.5098e-005
4.3253,5.5007e-005
4.3258,5.4988e-005
4.3268,5.495e-005
4.3272,5.4936e-005
4.328,5.4908e-005
4.3287,5.4879e-005
4.3292,5.486e-005
4.3297,5.4841e-005
4.331,5.4794e-005
4.332,5.4756e-005
4.3328,5.4723e-005
4.3337,5.469e-005
4.3343,5.4667e-005
4.336,5.4606e-005
4.337,5.4568e-005
4.3383,5.4517e-005
4.3392,5.4484e-005
4.3398,5.446e-005
4.3407,5.4428e-005
4.3428,5.4348e-005
4.3429,5.4344e-005
4.3438,5.4311e-005
4.3452,5.426e-005
4.3459,5.4232e-005
4.3488,5.4126e-005
4.3492,5.4112e-005
4.3503,5.407e-005
4.3512,5.4038e-005
4.3519,5.401e-005
4.3529,5.3973e-005
4.3551,5.389e-005
4.3559,5.3863e-005
4.3566,5.3835e-005
4.3577,5.3794e-005
4.3592,5.3739e-005
4.3607,5.3684e-005
4.3616,5.3652e-005
4.3627,5.3611e-005
4.3631,5.3598e-005
4.3642,5.3557e-005
4.367,5.3452e-005
4.369,5.338e-005
4.3698,5.3353e-005
4.3706,5.3321e-005
4.3716,5.3285e-005
4.3726,5.3249e-005
4.3731,5.3231e-005
4.3737,5.3209e-005
4.3746,5.3177e-005
4.3761,5.3123e-005
4.3776,5.3069e-005
4.3797,5.2993e-005
4.38,5.298e-005
4.3805,5.2962e-005
4.382,5.2909e-005
4.3829,5.2878e-005
4.3835,5.2855e-005
4.3845,5.282e-005
4.3854,5.2789e-005
4.3865,5.2749e-005
4.3889,5.266e-005
4.3893,5.2647e-005
4.3905,5.2603e-005
4.3908,5.2594e-005
4.3934,5.2501e-005
4.3953,5.2431e-005
4.3973,5.2361e-005
4.3983,5.2326e-005
4.3993,5.2291e-005
4.3998,5.2274e-005
4.4008,5.2239e-005
4.4017,5.2204e-005
4.4027,5.2169e-005
4.4033,5.2147e-005
4.4052,5.2082e-005
4.4071,5.2013e-005
4.4081,5.1978e-005
4.4096,5.1926e-005
4.4111,5.1874e-005
4.4119,5.1844e-005
4.4129,5.181e-005
4.4145,5.1754e-005
4.4163,5.1689e-005
4.4174,5.1651e-005
4.4189,5.16e-005
4.42,5.1561e-005
4.421,5.1527e-005
4.4219,5.1497e-005
4.4222,5.1484e-005
4.4238,5.1429e-005
4.4243,5.1412e-005
4.4259,5.1357e-005
4.4287,5.126e-005
4.4292,5.1243e-005
4.4302,5.1209e-005
4.4321,5.1141e-005
4.4327,5.112e-005
4.435,5.1041e-005
4.4359,5.1011e-005
4.4365,5.099e-005
4.4404,5.0857e-005
4.4415,5.0819e-005
4.4433,5.0757e-005
4.4438,5.074e-005
4.4444,5.0719e-005
4.4453,5.069e-005
4.4464,5.0653e-005
4.4481,5.0595e-005
4.4495,5.0545e-005
4.4521,5.0459e-005
4.4536,5.0409e-005
4.4551,5.0356e-005
4.457,5.0294e-005
4.4581,5.0258e-005
4.4589,5.0229e-005
4.46,5.0192e-005
4.461,5.016e-005
4.4619,5.0127e-005
4.4633,5.0082e-005
4.4642,5.005e-005
4.4665,4.9973e-005
4.4668,4.9965e-005
4.4675,4.994e-005
4.4687,4.99e-005
4.4704,4.9843e-005
4.4715,4.9807e-005
4.4726,4.9771e-005
4.473,4.9759e-005
4.4743,4.9714e-005
4.4748,4.9698e-005
4.4754,4.9678e-005
4.4768,4.963e-005
4.4797,4.9534e-005
4.4806,4.9506e-005
4.4813,4.9482e-005
4.4823,4.9451e-005
4.4855,4.9343e-005
4.4861,4.9323e-005
4.4881,4.926e-005
4.4899,4.9201e-005
4.4903,4.9185e-005
4.4913,4.9153e-005
4.4928,4.9106e-005
4.4942,4.9059e-005
4.4958,4.9008e-005
4.4971,4.8965e-005
4.4987,4.8914e-005
4.5,4.8871e-005
4.5014,4.8824e-005
4.5024,4.8793e-005
4.5033,4.8762e-005
4.5056,4.8688e-005
4.5072,4.8638e-005
4.5075,4.8626e-005
4.5091,4.8576e-005
4.5115,4.8499e-005
4.5133,4.8441e-005
4.514,4.8418e-005
4.5152,4.8379e-005
4.5169,4.8326e-005
4.5173,4.8314e-005
4.5177,4.8299e-005
4.5191,4.8257e-005
4.5198,4.8234e-005
4.521,4.8196e-005
4.5217,4.8173e-005
4.5248,4.8074e-005
4.5259,4.804e-005
4.5273,4.7994e-005
4.5282,4.7968e-005
4.5307,4.7889e-005
4.532,4.7847e-005
4.533,4.7813e-005
4.5345,4.7768e-005
4.536,4.7719e-005
4.5364,4.7708e-005
4.537,4.7689e-005
4.5378,4.7663e-005
4.5402,4.7588e-005
4.542,4.7532e-005
4.5435,4.7484e-005
4.5445,4.7454e-005
4.5464,4.7395e-005
4.5474,4.7365e-005
4.5475,4.7361e-005
4.5478,4.735e-005
4.5503,4.7273e-005
4.5532,4.7184e-005
4.5535,4.7173e-005
4.5545,4.7144e-005
4.5578,4.7041e-005
4.5589,4.7008e-005
4.5598,4.6979e-005
4.561,4.6942e-005
4.5617,4.692e-005
4.5626,4.6895e-005
4.5634,4.6869e-005
4.5655,4.6804e-005
4.5667,4.6768e-005
4.5681,4.6724e-005
4.5712,4.663e-005
4.5722,4.6601e-005
4.5741,4.6544e-005
4.5758,4.649e-005
4.5769,4.6457e-005
4.5788,4.64e-005
4.5796,4.6375e-005
4.5806,4.6346e-005
4.5823,4.6293e-005
4.5829,4.6275e-005
4.5834,4.6261e-005
4.5857,4.619e-005
4.5872,4.6147e-005
4.5882,4.6115e-005
4.59,4.6062e-005
4.5905,4.6048e-005
4.5913,4.6023e-005
4.5928,4.5977e-005
4.5933,4.5963e-005
4.5951,4.591e-005
4.5965,4.5868e-005
4.5989,4.5795e-005
4.5999,4.5767e-005
4.604,4.5644e-005
4.6052,4.561e-005
4.6059,4.5589e-005
4.6061,4.5582e-005
4.6071,4.5554e-005
4.6082,4.5519e-005
4.6098,4.5474e-005
4.6102,4.5461e-005
4.612,4.5409e-005
4.614,4.535e-005
4.6155,4.5305e-005
4.6176,4.5243e-005
4.6196,4.5185e-005
4.6201,4.5171e-005
4.6211,4.5141e-005
4.6232,4.5079e-005
4.6251,4.5025e-005
4.6262,4.4994e-005
4.6277,4.495e-005
4.6296,4.4896e-005
4.6308,4.4858e-005
4.6341,4.4764e-005
4.6346,4.475e-005
4.6352,4.4734e-005
4.6359,4.4713e-005
4.6369,4.4683e-005
4.6393,4.4616e-005
4.6398,4.4599e-005
4.6439,4.4482e-005
4.6453,4.4442e-005
4.6462,4.4416e-005
4.6492,4.4333e-005
4.6495,4.4323e-005
4.6504,4.4296e-005
4.6519,4.4253e-005
4.6529,4.4227e-005
4.6546,4.4177e-005
4.6551,4.4164e-005
4.656,4.4138e-005
4.6585,4.4069e-005
4.6602,4.4019e-005
4.661,4.3996e-005
4.6631,4.3938e-005
4.6644,4.3902e-005
4.6658,4.3862e-005
4.6659,4.3859e-005
4.6675,4.3814e-005
4.6715,4.3703e-005
4.6724,4.3677e-005
4.6735,4.3645e-005
4.676,4.3577e-005
4.6774,4.3539e-005
4.6787,4.35e-005
4.6791,4.349e-005
4.6806,4.3449e-005
4.6811,4.3436e-005
4.6816,4.342e-005
4.6835,4.3369e-005
4.6852,4.3321e-005
4.686,4.3298e-005
4.6902,4.3184e-005
4.6918,4.314e-005
4.6926,4.3117e-005
4.6936,4.3089e-005
4.6949,4.3054e-005
4.6973,4.2988e-005
4.6992,4.2938e-005
4.7001,4.2912e-005
4.7009,4.289e-005
4.7014,4.2878e-005
4.7047,4.2787e-005
4.7056,4.2762e-005
4.7075,4.2712e-005
4.7086,4.2681e-005
4.7104,4.2631e-005
4.7115,4.2603e-005
4.7119,4.2591e-005
4.7139,4.2538e-005
4.7174,4.2443e-005
4.7179,4.243e-005
4.7194,4.239e-005
4.7225,4.2307e-005
4.7239,4.227e-005
4.7243,4.2258e-005
4.7262,4.2209e-005
4.727,4.2188e-005
4.7274,4.2176e-005
4.7294,4.2124e-005
4.7312,4.2075e-005
4.7322,4.2048e-005
4.7353,4.1966e-005
4.7362,4.1942e-005
4.7385,4.1882e-005
4.7394,4.1857e-005
4.742,4.1788e-005
4.7441,4.1734e-005
4.7457,4.1692e-005
4.7459,4.1686e-005
4.7463,4.1677e-005
4.7476,4.1641e-005
4.7493,4.1597e-005
4.7507,4.1561e-005
4.7527,4.151e-005
4.7539,4.1478e-005
4.7545,4.1463e-005
4.7567,4.1404e-005
4.7578,4.1377e-005
4.7603,4.1312e-005
4.7631,4.1239e-005
4.764,4.1215e-005
4.7653,4.1183e-005
4.7685,4.1101e-005
4.7695,4.1075e-005
4.7708,4.104e-005
4.7722,4.1005e-005
4.7736,4.097e-005
4.7744,4.095e-005
4.7772,4.0877e-005
4.7785,4.0842e-005
4.7816,4.0764e-005
4.7817,4.0762e-005
4.7841,4.0701e-005
4.7848,4.0684e-005
4.7868,4.0632e-005
4.7902,4.0546e-005
4.7908,4.0532e-005
4.7921,4.0498e-005
4.7925,4.0489e-005
4.7939,4.0452e-005
4.7958,4.0404e-005
4.7967,4.0381e-005
4.7989,4.0328e-005
4.8002,4.0294e-005
4.802,4.0248e-005
4.8033,4.0217e-005
4.8043,4.0192e-005
4.8073,4.0116e-005
4.8094,4.0066e-005
4.8105,4.0038e-005
4.8128,3.9979e-005
4.8155,3.9912e-005
4.816,3.9901e-005
4.8169,3.9879e-005
4.8182,3.9846e-005
4.8193,3.9821e-005
4.8195,3.9815e-005
4.8223,3.9746e-005
4.8241,3.9702e-005
4.825,3.968e-005
4.8273,3.9622e-005
4.83,3.9556e-005
4.8304,3.9548e-005
4.8317,3.9515e-005
4.8357,3.9417e-005
4.8363,3.9403e-005
4.838,3.9363e-005
4.839,3.9338e-005
4.8402,3.9308e-005
4.841,3.9289e-005
4.8428,3.9246e-005
4.8451,3.9189e-005
4.846,3.9168e-005
4.8474,3.9136e-005
4.8497,3.9079e-005
4.8524,3.9015e-005
4.8545,3.8964e-005
4.8563,3.8921e-005
4.8571,3.8903e-005
4.8611,3.8807e-005
4.8625,3.8772e-005
4.8642,3.8733e-005
4.8649,3.8717e-005
4.8665,3.8677e-005
4.8692,3.8614e-005
4.8714,3.8562e-005
4.8731,3.8522e-005
4.8753,3.847e-005
4.8764,3.8444e-005
4.8807,3.8342e-005
4.8821,3.8311e-005
4.8825,3.8301e-005
4.8853,3.8236e-005
4.8862,3.8215e-005
4.8865,3.8207e-005
4.8888,3.8153e-005
4.8908,3.8107e-005
4.8918,3.8084e-005
4.8932,3.805e-005
4.8961,3.7984e-005
4.8975,3.7953e-005
4.9002,3.7889e-005
4.9024,3.7838e-005
4.9032,3.7821e-005
4.9074,3.7724e-005
4.909,3.7686e-005
4.9103,3.7659e-005
4.9112,3.7636e-005
4.913,3.7596e-005
4.9152,3.7545e-005
4.9179,3.7485e-005
4.9188,3.7463e-005
4.9209,3.7415e-005
4.9226,3.7378e-005
4.9274,3.7269e-005
4.9284,3.7246e-005
4.9297,3.7217e-005
4.9318,3.717e-005
4.9327,3.715e-005
4.9338,3.7125e-005
4.9353,3.7091e-005
4.9373,3.7047e-005
4.9381,3.703e-005
4.9417,3.6949e-005
4.9429,3.6922e-005
4.9459,3.6854e-005
4.9489,3.6788e-005
4.9537,3.6682e-005
4.9551,3.665e-005
4.9557,3.6638e-005
4.9565,3.6619e-005
4.9583,3.6581e-005
4.9612,3.6516e-005
4.9633,3.647e-005
4.9643,3.6449e-005
4.9659,3.6413e-005
4.9682,3.6363e-005
4.9708,3.6306e-005
4.9734,3.6249e-005
4.9747,3.6221e-005
4.9783,3.6143e-005
4.9791,3.6127e-005
4.9803,3.6101e-005
4.9818,3.6068e-005
4.9834,3.6033e-005
4.9839,3.6024e-005
4.9877,3.5942e-005
4.9891,3.5912e-005
4.9917,3.5856e-005
4.9947,3.5791e-005
4.9959,3.5765e-005
5.0004,3.5671e-005
5.0011,3.5655e-005
5.0021,3.5634e-005
5.0029,3.5616e-005
5.0046,3.5581e-005
5.0073,3.5524e-005
5.0094,3.5478e-005
5.0104,3.5458e-005
5.0138,3.5387e-005
5.0149,3.5362e-005
5.0188,3.5281e-005
5.0208,3.524e-005
5.0215,3.5224e-005
5.0251,3.515e-005
5.0257,3.5137e-005
5.027,3.511e-005
5.0283,3.5083e-005
5.0301,3.5045e-005
5.0326,3.4994e-005
5.0353,3.4938e-005
5.0369,3.4905e-005
5.0386,3.4869e-005
5.0409,3.4823e-005
5.046,3.4717e-005
5.0469,3.4699e-005
5.0483,3.4671e-005
5.0495,3.4647e-005
5.0509,3.4618e-005
5.0533,3.4568e-005
5.055,3.4533e-005
5.0562,3.4509e-005
5.0602,3.4429e-005
5.0636,3.436e-005
5.0669,3.4293e-005
5.0714,3.4202e-005
5.0717,3.4196e-005
5.0731,3.4168e-005
5.0748,3.4134e-005
5.0764,3.4102e-005
5.0791,3.4049e-005
5.0815,3.4e-005
5.0832,3.3966e-005
5.0867,3.3896e-005
5.0886,3.3858e-005
5.0927,3.3778e-005
5.0942,3.3749e-005
5.0951,3.373e-005
5.0971,3.369e-005
5.0989,3.3655e-005
5.1011,3.3613e-005
5.1036,3.3563e-005
5.1066,3.3505e-005
5.11,3.3439e-005
5.113,3.3379e-005
5.1138,3.3365e-005
5.118,3.3283e-005
5.1188,3.3268e-005
5.1198,3.3248e-005
5.1213,3.3219e-005
5.1232,3.3183e-005
5.1257,3.3134e-005
5.1283,3.3085e-005
5.1314,3.3024e-005
5.1332,3.299e-005
5.139,3.2879e-005
5.1401,3.2859e-005
5.1416,3.2829e-005
5.1434,3.2795e-005
5.1454,3.2757e-005
5.1479,3.2712e-005
5.1501,3.267e-005
5.153,3.2614e-005
5.1564,3.2551e-005
5.1593,3.2496e-005
5.1643,3.2402e-005
5.1646,3.2396e-005
5.1663,3.2365e-005
5.1678,3.2337e-005
5.1697,3.2302e-005
5.172,3.226e-005
5.1747,3.2209e-005
5.1787,3.2136e-005
5.1814,3.2086e-005
5.1854,3.2013e-005
5.1878,3.1969e-005
5.189,3.1946e-005
5.1903,3.1923e-005
5.1919,3.1892e-005
5.1945,3.1845e-005
5.1982,3.1778e-005
5.1997,3.175e-005
5.2053,3.165e-005
5.2065,3.1627e-005
5.211,3.1547e-005
5.2114,3.1539e-005
5.2128,3.1513e-005
5.2152,3.147e-005
5.2178,3.1424e-005
5.2202,3.1381e-005
5.2242,3.1309e-005
5.2256,3.1285e-005
5.2314,3.1182e-005
5.2343,3.1131e-005
5.2355,3.1109e-005
5.2368,3.1087e-005
5.2384,3.1058e-005
5.2408,3.1016e-005
5.2442,3.0956e-005
5.246,3.0925e-005
5.2515,3.0828e-005
5.257,3.0733e-005
5.2575,3.0724e-005
5.2583,3.071e-005
5.2608,3.0667e-005
5.2626,3.0635e-005
5.2649,3.0596e-005
5.2676,3.0549e-005
5.2718,3.0477e-005
5.2775,3.0378e-005
5.2808,3.0322e-005
5.282,3.0301e-005
5.2833,3.0281e-005
5.2849,3.0253e-005
5.2871,3.0216e-005
5.2922,3.0129e-005
5.2955,3.0072e-005
5.2992,3.001e-005
5.3036,2.9937e-005
5.3042,2.9926e-005
5.3059,2.9899e-005
5.3078,2.9867e-005
5.3114,2.9807e-005
5.314,2.9763e-005
5.318,2.9697e-005
5.3237,2.9603e-005
5.3273,2.9542e-005
5.3286,2.9522e-005
5.3298,2.9502e-005
5.3333,2.9444e-005
5.3359,2.9402e-005
5.3387,2.9356e-005
5.3439,2.9272e-005
5.3496,2.9178e-005
5.3507,2.916e-005
5.3524,2.9134e-005
5.3541,2.9106e-005
5.3578,2.9046e-005
5.3604,2.9004e-005
5.3642,2.8944e-005
5.3707,2.8839e-005
5.3743,2.8783e-005
5.3751,2.877e-005
5.3779,2.8725e-005
5.3799,2.8694e-005
5.3846,2.8619e-005
5.3883,2.856e-005
5.396,2.8441e-005
5.3973,2.842e-005
5.3989,2.8395e-005
5.4004,2.8372e-005
5.4043,2.8311e-005
5.4069,2.8271e-005
5.4133,2.8171e-005
5.4204,2.8062e-005
5.4213,2.8048e-005
5.4228,2.8025e-005
5.4259,2.7978e-005
5.4288,2.7934e-005
5.4347,2.7843e-005
5.4423,2.7728e-005
5.4438,2.7706e-005
5.4454,2.7682e-005
5.4468,2.7661e-005
5.4508,2.7601e-005
5.4563,2.7518e-005
5.4634,2.7411e-005
5.4673,2.7354e-005
5.4681,2.7342e-005
5.4709,2.7301e-005
5.4752,2.7237e-005
5.4811,2.715e-005
5.4886,2.704e-005
5.4903,2.7015e-005
5.4919,2.6992e-005
5.4951,2.6947e-005
5.4998,2.6878e-005
5.5061,2.6787e-005
5.5134,2.6681e-005
5.5146,2.6664e-005
5.5174,2.6625e-005
5.5217,2.6563e-005
5.5276,2.648e-005
5.5367,2.6351e-005
5.5374,2.634e-005
5.5398,2.6307e-005
5.5437,2.6252e-005
5.5491,2.6176e-005
5.56,2.6025e-005
5.5611,2.6009e-005
5.5639,2.5971e-005
5.5681,2.5912e-005
5.574,2.5832e-005
5.5834,2.5703e-005
5.5849,2.5682e-005
5.588,2.564e-005
5.5927,2.5577e-005
5.6065,2.5391e-005
5.6076,2.5375e-005
5.6103,2.5339e-005
5.6146,2.5283e-005
5.6297,2.5082e-005
5.6305,2.5072e-005
5.6328,2.5042e-005
5.6366,2.4992e-005
5.653,2.4778e-005
5.6542,2.4763e-005
5.6568,2.4728e-005
5.6611,2.4674e-005
5.6764,2.4477e-005
5.6779,2.4457e-005
5.681,2.4419e-005
5.6995,2.4185e-005
5.7007,2.417e-005
5.7033,2.4137e-005
5.7228,2.3896e-005
5.7235,2.3886e-005
5.7258,2.3858e-005
5.7461,2.361e-005
5.7472,2.3597e-005
5.7498,2.3565e-005
5.7695,2.3329e-005
5.771,2.3311e-005
5.7926,2.3055e-005
5.7937,2.3042e-005
5.8158,2.2784e-005
5.8166,2.2776e-005
5.8391,2.2517e-005
5.8402,2.2504e-005
5.8625,2.2253e-005
5.8856,2.1996e-005
5.9089,2.1742e-005
5.9322,2.1492e-005
