2.9777,0.00016373
2.978,0.00016368
2.9784,0.00016362
2.9788,0.00016357
2.9796,0.00016344
2.9798,0.0001634
2.9804,0.00016331
2.981,0.00016322
2.9813,0.00016318
2.9818,0.00016311
2.9821,0.00016306
2.9824,0.000163
2.9827,0.00016296
2.9832,0.00016289
2.9834,0.00016285
2.9837,0.00016282
2.984,0.00016277
2.9848,0.00016264
2.9853,0.00016257
2.9857,0.0001625
2.986,0.00016245
2.9865,0.00016238
2.987,0.00016231
2.9877,0.0001622
2.9879,0.00016217
2.9882,0.00016212
2.9888,0.00016203
2.9892,0.00016198
2.9896,0.00016192
2.9898,0.00016188
2.9906,0.00016176
2.9911,0.00016169
2.9917,0.00016159
2.9922,0.00016152
2.9926,0.00016145
2.993,0.0001614
2.9936,0.0001613
2.9939,0.00016126
2.9943,0.0001612
2.9944,0.00016118
2.9948,0.00016112
2.9954,0.00016104
2.9957,0.00016098
2.9964,0.00016088
2.9967,0.00016084
2.997,0.00016079
2.9973,0.00016075
2.9976,0.0001607
2.9981,0.00016063
2.9986,0.00016056
2.9988,0.00016052
2.9993,0.00016045
2.9998,0.00016038
3,0.00016034
3.0004,0.00016027
3.0009,0.0001602
3.0012,0.00016017
3.0015,0.00016012
3.0019,0.00016006
3.0022,0.00016001
3.0026,0.00015996
3.0028,0.00015992
3.0035,0.00015981
3.004,0.00015974
3.0045,0.00015968
3.005,0.0001596
3.0054,0.00015953
3.0057,0.00015949
3.006,0.00015945
3.0068,0.00015933
3.0072,0.00015927
3.0076,0.0001592
3.0079,0.00015917
3.0082,0.00015911
3.0086,0.00015906
3.0091,0.00015899
3.0094,0.00015894
3.0096,0.0001589
3.0103,0.0001588
3.0106,0.00015876
3.0112,0.00015868
3.0115,0.00015863
3.0118,0.00015859
3.0122,0.00015852
3.0125,0.00015848
3.0129,0.00015842
3.0134,0.00015835
3.0137,0.0001583
3.0143,0.00015821
3.0147,0.00015816
3.0151,0.00015809
3.0156,0.00015802
3.016,0.00015796
3.0162,0.00015794
3.0174,0.00015776
3.0175,0.00015774
3.0179,0.00015769
3.0182,0.00015764
3.0185,0.0001576
3.0189,0.00015753
3.0194,0.00015747
3.0199,0.0001574
3.0202,0.00015734
3.0208,0.00015726
3.0211,0.00015721
3.0214,0.00015717
3.0219,0.0001571
3.0223,0.00015704
3.0226,0.000157
3.0229,0.00015695
3.0233,0.00015689
3.0236,0.00015685
3.0241,0.00015678
3.0245,0.00015672
3.0249,0.00015666
3.0251,0.00015663
3.0258,0.00015652
3.0263,0.00015646
3.0267,0.0001564
3.0273,0.00015631
3.0275,0.00015628
3.0279,0.00015622
3.0284,0.00015615
3.029,0.00015606
3.0294,0.00015601
3.03,0.00015592
3.0302,0.00015589
3.0305,0.00015584
3.0308,0.00015581
3.0312,0.00015575
3.0313,0.00015573
3.0322,0.00015561
3.0324,0.00015557
3.0326,0.00015554
3.0329,0.00015549
3.0338,0.00015537
3.034,0.00015534
3.0343,0.00015529
3.0345,0.00015527
3.0348,0.00015522
3.0353,0.00015515
3.0357,0.0001551
3.0359,0.00015507
3.0364,0.000155
3.0371,0.0001549
3.0374,0.00015485
3.0378,0.0001548
3.0385,0.0001547
3.0389,0.00015463
3.0392,0.0001546
3.0399,0.0001545
3.0402,0.00015445
3.0407,0.00015438
3.0412,0.0001543
3.0414,0.00015428
3.0417,0.00015424
3.0421,0.00015418
3.0426,0.0001541
3.0429,0.00015407
3.0432,0.00015402
3.0437,0.00015395
3.0441,0.0001539
3.0447,0.0001538
3.0452,0.00015373
3.0455,0.00015369
3.0459,0.00015363
3.0469,0.0001535
3.0471,0.00015347
3.0473,0.00015344
3.0475,0.0001534
3.0478,0.00015337
3.0483,0.00015329
3.0487,0.00015324
3.049,0.0001532
3.0493,0.00015316
3.0496,0.00015311
3.0499,0.00015307
3.0503,0.000153
3.0508,0.00015294
3.051,0.00015291
3.0515,0.00015284
3.0521,0.00015276
3.0527,0.00015268
3.0529,0.00015265
3.0534,0.00015258
3.0536,0.00015254
3.0541,0.00015248
3.0547,0.00015239
3.0553,0.00015231
3.0557,0.00015226
3.056,0.00015221
3.0565,0.00015214
3.0569,0.00015208
3.0573,0.00015203
3.0582,0.00015189
3.0586,0.00015185
3.0589,0.0001518
3.0591,0.00015177
3.0595,0.00015172
3.0599,0.00015166
3.0603,0.0001516
3.0605,0.00015157
3.0608,0.00015154
3.061,0.00015151
3.0617,0.00015141
3.0619,0.00015137
3.0627,0.00015127
3.0632,0.0001512
3.0636,0.00015115
3.0639,0.0001511
3.0643,0.00015105
3.0647,0.00015099
3.065,0.00015094
3.0654,0.00015089
3.0656,0.00015086
3.0663,0.00015077
3.0665,0.00015074
3.0671,0.00015065
3.0674,0.00015061
3.0678,0.00015056
3.068,0.00015053
3.0684,0.00015048
3.0688,0.00015041
3.0693,0.00015035
3.0698,0.00015029
3.0702,0.00015022
3.0709,0.00015013
3.0713,0.00015008
3.0715,0.00015005
3.072,0.00014998
3.0722,0.00014995
3.0726,0.00014989
3.0733,0.0001498
3.0738,0.00014973
3.0742,0.00014968
3.0746,0.00014962
3.0747,0.0001496
3.0752,0.00014954
3.0756,0.00014949
3.0761,0.00014941
3.0765,0.00014936
3.0769,0.0001493
3.0771,0.00014927
3.0775,0.00014923
3.0778,0.00014917
3.0784,0.0001491
3.0789,0.00014903
3.0793,0.00014897
3.0796,0.00014894
3.0802,0.00014884
3.0804,0.00014883
3.0808,0.00014876
3.0813,0.00014871
3.0818,0.00014864
3.0822,0.00014858
3.0825,0.00014854
3.0829,0.00014848
3.0832,0.00014844
3.0836,0.00014839
3.0842,0.0001483
3.0845,0.00014826
3.085,0.0001482
3.0856,0.00014811
3.086,0.00014806
3.0862,0.00014803
3.0866,0.00014798
3.0868,0.00014795
3.0875,0.00014786
3.0877,0.00014783
3.0882,0.00014776
3.0885,0.00014772
3.0889,0.00014766
3.0892,0.00014762
3.0895,0.00014758
3.0898,0.00014754
3.0903,0.00014747
3.0907,0.00014742
3.0909,0.00014739
3.0914,0.00014733
3.0921,0.00014723
3.0923,0.00014721
3.0929,0.00014713
3.0932,0.00014708
3.0936,0.00014704
3.094,0.00014698
3.0947,0.00014688
3.095,0.00014684
3.0955,0.00014677
3.096,0.00014671
3.0962,0.00014668
3.0967,0.00014662
3.0971,0.00014656
3.0975,0.0001465
3.098,0.00014644
3.0986,0.00014636
3.0989,0.00014631
3.0999,0.00014618
3.1002,0.00014615
3.1008,0.00014607
3.101,0.00014604
3.1012,0.00014601
3.1016,0.00014596
3.1018,0.00014593
3.1022,0.00014587
3.1026,0.00014583
3.1031,0.00014576
3.1036,0.00014569
3.1039,0.00014565
3.1043,0.0001456
3.105,0.00014551
3.1053,0.00014546
3.1056,0.00014543
3.1061,0.00014535
3.1064,0.00014532
3.1068,0.00014527
3.1072,0.00014522
3.1074,0.00014518
3.108,0.00014511
3.1083,0.00014507
3.1086,0.00014503
3.1091,0.00014497
3.1094,0.00014492
3.1099,0.00014486
3.11,0.00014484
3.1108,0.00014474
3.1115,0.00014465
3.1117,0.00014462
3.1121,0.00014456
3.1126,0.00014449
3.1131,0.00014444
3.1133,0.0001444
3.1138,0.00014435
3.1141,0.0001443
3.1145,0.00014425
3.1147,0.00014422
3.115,0.00014418
3.1152,0.00014415
3.1155,0.00014412
3.1159,0.00014406
3.1164,0.000144
3.1167,0.00014395
3.1172,0.0001439
3.1176,0.00014384
3.1181,0.00014377
3.1186,0.00014371
3.1187,0.00014369
3.1192,0.00014363
3.1194,0.0001436
3.1199,0.00014354
3.1202,0.0001435
3.1204,0.00014347
3.1213,0.00014336
3.1215,0.00014334
3.1218,0.00014329
3.1223,0.00014323
3.1227,0.00014317
3.1232,0.00014311
3.1235,0.00014307
3.1242,0.00014298
3.1245,0.00014294
3.1247,0.00014292
3.1251,0.00014286
3.1259,0.00014276
3.1264,0.0001427
3.1268,0.00014264
3.127,0.00014262
3.1274,0.00014257
3.1276,0.00014254
3.1278,0.00014251
3.1284,0.00014243
3.1292,0.00014233
3.1297,0.00014227
3.1301,0.00014221
3.1305,0.00014216
3.1309,0.00014212
3.1312,0.00014207
3.1315,0.00014204
3.1318,0.00014199
3.1322,0.00014195
3.1328,0.00014186
3.1332,0.00014181
3.1337,0.00014175
3.1342,0.00014169
3.1345,0.00014165
3.1349,0.00014159
3.1353,0.00014154
3.1359,0.00014147
3.1363,0.00014142
3.1367,0.00014137
3.137,0.00014133
3.1376,0.00014125
3.1378,0.00014123
3.1381,0.00014119
3.1387,0.00014111
3.1394,0.00014101
3.1398,0.00014097
3.1403,0.0001409
3.1407,0.00014085
3.1411,0.00014081
3.1413,0.00014078
3.1417,0.00014072
3.1421,0.00014068
3.1425,0.00014062
3.143,0.00014056
3.1434,0.0001405
3.1438,0.00014046
3.1439,0.00014044
3.1444,0.00014038
3.1447,0.00014034
3.145,0.0001403
3.1454,0.00014025
3.1459,0.00014019
3.1464,0.00014013
3.1468,0.00014008
3.1471,0.00014003
3.1478,0.00013995
3.1482,0.0001399
3.1484,0.00013987
3.1487,0.00013983
3.1491,0.00013979
3.1495,0.00013973
3.15,0.00013967
3.1507,0.00013958
3.151,0.00013955
3.1513,0.0001395
3.1519,0.00013942
3.1524,0.00013936
3.1525,0.00013935
3.153,0.0001393
3.1534,0.00013924
3.154,0.00013916
3.1543,0.00013913
3.1547,0.00013908
3.155,0.00013904
3.1556,0.00013897
3.156,0.00013891
3.1565,0.00013885
3.1569,0.0001388
3.1573,0.00013876
3.1575,0.00013873
3.1581,0.00013866
3.1587,0.00013857
3.1594,0.00013849
3.1596,0.00013846
3.16,0.00013841
3.1605,0.00013835
3.1608,0.00013832
3.1612,0.00013827
3.1618,0.00013819
3.162,0.00013816
3.1623,0.00013812
3.1627,0.00013807
3.1632,0.00013801
3.1638,0.00013794
3.1642,0.00013789
3.1646,0.00013783
3.1652,0.00013776
3.1657,0.00013771
3.1659,0.00013768
3.1662,0.00013764
3.1666,0.00013759
3.167,0.00013754
3.1673,0.0001375
3.1676,0.00013746
3.1679,0.00013743
3.1683,0.00013738
3.1686,0.00013734
3.1691,0.00013728
3.1696,0.00013722
3.17,0.00013717
3.1701,0.00013716
3.1706,0.0001371
3.1711,0.00013703
3.1713,0.00013701
3.1716,0.00013698
3.1722,0.00013689
3.1728,0.00013683
3.173,0.0001368
3.1733,0.00013677
3.1736,0.00013673
3.174,0.00013668
3.1744,0.00013663
3.1747,0.00013659
3.1753,0.00013652
3.1759,0.00013644
3.1761,0.00013642
3.1763,0.00013639
3.177,0.0001363
3.1775,0.00013625
3.178,0.00013618
3.1782,0.00013616
3.1785,0.00013613
3.1791,0.00013606
3.1793,0.00013603
3.1797,0.00013598
3.1806,0.00013587
3.1808,0.00013584
3.1811,0.00013581
3.1815,0.00013576
3.1817,0.00013573
3.182,0.00013569
3.1824,0.00013565
3.1826,0.00013562
3.1833,0.00013554
3.1838,0.00013548
3.1841,0.00013545
3.1844,0.00013541
3.1847,0.00013537
3.1855,0.00013527
3.186,0.00013522
3.1861,0.0001352
3.1864,0.00013516
3.1867,0.00013512
3.1872,0.00013507
3.1876,0.00013502
3.1881,0.00013496
3.1884,0.00013492
3.1888,0.00013487
3.1892,0.00013483
3.19,0.00013473
3.1902,0.00013471
3.1904,0.00013468
3.1906,0.00013465
3.1909,0.00013462
3.1913,0.00013457
3.1917,0.00013452
3.1922,0.00013446
3.1927,0.0001344
3.1931,0.00013435
3.1935,0.0001343
3.194,0.00013424
3.1942,0.00013423
3.1946,0.00013417
3.1949,0.00013414
3.1953,0.00013409
3.1958,0.00013403
3.1961,0.000134
3.1964,0.00013396
3.1966,0.00013393
3.1971,0.00013388
3.1976,0.00013381
3.1979,0.00013377
3.1984,0.00013372
3.1987,0.00013368
3.1993,0.0001336
3.1995,0.00013359
3.1998,0.00013355
3.2002,0.0001335
3.2006,0.00013345
3.201,0.00013341
3.2017,0.00013332
3.2021,0.00013327
3.2024,0.00013324
3.2028,0.00013319
3.2031,0.00013315
3.2038,0.00013308
3.204,0.00013305
3.2044,0.000133
3.205,0.00013293
3.2053,0.0001329
3.2055,0.00013287
3.2061,0.0001328
3.2067,0.00013273
3.2072,0.00013267
3.2073,0.00013266
3.2077,0.00013261
3.208,0.00013257
3.2083,0.00013254
3.2086,0.00013251
3.2088,0.00013248
3.209,0.00013246
3.2095,0.0001324
3.21,0.00013234
3.2103,0.0001323
3.2105,0.00013227
3.2111,0.00013221
3.2113,0.00013219
3.2118,0.00013212
3.2121,0.00013209
3.2126,0.00013203
3.2129,0.000132
3.2133,0.00013195
3.2136,0.00013191
3.2139,0.00013188
3.2144,0.00013182
3.2149,0.00013176
3.2152,0.00013173
3.2156,0.00013168
3.216,0.00013163
3.2162,0.00013161
3.2165,0.00013157
3.2173,0.00013147
3.218,0.0001314
3.2181,0.00013138
3.2185,0.00013134
3.2187,0.00013132
3.2189,0.00013129
3.2195,0.00013123
3.22,0.00013116
3.2205,0.00013111
3.2206,0.00013109
3.221,0.00013105
3.2215,0.00013099
3.2218,0.00013095
3.2222,0.00013091
3.2226,0.00013086
3.2228,0.00013084
3.2233,0.00013077
3.2238,0.00013072
3.224,0.0001307
3.2244,0.00013065
3.2248,0.0001306
3.2252,0.00013056
3.2258,0.00013049
3.2259,0.00013047
3.2264,0.00013042
3.2268,0.00013037
3.2276,0.00013028
3.2277,0.00013027
3.228,0.00013023
3.2285,0.00013018
3.2289,0.00013013
3.2294,0.00013008
3.2297,0.00013004
3.23,0.00013
3.2304,0.00012995
3.231,0.00012988
3.2317,0.00012981
3.2318,0.0001298
3.2321,0.00012976
3.2324,0.00012972
3.2327,0.00012969
3.2333,0.00012962
3.2337,0.00012957
3.2338,0.00012956
3.2341,0.00012953
3.2341,0.00012952
3.2346,0.00012947
3.235,0.00012942
3.2356,0.00012936
3.2363,0.00012928
3.2364,0.00012926
3.2367,0.00012923
3.2371,0.00012918
3.2376,0.00012913
3.2378,0.00012911
3.238,0.00012908
3.2384,0.00012903
3.2389,0.00012898
3.2392,0.00012894
3.24,0.00012886
3.2403,0.00012882
3.2407,0.00012877
3.2413,0.00012871
3.2417,0.00012865
3.2423,0.00012859
3.2426,0.00012856
3.2432,0.00012849
3.2437,0.00012843
3.2441,0.00012838
3.2446,0.00012833
3.2448,0.00012831
3.2449,0.0001283
3.2454,0.00012823
3.2459,0.00012818
3.2465,0.00012811
3.247,0.00012806
3.2472,0.00012804
3.2473,0.00012803
3.2477,0.00012797
3.2482,0.00012793
3.2486,0.00012788
3.249,0.00012784
3.2496,0.00012777
3.2497,0.00012775
3.2502,0.00012769
3.2503,0.00012768
3.2507,0.00012764
3.2511,0.0001276
3.2514,0.00012756
3.2522,0.00012747
3.2524,0.00012745
3.2529,0.00012739
3.2533,0.00012735
3.2535,0.00012732
3.254,0.00012726
3.2546,0.0001272
3.2551,0.00012714
3.2554,0.00012711
3.2556,0.00012708
3.256,0.00012704
3.2564,0.00012699
3.2569,0.00012694
3.2573,0.0001269
3.2574,0.00012688
3.2579,0.00012683
3.2582,0.0001268
3.2586,0.00012675
3.2592,0.00012669
3.2594,0.00012666
3.26,0.00012659
3.2602,0.00012657
3.2605,0.00012654
3.2608,0.00012651
3.2612,0.00012646
3.2615,0.00012642
3.2618,0.0001264
3.2621,0.00012636
3.2625,0.00012631
3.2632,0.00012624
3.2637,0.00012618
3.2642,0.00012612
3.2648,0.00012606
3.2652,0.00012601
3.2657,0.00012596
3.2659,0.00012594
3.2664,0.00012588
3.2666,0.00012586
3.267,0.00012582
3.2674,0.00012577
3.2676,0.00012574
3.268,0.0001257
3.2683,0.00012567
3.2687,0.00012563
3.2692,0.00012557
3.2697,0.00012552
3.27,0.00012548
3.2702,0.00012546
3.2707,0.0001254
3.2711,0.00012536
3.2716,0.00012531
3.272,0.00012527
3.2725,0.00012521
3.2729,0.00012516
3.2733,0.00012512
3.2735,0.0001251
3.2738,0.00012507
3.274,0.00012504
3.2742,0.00012502
3.2744,0.00012499
3.2748,0.00012495
3.2751,0.00012492
3.2755,0.00012488
3.2757,0.00012486
3.2761,0.00012481
3.2765,0.00012477
3.2767,0.00012474
3.2774,0.00012467
3.2777,0.00012464
3.2783,0.00012457
3.2788,0.00012452
3.2791,0.00012448
3.2796,0.00012442
3.2798,0.0001244
3.28,0.00012439
3.2803,0.00012435
3.2808,0.00012429
3.2813,0.00012424
3.2818,0.00012419
3.282,0.00012416
3.2826,0.0001241
3.2832,0.00012403
3.2835,0.000124
3.2841,0.00012394
3.2845,0.00012389
3.2848,0.00012386
3.2851,0.00012382
3.2854,0.00012379
3.2859,0.00012375
3.2863,0.0001237
3.2866,0.00012366
3.2868,0.00012364
3.2871,0.00012361
3.2875,0.00012357
3.2882,0.0001235
3.2886,0.00012345
3.2889,0.00012342
3.2893,0.00012338
3.2897,0.00012333
3.2903,0.00012326
3.2905,0.00012324
3.291,0.00012319
3.2915,0.00012314
3.2917,0.00012311
3.2922,0.00012306
3.2925,0.00012303
3.2927,0.00012301
3.2934,0.00012293
3.2938,0.00012289
3.2942,0.00012284
3.2944,0.00012282
3.2951,0.00012274
3.2955,0.00012271
3.2957,0.00012268
3.2961,0.00012264
3.2963,0.00012262
3.2968,0.00012257
3.297,0.00012254
3.2974,0.0001225
3.2978,0.00012245
3.298,0.00012243
3.2987,0.00012236
3.2989,0.00012234
3.2994,0.00012228
3.2997,0.00012225
3.3002,0.0001222
3.3004,0.00012218
3.3007,0.00012215
3.3013,0.00012208
3.3015,0.00012206
3.3019,0.00012202
3.3026,0.00012195
3.303,0.0001219
3.3032,0.00012188
3.3036,0.00012184
3.3041,0.00012179
3.3042,0.00012177
3.3045,0.00012174
3.3051,0.00012168
3.3055,0.00012163
3.306,0.00012158
3.3064,0.00012154
3.3068,0.00012149
3.3072,0.00012146
3.3078,0.00012139
3.308,0.00012137
3.3086,0.0001213
3.309,0.00012127
3.3093,0.00012123
3.3097,0.0001212
3.3099,0.00012116
3.3106,0.0001211
3.3111,0.00012104
3.3113,0.00012102
3.3117,0.00012098
3.3122,0.00012093
3.3125,0.0001209
3.3127,0.00012087
3.3129,0.00012085
3.3137,0.00012077
3.3139,0.00012074
3.3142,0.00012071
3.3145,0.00012068
3.3147,0.00012067
3.3151,0.00012062
3.3154,0.00012059
3.3159,0.00012054
3.3163,0.0001205
3.3165,0.00012048
3.3169,0.00012044
3.3172,0.0001204
3.3175,0.00012037
3.318,0.00012031
3.3185,0.00012027
3.3188,0.00012023
3.3193,0.00012018
3.3196,0.00012015
3.3201,0.0001201
3.3205,0.00012005
3.321,0.00012
3.3213,0.00011998
3.3216,0.00011994
3.3218,0.00011992
3.3221,0.00011989
3.3224,0.00011985
3.3231,0.00011979
3.3234,0.00011975
3.324,0.00011969
3.3244,0.00011965
3.3247,0.00011962
3.3253,0.00011955
3.3256,0.00011952
3.3257,0.00011951
3.3261,0.00011948
3.3266,0.00011942
3.327,0.00011938
3.3271,0.00011937
3.3274,0.00011933
3.3278,0.0001193
3.3281,0.00011927
3.3287,0.0001192
3.3289,0.00011919
3.3292,0.00011916
3.3296,0.00011911
3.3299,0.00011908
3.3302,0.00011905
3.3305,0.00011901
3.3308,0.00011898
3.3313,0.00011894
3.3316,0.00011891
3.3317,0.00011889
3.3325,0.00011882
3.3329,0.00011877
3.3331,0.00011875
3.3335,0.0001187
3.3339,0.00011866
3.3342,0.00011864
3.3346,0.0001186
3.3348,0.00011857
3.3355,0.00011851
3.3359,0.00011846
3.3363,0.00011842
3.3366,0.00011839
3.3369,0.00011836
3.3375,0.00011829
3.3381,0.00011824
3.3385,0.0001182
3.3388,0.00011816
3.3391,0.00011813
3.3395,0.0001181
3.3399,0.00011805
3.3403,0.00011801
3.3405,0.00011798
3.3407,0.00011796
3.3409,0.00011794
3.3413,0.00011791
3.3414,0.0001179
3.3417,0.00011787
3.3423,0.00011781
3.3427,0.00011776
3.343,0.00011773
3.3434,0.00011769
3.3439,0.00011764
3.3441,0.00011762
3.3445,0.00011758
3.3448,0.00011755
3.3449,0.00011754
3.3454,0.00011749
3.3458,0.00011745
3.3462,0.0001174
3.3463,0.00011739
3.3467,0.00011736
3.3475,0.00011727
3.3478,0.00011725
3.3483,0.00011719
3.3487,0.00011716
3.3493,0.00011709
3.35,0.00011702
3.3502,0.000117
3.3505,0.00011697
3.3508,0.00011694
3.351,0.00011692
3.3513,0.00011689
3.3517,0.00011685
3.352,0.00011682
3.3525,0.00011677
3.353,0.00011672
3.3536,0.00011666
3.3537,0.00011665
3.3541,0.00011661
3.3543,0.00011659
3.3545,0.00011657
3.3549,0.00011653
3.3552,0.0001165
3.3555,0.00011646
3.3559,0.00011642
3.3563,0.00011639
3.3566,0.00011636
3.3568,0.00011634
3.357,0.00011632
3.3575,0.00011626
3.3582,0.0001162
3.3585,0.00011617
3.3589,0.00011612
3.3592,0.0001161
3.3596,0.00011606
3.3601,0.00011601
3.3604,0.00011598
3.3608,0.00011594
3.3613,0.00011588
3.3617,0.00011585
3.3622,0.0001158
3.3626,0.00011576
3.3628,0.00011573
3.3632,0.00011569
3.3638,0.00011564
3.3641,0.00011561
3.3643,0.00011559
3.3647,0.00011555
3.3652,0.0001155
3.3653,0.00011548
3.366,0.00011542
3.3664,0.00011538
3.3668,0.00011534
3.367,0.00011532
3.3673,0.00011528
3.3676,0.00011526
3.3682,0.0001152
3.3686,0.00011516
3.3688,0.00011514
3.3691,0.00011511
3.3696,0.00011507
3.3698,0.00011504
3.3701,0.00011501
3.3703,0.00011499
3.3708,0.00011494
3.371,0.00011492
3.3714,0.00011488
3.3717,0.00011486
3.3722,0.0001148
3.3726,0.00011476
3.3729,0.00011473
3.3735,0.00011468
3.3738,0.00011465
3.3743,0.0001146
3.3745,0.00011458
3.3746,0.00011457
3.3749,0.00011454
3.3752,0.00011451
3.3756,0.00011447
3.3758,0.00011445
3.3764,0.00011439
3.3767,0.00011436
3.3773,0.0001143
3.3776,0.00011427
3.3781,0.00011423
3.3784,0.0001142
3.3787,0.00011416
3.3793,0.0001141
3.3796,0.00011408
3.3802,0.00011402
3.3803,0.00011401
3.3805,0.00011399
3.3806,0.00011398
3.3809,0.00011395
3.3812,0.00011392
3.3815,0.00011389
3.3819,0.00011385
3.3824,0.00011381
3.3827,0.00011378
3.3829,0.00011376
3.3833,0.00011371
3.3835,0.00011369
3.384,0.00011365
3.3846,0.00011359
3.3848,0.00011357
3.3852,0.00011353
3.3856,0.00011349
3.3858,0.00011347
3.3862,0.00011343
3.3865,0.0001134
3.3871,0.00011335
3.3873,0.00011332
3.3878,0.00011328
3.3879,0.00011326
3.3881,0.00011324
3.3884,0.00011322
3.3887,0.00011319
3.389,0.00011316
3.3894,0.00011312
3.3897,0.00011309
3.3903,0.00011303
3.3907,0.000113
3.391,0.00011297
3.3918,0.00011289
3.3921,0.00011286
3.3925,0.00011282
3.3929,0.00011278
3.3935,0.00011272
3.3936,0.00011271
3.394,0.00011268
3.3942,0.00011266
3.3946,0.00011262
3.3953,0.00011255
3.3956,0.00011252
3.3959,0.00011249
3.3964,0.00011245
3.3965,0.00011243
3.3971,0.00011238
3.3972,0.00011237
3.3974,0.00011235
3.3981,0.00011228
3.3984,0.00011225
3.3988,0.00011222
3.3991,0.00011219
3.3994,0.00011216
3.3999,0.00011211
3.4001,0.00011209
3.4004,0.00011206
3.4008,0.00011202
3.401,0.000112
3.4018,0.00011193
3.402,0.00011191
3.4024,0.00011187
3.4029,0.00011182
3.4036,0.00011175
3.404,0.00011172
3.4045,0.00011167
3.4049,0.00011163
3.4052,0.0001116
3.4054,0.00011158
3.4059,0.00011154
3.4065,0.00011148
3.4067,0.00011146
3.407,0.00011144
3.4073,0.00011141
3.4075,0.00011138
3.4081,0.00011132
3.4085,0.00011129
3.4087,0.00011127
3.409,0.00011124
3.4096,0.00011119
3.41,0.00011115
3.4104,0.00011111
3.4106,0.00011109
3.4111,0.00011104
3.4112,0.00011103
3.4117,0.00011099
3.4121,0.00011095
3.4125,0.00011091
3.4129,0.00011087
3.4132,0.00011084
3.4139,0.00011078
3.4142,0.00011075
3.4147,0.00011071
3.4152,0.00011065
3.4158,0.0001106
3.4162,0.00011056
3.4165,0.00011053
3.4168,0.0001105
3.4172,0.00011046
3.4177,0.00011042
3.4181,0.00011038
3.4183,0.00011036
3.4187,0.00011033
3.4189,0.0001103
3.4196,0.00011024
3.4202,0.00011019
3.4205,0.00011015
3.4214,0.00011007
3.4217,0.00011004
3.4219,0.00011003
3.4223,0.00010999
3.4225,0.00010997
3.4228,0.00010994
3.4233,0.0001099
3.4237,0.00010986
3.4242,0.00010981
3.4246,0.00010977
3.4253,0.00010971
3.4255,0.00010969
3.4257,0.00010967
3.4258,0.00010966
3.4264,0.0001096
3.4268,0.00010957
3.4272,0.00010953
3.4276,0.00010949
3.4281,0.00010945
3.4283,0.00010943
3.4286,0.0001094
3.4293,0.00010933
3.4297,0.0001093
3.4302,0.00010926
3.4305,0.00010923
3.431,0.00010918
3.4316,0.00010913
3.432,0.00010908
3.4326,0.00010903
3.4329,0.00010901
3.4332,0.00010898
3.4336,0.00010894
3.4341,0.00010889
3.4344,0.00010887
3.4347,0.00010884
3.4349,0.00010882
3.4352,0.00010879
3.4355,0.00010876
3.436,0.00010871
3.4367,0.00010866
3.4369,0.00010863
3.4373,0.0001086
3.4376,0.00010857
3.4384,0.0001085
3.4385,0.00010848
3.4392,0.00010843
3.4395,0.0001084
3.44,0.00010835
3.4402,0.00010833
3.4404,0.00010831
3.441,0.00010826
3.4414,0.00010822
3.442,0.00010816
3.4425,0.00010812
3.4428,0.0001081
3.4435,0.00010803
3.444,0.00010798
3.4442,0.00010797
3.4444,0.00010795
3.4449,0.0001079
3.4454,0.00010785
3.4458,0.00010782
3.4462,0.00010779
3.4466,0.00010774
3.4468,0.00010773
3.4472,0.00010769
3.4474,0.00010767
3.4478,0.00010764
3.4482,0.0001076
3.4484,0.00010758
3.4487,0.00010755
3.4494,0.00010749
3.45,0.00010744
3.4503,0.00010741
3.4509,0.00010736
3.4514,0.00010731
3.4519,0.00010727
3.452,0.00010725
3.4524,0.00010722
3.453,0.00010717
3.4532,0.00010715
3.4536,0.00010711
3.4542,0.00010706
3.4546,0.00010702
3.455,0.00010699
3.4552,0.00010697
3.4557,0.00010692
3.4561,0.00010689
3.4568,0.00010682
3.4573,0.00010678
3.4579,0.00010673
3.4582,0.0001067
3.4587,0.00010665
3.4593,0.0001066
3.4598,0.00010655
3.4603,0.00010651
3.4607,0.00010647
3.4614,0.00010641
3.4622,0.00010634
3.4626,0.0001063
3.4629,0.00010627
3.4631,0.00010625
3.4634,0.00010623
3.4638,0.0001062
3.464,0.00010618
3.4643,0.00010615
3.4647,0.00010611
3.4652,0.00010607
3.4656,0.00010603
3.4659,0.000106
3.4663,0.00010597
3.467,0.00010591
3.4673,0.00010588
3.4678,0.00010584
3.4681,0.00010581
3.4688,0.00010575
3.4692,0.00010571
3.4697,0.00010567
3.4699,0.00010565
3.4702,0.00010562
3.4707,0.00010558
3.4712,0.00010553
3.4716,0.0001055
3.472,0.00010546
3.4725,0.00010542
3.473,0.00010538
3.4734,0.00010534
3.4736,0.00010532
3.4739,0.0001053
3.4744,0.00010525
3.475,0.0001052
3.4757,0.00010513
3.476,0.00010511
3.4764,0.00010507
3.477,0.00010503
3.4773,0.00010499
3.4777,0.00010496
3.4782,0.00010492
3.4787,0.00010487
3.4794,0.00010481
3.4796,0.00010479
3.4803,0.00010473
3.4806,0.0001047
3.4812,0.00010465
3.4815,0.00010462
3.4818,0.0001046
3.482,0.00010458
3.4825,0.00010454
3.4828,0.00010451
3.483,0.00010449
3.4836,0.00010444
3.4843,0.00010438
3.4846,0.00010435
3.485,0.00010432
3.4855,0.00010427
3.4862,0.00010421
3.4867,0.00010417
3.4874,0.00010411
3.4878,0.00010407
3.4879,0.00010406
3.4884,0.00010402
3.4889,0.00010398
3.4892,0.00010395
3.4895,0.00010393
3.49,0.00010389
3.4903,0.00010386
3.4913,0.00010377
3.4917,0.00010374
3.4919,0.00010372
3.4923,0.00010368
3.4928,0.00010364
3.4932,0.00010361
3.4936,0.00010357
3.4942,0.00010352
3.4948,0.00010347
3.4952,0.00010343
3.4955,0.0001034
3.4959,0.00010338
3.4964,0.00010333
3.497,0.00010328
3.4972,0.00010326
3.4978,0.00010321
3.4984,0.00010315
3.499,0.0001031
3.4993,0.00010308
3.4997,0.00010305
3.5001,0.00010301
3.5006,0.00010297
3.501,0.00010293
3.5014,0.0001029
3.5019,0.00010286
3.5024,0.00010281
3.5029,0.00010277
3.5037,0.0001027
3.5043,0.00010265
3.5047,0.00010262
3.5054,0.00010256
3.5056,0.00010253
3.5059,0.00010251
3.5063,0.00010248
3.5067,0.00010244
3.5072,0.0001024
3.5079,0.00010234
3.5083,0.00010231
3.5087,0.00010227
3.5094,0.00010221
3.51,0.00010216
3.5102,0.00010215
3.5105,0.00010212
3.5107,0.0001021
3.5111,0.00010206
3.5116,0.00010202
3.5119,0.000102
3.5124,0.00010196
3.5127,0.00010193
3.5134,0.00010187
3.5138,0.00010184
3.5142,0.0001018
3.5148,0.00010176
3.5153,0.00010171
3.5159,0.00010166
3.5167,0.0001016
3.5171,0.00010156
3.5176,0.00010152
3.5179,0.0001015
3.5183,0.00010146
3.5188,0.00010142
3.5192,0.00010138
3.5196,0.00010135
3.52,0.00010131
3.5207,0.00010126
3.5212,0.00010122
3.5215,0.00010119
3.5218,0.00010116
3.5225,0.00010111
3.5227,0.00010109
3.5234,0.00010103
3.5237,0.000101
3.5242,0.00010096
3.5246,0.00010093
3.525,0.0001009
3.5254,0.00010086
3.5262,0.0001008
3.5266,0.00010076
3.5272,0.00010071
3.5279,0.00010065
3.5284,0.00010061
3.5288,0.00010058
3.5293,0.00010054
3.5295,0.00010052
3.5298,0.00010049
3.5302,0.00010046
3.5307,0.00010042
3.5311,0.00010038
3.5316,0.00010034
3.5321,0.0001003
3.5324,0.00010027
3.5332,0.00010021
3.5335,0.00010018
3.5341,0.00010014
3.535,0.00010006
3.5353,0.00010004
3.5355,0.00010002
3.536,9.9977e-005
3.5366,9.9926e-005
3.5369,9.9907e-005
3.5376,9.9845e-005
3.5379,9.982e-005
3.5383,9.9791e-005
3.539,9.9735e-005
3.5393,9.9711e-005
3.5397,9.9678e-005
3.54,9.9647e-005
3.5406,9.9603e-005
3.5409,9.9579e-005
3.5414,9.9531e-005
3.5421,9.948e-005
3.5425,9.9447e-005
3.5432,9.9383e-005
3.5437,9.9346e-005
3.544,9.9318e-005
3.5443,9.9297e-005
3.545,9.9242e-005
3.5457,9.9184e-005
3.546,9.916e-005
3.5467,9.91e-005
3.5471,9.9062e-005
3.5476,9.9021e-005
3.5478,9.9004e-005
3.5479,9.8996e-005
3.5485,9.8947e-005
3.5487,9.8931e-005
3.5495,9.8872e-005
3.55,9.8825e-005
3.551,9.8746e-005
3.5514,9.8711e-005
3.552,9.8665e-005
3.5525,9.8622e-005
3.5531,9.8573e-005
3.5536,9.8533e-005
3.554,9.85e-005
3.5543,9.8476e-005
3.5545,9.846e-005
3.5554,9.8387e-005
3.5561,9.8331e-005
3.5566,9.829e-005
3.5571,9.8252e-005
3.5578,9.8192e-005
3.5583,9.8155e-005
3.5588,9.8113e-005
3.5591,9.8089e-005
3.5595,9.8057e-005
3.5602,9.7999e-005
3.5604,9.7982e-005
3.5611,9.793e-005
3.5613,9.7912e-005
3.5619,9.7866e-005
3.5624,9.7826e-005
3.5632,9.776e-005
3.5639,9.7706e-005
3.5645,9.7656e-005
3.5648,9.7632e-005
3.5653,9.7592e-005
3.5656,9.7569e-005
3.5662,9.7521e-005
3.5666,9.7489e-005
3.5669,9.7459e-005
3.5674,9.7419e-005
3.568,9.7377e-005
3.5686,9.7328e-005
3.5688,9.7312e-005
3.5693,9.7268e-005
3.5695,9.7252e-005
3.57,9.7211e-005
3.5706,9.7163e-005
3.571,9.7132e-005
3.5718,9.7074e-005
3.572,9.7053e-005
3.5729,9.6983e-005
3.5731,9.6964e-005
3.5736,9.6926e-005
3.5741,9.6885e-005
3.5747,9.684e-005
3.5754,9.6786e-005
3.5759,9.6743e-005
3.5764,9.6706e-005
3.5769,9.6666e-005
3.577,9.6659e-005
3.5774,9.6629e-005
3.5776,9.6606e-005
3.5783,9.6555e-005
3.5785,9.6541e-005
3.5789,9.6504e-005
3.5795,9.6461e-005
3.5802,9.64e-005
3.5807,9.6361e-005
3.5811,9.6336e-005
3.5816,9.6291e-005
3.5823,9.6242e-005
3.5829,9.6191e-005
3.5833,9.616e-005
3.5836,9.6133e-005
3.5841,9.6098e-005
3.5847,9.6049e-005
3.5853,9.6003e-005
3.5856,9.5979e-005
3.5859,9.5956e-005
3.5863,9.5925e-005
3.5872,9.5853e-005
3.5876,9.5819e-005
3.588,9.5788e-005
3.5887,9.5733e-005
3.5891,9.5703e-005
3.5894,9.5683e-005
3.59,9.5631e-005
3.5905,9.5591e-005
3.5907,9.5575e-005
3.5913,9.5529e-005
3.5918,9.5492e-005
3.5924,9.5448e-005
3.5933,9.5379e-005
3.5938,9.5339e-005
3.5943,9.5298e-005
3.5947,9.5264e-005
3.595,9.5241e-005
3.5952,9.5231e-005
3.5956,9.5195e-005
3.5959,9.5172e-005
3.5965,9.513e-005
3.5971,9.5078e-005
3.5978,9.5023e-005
3.5986,9.4966e-005
3.599,9.4931e-005
3.5997,9.488e-005
3.6004,9.4826e-005
3.6008,9.4794e-005
3.6015,9.4743e-005
3.6018,9.4714e-005
3.6025,9.4661e-005
3.6031,9.4614e-005
3.6037,9.4566e-005
3.6041,9.4538e-005
3.6044,9.4515e-005
3.6056,9.4424e-005
3.6061,9.4389e-005
3.6066,9.4349e-005
3.6069,9.4326e-005
3.6073,9.429e-005
3.608,9.4238e-005
3.6089,9.417e-005
3.6092,9.4145e-005
3.61,9.4085e-005
3.6106,9.404e-005
3.6113,9.399e-005
3.612,9.3935e-005
3.6125,9.3898e-005
3.6129,9.386e-005
3.6132,9.3843e-005
3.6135,9.3815e-005
3.6138,9.3793e-005
3.6143,9.3757e-005
3.6147,9.3724e-005
3.6154,9.3673e-005
3.6159,9.3634e-005
3.6168,9.3569e-005
3.6173,9.353e-005
3.6175,9.3511e-005
3.6183,9.345e-005
3.6185,9.3435e-005
3.6191,9.3391e-005
3.6198,9.334e-005
3.6202,9.3311e-005
3.6206,9.3281e-005
3.6209,9.3257e-005
3.6214,9.3218e-005
3.6221,9.3168e-005
3.6227,9.3116e-005
3.6231,9.3089e-005
3.6235,9.3057e-005
3.6244,9.2991e-005
3.6247,9.2969e-005
3.625,9.2947e-005
3.6253,9.2923e-005
3.6259,9.2879e-005
3.6261,9.2866e-005
3.6267,9.2814e-005
3.6276,9.2746e-005
3.628,9.2719e-005
3.6283,9.2697e-005
3.6289,9.2653e-005
3.6294,9.2614e-005
3.6303,9.255e-005
3.6308,9.2512e-005
3.6312,9.2483e-005
3.6318,9.2433e-005
3.6324,9.2391e-005
3.6327,9.2369e-005
3.6331,9.2337e-005
3.6335,9.2304e-005
3.6341,9.2264e-005
3.6348,9.2209e-005
3.6355,9.2157e-005
3.6359,9.2129e-005
3.6363,9.21e-005
3.6366,9.2075e-005
3.6372,9.2031e-005
3.638,9.1975e-005
3.6384,9.1939e-005
3.639,9.1901e-005
3.6396,9.1852e-005
3.6403,9.1802e-005
3.6411,9.1744e-005
3.6417,9.1699e-005
3.6419,9.1684e-005
3.6425,9.1638e-005
3.6427,9.1621e-005
3.6432,9.1585e-005
3.6436,9.1558e-005
3.644,9.1526e-005
3.6448,9.1469e-005
3.6452,9.1442e-005
3.6456,9.1408e-005
3.6465,9.1343e-005
3.6471,9.1298e-005
3.6481,9.1225e-005
3.6485,9.1198e-005
3.6491,9.1154e-005
3.6495,9.112e-005
3.65,9.1082e-005
3.6505,9.1049e-005
3.6511,9.1e-005
3.6516,9.0968e-005
3.6519,9.0942e-005
3.6525,9.0899e-005
3.6529,9.0869e-005
3.6539,9.08e-005
3.6543,9.0771e-005
3.6545,9.0752e-005
3.655,9.0722e-005
3.6557,9.067e-005
3.6564,9.0614e-005
3.6568,9.0587e-005
3.6575,9.0533e-005
3.658,9.0497e-005
3.6585,9.046e-005
3.6593,9.0402e-005
3.6602,9.0341e-005
3.6606,9.0307e-005
3.6612,9.027e-005
3.6615,9.0242e-005
3.6621,9.02e-005
3.6626,9.0165e-005
3.6632,9.0121e-005
3.6635,9.0097e-005
3.6649,8.9997e-005
3.6654,8.9964e-005
3.6661,8.9911e-005
3.6663,8.9897e-005
3.6668,8.9859e-005
3.6675,8.9809e-005
3.6679,8.9781e-005
3.6686,8.973e-005
3.6694,8.9676e-005
3.6699,8.9636e-005
3.6704,8.9605e-005
3.6707,8.9577e-005
3.6712,8.9546e-005
3.6722,8.9475e-005
3.6725,8.9453e-005
3.6727,8.9434e-005
3.6732,8.9399e-005
3.6738,8.9356e-005
3.6746,8.9304e-005
3.6751,8.9268e-005
3.6759,8.9204e-005
3.6766,8.9159e-005
3.6769,8.9135e-005
3.6776,8.9089e-005
3.6782,8.9042e-005
3.6786,8.9013e-005
3.6792,8.8974e-005
3.6794,8.8956e-005
3.68,8.8917e-005
3.6802,8.8902e-005
3.6808,8.8857e-005
3.6813,8.8819e-005
3.6821,8.8766e-005
3.6829,8.8712e-005
3.6837,8.865e-005
3.684,8.863e-005
3.6843,8.8609e-005
3.6848,8.8574e-005
3.6854,8.8533e-005
3.6861,8.848e-005
3.6867,8.8439e-005
3.6873,8.8393e-005
3.6878,8.8365e-005
3.6888,8.8292e-005
3.689,8.8278e-005
3.6896,8.8237e-005
3.6901,8.8202e-005
3.6905,8.8168e-005
3.691,8.8134e-005
3.6916,8.8096e-005
3.6919,8.8075e-005
3.6927,8.8018e-005
3.6931,8.7988e-005
3.6943,8.7907e-005
3.6947,8.7878e-005
3.6957,8.7806e-005
3.6959,8.7789e-005
3.6967,8.7735e-005
3.6974,8.7684e-005
3.6976,8.7672e-005
3.6982,8.763e-005
3.6985,8.7612e-005
3.6992,8.7563e-005
3.6996,8.753e-005
3.7002,8.749e-005
3.7011,8.7431e-005
3.7018,8.7376e-005
3.7022,8.735e-005
3.7026,8.7321e-005
3.7031,8.7291e-005
3.7037,8.725e-005
3.7044,8.7197e-005
3.7051,8.7152e-005
3.7059,8.7097e-005
3.7064,8.7057e-005
3.7072,8.7006e-005
3.7078,8.6963e-005
3.708,8.6947e-005
3.7083,8.6932e-005
3.7088,8.6892e-005
3.7095,8.6846e-005
3.7099,8.6818e-005
3.7103,8.6788e-005
3.711,8.674e-005
3.7114,8.6712e-005
3.7124,8.6647e-005
3.7131,8.6594e-005
3.7135,8.6571e-005
3.7141,8.6532e-005
3.7145,8.6504e-005
3.7153,8.6447e-005
3.7158,8.6411e-005
3.7164,8.6373e-005
3.717,8.6327e-005
3.7173,8.6306e-005
3.7179,8.6268e-005
3.7183,8.6237e-005
3.7187,8.6215e-005
3.7197,8.6145e-005
3.7202,8.6112e-005
3.7205,8.6093e-005
3.7208,8.6071e-005
3.7214,8.6029e-005
3.7223,8.5969e-005
3.7227,8.5937e-005
3.7239,8.5859e-005
3.7245,8.582e-005
3.7253,8.576e-005
3.7259,8.5723e-005
3.7264,8.5686e-005
3.7267,8.567e-005
3.7271,8.5639e-005
3.728,8.5583e-005
3.7284,8.5549e-005
3.7288,8.5528e-005
3.7293,8.549e-005
3.7299,8.5453e-005
3.7307,8.54e-005
3.7316,8.5336e-005
3.7318,8.5323e-005
3.7322,8.5297e-005
3.7328,8.5255e-005
3.7333,8.5222e-005
3.7341,8.5169e-005
3.7346,8.5131e-005
3.7353,8.5088e-005
3.7359,8.5049e-005
3.7362,8.5024e-005
3.7369,8.4979e-005
3.7373,8.4954e-005
3.7376,8.493e-005
3.7381,8.4897e-005
3.7388,8.4854e-005
3.7391,8.4833e-005
3.7396,8.4795e-005
3.7403,8.4752e-005
3.7411,8.47e-005
3.7423,8.4619e-005
3.743,8.4572e-005
3.7437,8.4525e-005
3.7442,8.4491e-005
3.7449,8.4446e-005
3.7454,8.4411e-005
3.7455,8.4403e-005
3.7464,8.4345e-005
3.747,8.4307e-005
3.7476,8.4266e-005
3.7483,8.4219e-005
3.7491,8.4166e-005
3.7499,8.4114e-005
3.7502,8.4091e-005
3.7505,8.4072e-005
3.7513,8.4016e-005
3.7521,8.3969e-005
3.7529,8.3914e-005
3.7538,8.3852e-005
3.7545,8.3807e-005
3.755,8.3777e-005
3.7555,8.3745e-005
3.7557,8.3728e-005
3.7561,8.3703e-005
3.7568,8.3658e-005
3.7573,8.3622e-005
3.7577,8.3597e-005
3.7584,8.3549e-005
3.759,8.3511e-005
3.7599,8.3455e-005
3.7609,8.3385e-005
3.7614,8.3356e-005
3.7617,8.3331e-005
3.7622,8.3299e-005
3.7631,8.3245e-005
3.7637,8.3202e-005
3.7642,8.3171e-005
3.7648,8.313e-005
3.7653,8.3098e-005
3.7658,8.3065e-005
3.7664,8.3029e-005
3.767,8.2987e-005
3.7675,8.2957e-005
3.7681,8.2918e-005
3.7686,8.2882e-005
3.769,8.2857e-005
3.7698,8.2808e-005
3.7705,8.2761e-005
3.7715,8.2694e-005
3.7724,8.2638e-005
3.7726,8.2621e-005
3.7735,8.2566e-005
3.7738,8.2548e-005
3.7744,8.2506e-005
3.7749,8.2475e-005
3.7757,8.2421e-005
3.7761,8.2397e-005
3.7769,8.2348e-005
3.7776,8.2298e-005
3.7784,8.2252e-005
3.7793,8.2193e-005
3.7796,8.2175e-005
3.78,8.2149e-005
3.7806,8.2107e-005
3.7811,8.2077e-005
3.7821,8.2009e-005
3.7829,8.1961e-005
3.7833,8.1934e-005
3.7837,8.1909e-005
3.7847,8.1843e-005
3.785,8.1829e-005
3.7854,8.1801e-005
3.7859,8.1769e-005
3.7867,8.1719e-005
3.7871,8.1695e-005
3.7876,8.1662e-005
3.7886,8.1599e-005
3.7889,8.1578e-005
3.79,8.151e-005
3.7908,8.1457e-005
3.7911,8.1439e-005
3.7915,8.1412e-005
3.792,8.1378e-005
3.7926,8.1342e-005
3.7932,8.1307e-005
3.7934,8.129e-005
3.7944,8.123e-005
3.7949,8.1194e-005
3.7955,8.1159e-005
3.7964,8.1101e-005
3.7972,8.1053e-005
3.7978,8.1013e-005
3.7982,8.0986e-005
3.799,8.0939e-005
3.7996,8.09e-005
3.8003,8.0853e-005
3.8015,8.0776e-005
3.8018,8.0763e-005
3.8021,8.0741e-005
3.8027,8.0702e-005
3.8031,8.0678e-005
3.8035,8.0655e-005
3.804,8.0623e-005
3.8047,8.0578e-005
3.8055,8.0529e-005
3.8063,8.0478e-005
3.8069,8.0439e-005
3.8081,8.0366e-005
3.809,8.0311e-005
3.8092,8.0298e-005
3.8097,8.0263e-005
3.8104,8.0223e-005
3.8112,8.0171e-005
3.8117,8.0142e-005
3.812,8.012e-005
3.8128,8.0072e-005
3.8133,8.0042e-005
3.8138,8.0009e-005
3.8145,7.9968e-005
3.8152,7.9927e-005
3.8159,7.9882e-005
3.8164,7.9849e-005
3.8169,7.982e-005
3.8173,7.9796e-005
3.8183,7.9731e-005
3.8187,7.971e-005
3.8198,7.9641e-005
3.8204,7.9601e-005
3.8206,7.9591e-005
3.8209,7.9568e-005
3.8215,7.9537e-005
3.8222,7.9491e-005
3.8227,7.9458e-005
3.8235,7.9411e-005
3.8239,7.9384e-005
3.8246,7.9346e-005
3.8252,7.9309e-005
3.8261,7.9249e-005
3.8272,7.9184e-005
3.8276,7.9158e-005
3.828,7.9134e-005
3.8288,7.9089e-005
3.8298,7.9022e-005
3.8302,7.8998e-005
3.8307,7.8969e-005
3.8313,7.8935e-005
3.8319,7.8897e-005
3.8325,7.8857e-005
3.8331,7.8825e-005
3.8339,7.8774e-005
3.8346,7.8733e-005
3.835,7.8705e-005
3.8355,7.8676e-005
3.8366,7.861e-005
3.8372,7.8576e-005
3.8384,7.8503e-005
3.839,7.8463e-005
3.8394,7.8438e-005
3.8398,7.8415e-005
3.8407,7.8362e-005
3.8412,7.833e-005
3.8423,7.8265e-005
3.8429,7.823e-005
3.8436,7.8186e-005
3.8444,7.8141e-005
3.8453,7.8082e-005
3.846,7.8041e-005
3.8462,7.8032e-005
3.8469,7.7986e-005
3.848,7.792e-005
3.8487,7.7881e-005
3.8491,7.7855e-005
3.8497,7.7819e-005
3.8502,7.7787e-005
3.8511,7.7734e-005
3.8517,7.7698e-005
3.8527,7.7643e-005
3.8534,7.7596e-005
3.8541,7.7558e-005
3.8545,7.7533e-005
3.8554,7.748e-005
3.8567,7.7402e-005
3.8571,7.7376e-005
3.8576,7.7347e-005
3.8582,7.7312e-005
3.8586,7.729e-005
3.8595,7.7234e-005
3.8598,7.7218e-005
3.8608,7.7159e-005
3.8613,7.7131e-005
3.862,7.7086e-005
3.8628,7.7043e-005
3.8637,7.6986e-005
3.8646,7.6934e-005
3.865,7.6913e-005
3.8659,7.6856e-005
3.8663,7.6834e-005
3.8675,7.6761e-005
3.8679,7.6741e-005
3.8684,7.671e-005
3.869,7.6677e-005
3.8695,7.6644e-005
3.8703,7.6597e-005
3.871,7.656e-005
3.8717,7.6515e-005
3.8725,7.6471e-005
3.8727,7.6456e-005
3.8736,7.6403e-005
3.8747,7.6339e-005
3.8756,7.6291e-005
3.8763,7.6248e-005
3.8769,7.6212e-005
3.8772,7.6195e-005
3.8778,7.6161e-005
3.8784,7.6127e-005
3.8791,7.6083e-005
3.8799,7.6037e-005
3.8806,7.5994e-005
3.8816,7.5941e-005
3.8825,7.5887e-005
3.8832,7.5845e-005
3.8836,7.5825e-005
3.8846,7.5765e-005
3.8857,7.5703e-005
3.8864,7.566e-005
3.8868,7.564e-005
3.8873,7.5611e-005
3.8886,7.5534e-005
3.8891,7.5506e-005
3.8894,7.5486e-005
3.8904,7.543e-005
3.8909,7.5404e-005
3.8915,7.5367e-005
3.8923,7.532e-005
3.8935,7.5251e-005
3.8944,7.5199e-005
3.8952,7.5153e-005
3.896,7.511e-005
3.8962,7.5095e-005
3.8971,7.5048e-005
3.8973,7.5032e-005
3.898,7.4992e-005
3.8987,7.4953e-005
3.8993,7.4922e-005
3.9003,7.4861e-005
3.9011,7.4819e-005
3.902,7.4768e-005
3.9023,7.4748e-005
3.9032,7.4697e-005
3.9038,7.4664e-005
3.9051,7.4593e-005
3.9053,7.4578e-005
3.9058,7.4552e-005
3.9063,7.4521e-005
3.9074,7.446e-005
3.9078,7.4439e-005
3.9088,7.4379e-005
3.9093,7.4352e-005
3.9102,7.4305e-005
3.9105,7.4284e-005
3.912,7.4203e-005
3.9126,7.4168e-005
3.9133,7.4129e-005
3.914,7.4088e-005
3.9147,7.405e-005
3.9152,7.4019e-005
3.9158,7.3989e-005
3.9161,7.3969e-005
3.9165,7.395e-005
3.9174,7.3898e-005
3.9179,7.387e-005
3.9189,7.3813e-005
3.9198,7.3764e-005
3.9204,7.3727e-005
3.9207,7.3712e-005
3.9217,7.3656e-005
3.9224,7.3616e-005
3.9235,7.3556e-005
3.9241,7.3526e-005
3.9243,7.3511e-005
3.9249,7.348e-005
3.9259,7.3425e-005
3.9262,7.3406e-005
3.9273,7.3345e-005
3.9278,7.3315e-005
3.9288,7.3261e-005
3.93,7.3195e-005
3.9309,7.3144e-005
3.9314,7.3121e-005
3.9324,7.3066e-005
3.9329,7.3036e-005
3.9336,7.2995e-005
3.9345,7.2945e-005
3.9349,7.2927e-005
3.9357,7.2883e-005
3.9365,7.2839e-005
3.9371,7.2803e-005
3.938,7.2757e-005
3.9388,7.2709e-005
3.9394,7.268e-005
3.9403,7.263e-005
3.9416,7.2557e-005
3.9421,7.2528e-005
3.9429,7.2488e-005
3.9434,7.2458e-005
3.9442,7.2416e-005
3.9449,7.238e-005
3.9454,7.2351e-005
3.9461,7.2312e-005
3.9468,7.2272e-005
3.9475,7.2237e-005
3.9486,7.2176e-005
3.9494,7.2131e-005
3.95,7.2102e-005
3.9511,7.204e-005
3.9523,7.1976e-005
3.9527,7.1955e-005
3.953,7.1936e-005
3.9534,7.1916e-005
3.9543,7.1868e-005
3.9552,7.1819e-005
3.9558,7.1787e-005
3.9568,7.1735e-005
3.9575,7.1694e-005
3.958,7.1666e-005
3.9588,7.1623e-005
3.9604,7.1536e-005
3.9609,7.1511e-005
3.9617,7.1469e-005
3.962,7.1455e-005
3.9625,7.1425e-005
3.9636,7.1369e-005
3.9641,7.134e-005
3.9644,7.1322e-005
3.9654,7.1273e-005
3.9661,7.1231e-005
3.9669,7.1193e-005
3.9679,7.1138e-005
3.9686,7.11e-005
3.9697,7.1043e-005
3.9711,7.0969e-005
3.9713,7.0958e-005
3.9718,7.093e-005
3.9722,7.0908e-005
3.9728,7.0875e-005
3.9739,7.0818e-005
3.9747,7.0776e-005
3.9756,7.0728e-005
3.9765,7.0682e-005
3.9774,7.0633e-005
3.9786,7.0569e-005
3.9792,7.054e-005
3.9798,7.0506e-005
3.9806,7.0465e-005
3.9811,7.0438e-005
3.9822,7.0381e-005
3.9825,7.0365e-005
3.983,7.0338e-005
3.9844,7.0264e-005
3.9854,7.0212e-005
3.9864,7.0161e-005
3.9872,7.0119e-005
3.9882,7.0065e-005
3.9896,6.9995e-005
3.99,6.9974e-005
3.9903,6.9956e-005
3.9907,6.9935e-005
3.9914,6.99e-005
3.9924,6.9847e-005
3.993,6.9818e-005
3.9938,6.9772e-005
3.9946,6.9732e-005
3.9953,6.9697e-005
3.9963,6.9644e-005
3.9974,6.9588e-005
3.9979,6.956e-005
3.9991,6.9501e-005
3.9994,6.9483e-005
4.0002,6.9442e-005
4.001,6.9401e-005
4.0014,6.9383e-005
4.0025,6.9323e-005
4.0033,6.9282e-005
4.0043,6.9233e-005
4.0052,6.9186e-005
4.0059,6.9149e-005
4.0074,6.9073e-005
4.0085,6.9014e-005
4.0088,6.9002e-005
4.0092,6.8979e-005
4.0099,6.8943e-005
4.0109,6.8893e-005
4.0115,6.886e-005
4.0123,6.8821e-005
4.0132,6.8778e-005
4.0141,6.8731e-005
4.0154,6.8663e-005
4.0162,6.8623e-005
4.0165,6.8607e-005
4.0176,6.855e-005
4.0184,6.851e-005
4.0194,6.8462e-005
4.0198,6.844e-005
4.0204,6.8407e-005
4.0215,6.8355e-005
4.0223,6.8313e-005
4.0233,6.8261e-005
4.0241,6.8225e-005
4.0247,6.8195e-005
4.0262,6.8118e-005
4.0271,6.8073e-005
4.0276,6.8046e-005
4.0282,6.8018e-005
4.0287,6.799e-005
4.0301,6.7923e-005
4.0305,6.7898e-005
4.0316,6.7845e-005
4.0323,6.7808e-005
4.0332,6.7765e-005
4.0343,6.7708e-005
4.0351,6.767e-005
4.0363,6.7613e-005
4.0372,6.7564e-005
4.0379,6.7533e-005
4.0383,6.7511e-005
4.0388,6.7486e-005
4.0394,6.7455e-005
4.0404,6.7407e-005
4.0416,6.7346e-005
4.042,6.7327e-005
4.043,6.7276e-005
4.0439,6.7232e-005
4.0454,6.716e-005
4.0459,6.7133e-005
4.0464,6.7108e-005
4.0469,6.7085e-005
4.0475,6.7056e-005
4.0487,6.6995e-005
4.049,6.6981e-005
4.0499,6.6936e-005
4.051,6.6884e-005
4.052,6.6836e-005
4.0528,6.6793e-005
4.0537,6.6749e-005
4.0549,6.6689e-005
4.0561,6.6635e-005
4.0564,6.6618e-005
4.0569,6.6595e-005
4.0576,6.6561e-005
4.0589,6.6494e-005
4.0595,6.6467e-005
4.0604,6.6423e-005
4.0616,6.6366e-005
4.0625,6.6321e-005
4.0638,6.6256e-005
4.065,6.6201e-005
4.0654,6.618e-005
4.0659,6.6156e-005
4.0669,6.6105e-005
4.0675,6.6078e-005
4.0687,6.6019e-005
4.0696,6.5979e-005
4.0705,6.5935e-005
4.0715,6.5886e-005
4.0724,6.5844e-005
4.0736,6.5782e-005
4.0747,6.5731e-005
4.075,6.5718e-005
4.0754,6.5698e-005
4.0763,6.5652e-005
4.0777,6.5585e-005
4.0782,6.5565e-005
4.0794,6.5506e-005
4.0804,6.546e-005
4.0814,6.541e-005
4.0825,6.5356e-005
4.083,6.5332e-005
4.0841,6.5282e-005
4.0844,6.5266e-005
4.0856,6.5211e-005
4.0862,6.518e-005
4.0873,6.5128e-005
4.0882,6.5085e-005
4.0893,6.5036e-005
4.0902,6.4991e-005
4.0911,6.4949e-005
4.0923,6.489e-005
4.0934,6.4838e-005
4.0938,6.4823e-005
4.0945,6.4786e-005
4.0951,6.476e-005
4.0965,6.4693e-005
4.097,6.4671e-005
4.0982,6.4614e-005
4.0992,6.4567e-005
4.1008,6.4492e-005
4.1016,6.4452e-005
4.1028,6.44e-005
4.1031,6.4385e-005
4.1039,6.4346e-005
4.1048,6.4303e-005
4.1056,6.4268e-005
4.1068,6.4209e-005
4.1074,6.4182e-005
4.1089,6.4113e-005
4.1098,6.4074e-005
4.111,6.4015e-005
4.1123,6.3958e-005
4.1125,6.3946e-005
4.1132,6.3913e-005
4.1139,6.3883e-005
4.1153,6.3819e-005
4.1155,6.3808e-005
4.1168,6.3748e-005
4.1179,6.3698e-005
4.119,6.3648e-005
4.1201,6.3597e-005
4.1213,6.3542e-005
4.1217,6.3522e-005
4.1226,6.3482e-005
4.1232,6.3453e-005
4.1238,6.3428e-005
4.1254,6.3352e-005
4.126,6.3324e-005
4.1276,6.3251e-005
4.1286,6.3207e-005
4.1301,6.3139e-005
4.131,6.3098e-005
4.1313,6.3082e-005
4.1321,6.3046e-005
4.1335,6.2984e-005
4.1342,6.2953e-005
4.1353,6.2902e-005
4.1361,6.2864e-005
4.1371,6.2818e-005
4.1388,6.2742e-005
4.1401,6.2685e-005
4.1406,6.2663e-005
4.1414,6.2628e-005
4.1419,6.2604e-005
4.1426,6.2573e-005
4.1439,6.2511e-005
4.1446,6.2481e-005
4.1457,6.2431e-005
4.1468,6.2382e-005
4.1477,6.2342e-005
4.1495,6.2264e-005
4.15,6.224e-005
4.1506,6.2212e-005
4.1512,6.2187e-005
4.1523,6.2137e-005
4.1529,6.2111e-005
4.1543,6.2047e-005
4.1552,6.2007e-005
4.1566,6.1947e-005
4.1576,6.1903e-005
4.1589,6.1845e-005
4.1595,6.1818e-005
4.1601,6.1788e-005
4.1611,6.1747e-005
4.1615,6.1727e-005
4.163,6.1659e-005
4.1644,6.1598e-005
4.1654,6.1554e-005
4.1665,6.1508e-005
4.1682,6.1433e-005
4.1689,6.1403e-005
4.1696,6.1372e-005
4.1705,6.1331e-005
4.1714,6.129e-005
4.1724,6.1249e-005
4.1734,6.1205e-005
4.1746,6.115e-005
4.1763,6.1078e-005
4.1776,6.1019e-005
4.1783,6.0991e-005
4.1789,6.0964e-005
4.1799,6.0923e-005
4.1808,6.088e-005
4.1818,6.084e-005
4.1832,6.0776e-005
4.1842,6.0733e-005
4.1853,6.0688e-005
4.1868,6.0622e-005
4.1876,6.0585e-005
4.1883,6.0557e-005
4.1893,6.0513e-005
4.1902,6.0477e-005
4.1913,6.0426e-005
4.1922,6.0389e-005
4.1934,6.0338e-005
4.195,6.0267e-005
4.1964,6.0208e-005
4.1971,6.0179e-005
4.1976,6.0157e-005
4.1985,6.0121e-005
4.1996,6.007e-005
4.2005,6.0035e-005
4.202,5.9971e-005
4.203,5.9927e-005
4.2041,5.9882e-005
4.2054,5.9825e-005
4.2064,5.9781e-005
4.207,5.9756e-005
4.208,5.9713e-005
4.2089,5.9677e-005
4.2101,5.9624e-005
4.211,5.9588e-005
4.2121,5.954e-005
4.2136,5.9478e-005
4.2152,5.9411e-005
4.2159,5.938e-005
4.2164,5.9359e-005
4.2173,5.9324e-005
4.2184,5.9275e-005
4.2192,5.9243e-005
4.2207,5.9179e-005
4.2217,5.9137e-005
4.2232,5.9074e-005
4.2242,5.9035e-005
4.2254,5.8985e-005
4.226,5.8958e-005
4.2268,5.8924e-005
4.2276,5.8892e-005
4.2293,5.8822e-005
4.2299,5.8797e-005
4.2317,5.8722e-005
4.2328,5.8677e-005
4.2346,5.8603e-005
4.2347,5.8596e-005
4.2356,5.856e-005
4.2366,5.8521e-005
4.2379,5.8465e-005
4.2388,5.8431e-005
4.2399,5.8383e-005
4.2416,5.8312e-005
4.2428,5.8266e-005
4.2441,5.8213e-005
4.2445,5.8195e-005
4.2453,5.8161e-005
4.2466,5.8107e-005
4.2481,5.8048e-005
4.2495,5.7991e-005
4.2506,5.7947e-005
4.2523,5.7876e-005
4.2534,5.7831e-005
4.2541,5.7805e-005
4.2549,5.7772e-005
4.2561,5.7724e-005
4.2576,5.7664e-005
4.2586,5.7622e-005
4.2604,5.7548e-005
4.2628,5.7454e-005
4.2632,5.7435e-005
4.264,5.7402e-005
4.2651,5.7361e-005
4.2666,5.7302e-005
4.2674,5.7268e-005
4.2693,5.7192e-005
4.271,5.7122e-005
4.2722,5.7075e-005
4.2728,5.7053e-005
4.2735,5.7024e-005
4.2746,5.6981e-005
4.2755,5.6944e-005
4.2772,5.6876e-005
4.2786,5.6822e-005
4.2802,5.6757e-005
4.2816,5.6701e-005
4.2821,5.6681e-005
4.2829,5.6652e-005
4.284,5.6609e-005
4.2856,5.6543e-005
4.2871,5.6486e-005
4.2883,5.6439e-005
4.2903,5.6359e-005
4.2911,5.6329e-005
4.2917,5.6305e-005
4.2925,5.6273e-005
4.2941,5.6211e-005
4.2952,5.6169e-005
4.297,5.6099e-005
4.2988,5.6027e-005
4.3003,5.5969e-005
4.301,5.5944e-005
4.3022,5.5896e-005
4.303,5.5866e-005
4.3044,5.581e-005
4.3059,5.5752e-005
4.3075,5.569e-005
4.3092,5.5625e-005
4.3102,5.5585e-005
4.3109,5.556e-005
4.3119,5.5522e-005
4.313,5.5477e-005
4.3147,5.5411e-005
4.3161,5.536e-005
4.3179,5.529e-005
4.3194,5.5235e-005
4.3201,5.5207e-005
4.321,5.5171e-005
4.3222,5.5125e-005
4.3233,5.5085e-005
4.3251,5.5016e-005
4.3271,5.4938e-005
4.3287,5.4879e-005
4.3293,5.4858e-005
4.3304,5.4815e-005
4.3315,5.4772e-005
4.3333,5.4706e-005
4.3348,5.4648e-005
4.3367,5.4578e-005
4.3382,5.4522e-005
4.3391,5.4486e-005
4.34,5.4455e-005
4.3418,5.4387e-005
4.3434,5.4326e-005
4.345,5.4266e-005
4.3467,5.4204e-005
4.3479,5.416e-005
4.3484,5.4139e-005
4.3495,5.4099e-005
4.3508,5.4051e-005
4.3524,5.3991e-005
4.3544,5.3918e-005
4.3567,5.3834e-005
4.3574,5.3806e-005
4.3586,5.3762e-005
4.3598,5.3717e-005
4.3622,5.3631e-005
4.3638,5.3573e-005
4.3655,5.3511e-005
4.3667,5.3466e-005
4.3673,5.3442e-005
4.3689,5.3384e-005
4.3704,5.3331e-005
4.3722,5.3266e-005
4.374,5.32e-005
4.3757,5.3136e-005
4.3766,5.3106e-005
4.378,5.3054e-005
4.3794,5.3004e-005
4.3811,5.2943e-005
4.3831,5.287e-005
4.3852,5.2795e-005
4.3858,5.2773e-005
4.3867,5.2739e-005
4.3881,5.269e-005
4.3896,5.2635e-005
4.392,5.2552e-005
4.3944,5.2464e-005
4.395,5.2441e-005
4.3962,5.2401e-005
4.3975,5.2355e-005
4.399,5.2301e-005
4.4013,5.222e-005
4.404,5.2125e-005
4.4043,5.2112e-005
4.4054,5.2074e-005
4.4065,5.2034e-005
4.4083,5.1971e-005
4.4108,5.1885e-005
4.4131,5.1802e-005
4.4139,5.1776e-005
4.4149,5.174e-005
4.4163,5.1692e-005
4.4185,5.1616e-005
4.4207,5.1538e-005
4.4228,5.1463e-005
4.4234,5.1444e-005
4.4243,5.1413e-005
4.426,5.1352e-005
4.4285,5.1265e-005
4.4306,5.1193e-005
4.4323,5.1136e-005
4.433,5.111e-005
4.4344,5.1062e-005
4.4366,5.0987e-005
4.4388,5.0913e-005
4.4416,5.0816e-005
4.442,5.0804e-005
4.4431,5.0766e-005
4.4448,5.0706e-005
4.4473,5.062e-005
4.4494,5.055e-005
4.4513,5.0487e-005
4.4522,5.0455e-005
4.4539,5.0398e-005
4.456,5.0328e-005
4.4583,5.0251e-005
4.4606,5.0173e-005
4.4614,5.0144e-005
4.463,5.0092e-005
4.4646,5.0037e-005
4.4671,4.9953e-005
4.4699,4.986e-005
4.4706,4.9836e-005
4.4721,4.9788e-005
4.4742,4.9717e-005
4.477,4.9623e-005
4.4793,4.9547e-005
4.4802,4.9518e-005
4.4818,4.9467e-005
4.4834,4.9414e-005
4.487,4.9295e-005
4.4889,4.9232e-005
4.4898,4.9201e-005
4.4915,4.9147e-005
4.4939,4.907e-005
4.4981,4.8933e-005
4.4984,4.8922e-005
4.4995,4.8887e-005
4.5013,4.883e-005
4.5047,4.8718e-005
4.5076,4.8626e-005
4.5083,4.8603e-005
4.5097,4.8557e-005
4.5127,4.8461e-005
4.5169,4.8326e-005
4.5172,4.8315e-005
4.5183,4.8281e-005
4.5208,4.8201e-005
4.5246,4.8082e-005
4.5265,4.8019e-005
4.5275,4.7989e-005
4.5298,4.7915e-005
4.5334,4.7801e-005
4.5357,4.7728e-005
4.5367,4.7699e-005
4.5389,4.763e-005
4.5423,4.7523e-005
4.5452,4.7432e-005
4.5463,4.7398e-005
4.5486,4.7325e-005
4.5522,4.7214e-005
4.5547,4.7138e-005
4.5559,4.7099e-005
4.5584,4.7022e-005
4.5621,4.6908e-005
4.5644,4.6838e-005
4.5661,4.6786e-005
4.5691,4.6696e-005
4.5734,4.6564e-005
4.5743,4.6536e-005
4.5765,4.647e-005
4.5799,4.6367e-005
4.5832,4.6266e-005
4.5849,4.6214e-005
4.5879,4.6126e-005
4.5923,4.5992e-005
4.5936,4.5956e-005
4.596,4.5882e-005
4.6017,4.5714e-005
4.6027,4.5682e-005
4.605,4.5614e-005
4.611,4.5437e-005
4.6119,4.541e-005
4.6141,4.5347e-005
4.6205,4.516e-005
4.6216,4.5128e-005
4.6239,4.5061e-005
4.63,4.4884e-005
4.6312,4.4849e-005
4.6336,4.4778e-005
4.6397,4.4604e-005
4.6414,4.4555e-005
4.6487,4.4347e-005
4.6496,4.4321e-005
4.6517,4.426e-005
4.6585,4.4067e-005
4.6602,4.402e-005
4.6676,4.3811e-005
4.6688,4.3777e-005
4.6769,4.355e-005
4.678,4.3521e-005
4.6863,4.3291e-005
4.6872,4.3266e-005
4.6958,4.3031e-005
4.6968,4.3002e-005
4.7052,4.2772e-005
4.7064,4.274e-005
4.715,4.251e-005
4.7239,4.2268e-005
4.7248,4.2244e-005
4.7338,4.2007e-005
4.7429,4.1766e-005
4.7522,4.1522e-005
4.7616,4.1278e-005
4.771,4.1034e-005
4.7805,4.0792e-005
4.7992,4.0319e-005
