0.0031416,0
0.0062832,0
0.0088858,0
0.0099346,0
0.012566,0
0.013329,0
0.015708,0
0.016918,0
0.018318,0
0.01911,0
0.020116,0
0.021991,0
0.022654,0
0.023926,0
0.025133,0
0.025328,0
0.026657,0
0.027025,0
0.028274,0
0.028964,0
0.029638,0
0.030941,0
0.031416,0
0.032038,0
0.032799,0
0.033836,0
0.034558,0
0.035124,0
0.03582,0
0.036771,0
0.03783,0
0.038219,0
0.038859,0
0.039738,0
0.040232,0
0.040961,0
0.041321,0
0.042149,0
0.04273,0
0.043644,0
0.043982,0
0.044429,0
0.044981,0
0.045309,0
0.046385,1.0555e-309
0.047124,4.4495e-300
0.047541,7.6527e-295
0.047954,8.6976e-290
0.048771,3.5209e-280
0.049073,9.7007e-277
0.049673,4.1608e-270
0.050265,8.7169e-264
0.050657,9.8228e-260
0.050754,9.6779e-259
0.051526,4.6551e-251
0.052003,1.7427e-246
0.052663,2.345e-240
0.053407,1.0249e-233
0.053499,6.5305e-233
0.053775,1.566e-230
0.054232,1.134e-226
0.054955,9.282e-221
0.055669,3.7933e-215
0.056199,4.0105e-211
0.056636,6.9668e-208
0.057329,6.6704e-203
0.057757,6.5684e-200
0.057928,9.7746e-199
0.058437,2.6703e-195
0.059025,1.9406e-191
0.059608,9.9754e-188
0.059773,1.0785e-186
0.060348,3.6562e-183
0.060674,3.3169e-181
0.061723,4.005e-175
0.061962,8.8777e-174
0.062359,1.398e-171
0.062832,5.1234e-169
0.063145,2.3798e-167
0.063535,2.5962e-165
0.064076,1.5305e-162
0.064689,1.7335e-159
0.065372,3.4647e-156
0.065973,2.2927e-153
0.066272,5.4025e-152
0.066643,2.5914e-150
0.06716,5.0694e-148
0.067453,9.617e-147
0.067818,3.546e-145
0.068613,7.5968e-142
0.068901,1.1325e-140
0.069115,8.3429e-140
0.0694,1.151e-138
0.069755,2.8823e-137
0.070599,5.0501e-134
0.071086,3.3498e-132
0.071639,3.5221e-130
0.071777,1.1029e-129
0.072325,9.7284e-128
0.072869,7.5084e-126
0.073274,1.7975e-124
0.073543,1.4364e-123
0.073944,3.0668e-122
0.074476,1.6405e-120
0.074939,4.8673e-119
0.075464,2.1188e-117
0.07566,8.4909e-117
0.075985,8.3168e-116
0.07605,1.3065e-115
0.076503,2.9562e-114
0.077017,9.5524e-113
0.077592,4.2731e-111
0.077782,1.4796e-110
0.07854,1.8875e-108
0.078728,6.1621e-108
0.078791,9.1182e-108
0.07929,2.005e-106
0.079539,9.1329e-106
0.080095,2.5854e-104
0.080464,2.2819e-103
0.08077,1.3592e-102
0.0815,8.8335e-101
0.081681,2.4506e-100
0.081923,9.419e-100
0.082223,4.958e-099
0.082463,1.8399e-098
0.08294,2.4215e-097
0.083178,8.5928e-097
0.083651,1.0365e-095
0.084298,2.905e-094
0.084532,9.5195e-094
0.084823,4.1207e-093
0.085055,1.3115e-092
0.085461,9.6513e-092
0.085749,3.924e-091
0.085806,5.1829e-091
0.086437,1.0538e-089
0.086892,8.9217e-089
0.087289,5.5765e-088
0.087515,1.5657e-087
0.087965,1.1957e-086
0.088189,3.2534e-086
0.088468,1.1209e-085
0.088691,2.9816e-085
0.088913,7.854e-085
0.089301,4.1799e-084
0.089411,6.7035e-084
0.089962,6.8695e-083
0.090016,8.6422e-083
0.090617,1.0411e-081
0.091106,7.5989e-081
0.091323,1.8134e-080
0.091485,3.463e-080
0.091754,1.0077e-079
0.092397,1.2435e-078
0.09277,5.2159e-078
0.093036,1.4322e-077
0.093301,3.8876e-077
0.093723,1.8767e-076
0.094248,1.2909e-075
0.0943,1.5617e-075
0.094509,3.3317e-075
0.094718,7.0601e-075
0.095082,2.5864e-074
0.095548,1.3338e-073
0.095703,2.2882e-073
0.095909,4.6736e-073
0.096166,1.1314e-072
0.096779,9.09e-072
0.097034,2.1325e-071
0.09744,8.1912e-071
0.097592,1.349e-070
0.097743,2.2148e-070
0.098146,8.1852e-070
0.098347,1.5609e-069
0.098598,3.4723e-069
0.098648,4.0704e-069
0.099346,3.6424e-068
0.099792,1.4429e-067
0.09999,2.6395e-067
0.10024,5.5778e-067
0.10053,1.3558e-066
0.10058,1.5705e-066
0.10097,5.039e-066
0.10117,8.9652e-066
0.10131,1.3771e-065
0.10151,2.4311e-065
0.10194,8.5966e-065
0.10228,2.262e-064
0.10257,5.1312e-064
0.10291,1.3188e-063
0.10305,1.969e-063
0.10362,9.5687e-063
0.10372,1.2411e-062
0.10401,2.6928e-062
0.1041,3.4795e-062
0.10457,1.236e-061
0.10486,2.6154e-061
0.10533,8.9605e-061
0.10556,1.645e-060
0.10561,1.8563e-060
0.1063,1.1088e-059
0.10663,2.5128e-059
0.10672,3.1686e-059
0.10686,4.48e-059
0.107,6.3229e-059
0.10723,1.1184e-058
0.10746,1.9685e-058
0.10755,2.4647e-058
0.1081,9.3449e-058
0.10833,1.6154e-057
0.10851,2.4946e-057
0.10892,6.5618e-057
0.10928,1.5314e-056
0.1096,3.1855e-056
0.10991,6.5705e-056
0.10996,7.2816e-056
0.11014,1.0964e-055
0.11036,1.822e-055
0.11067,3.6844e-055
0.11103,8.1589e-055
0.11107,9.0049e-055
0.11134,1.6223e-054
0.11143,1.9715e-054
0.11156,2.6381e-054
0.11213,9.1732e-054
0.1124,1.6166e-053
0.11262,2.5816e-053
0.1131,7.1383e-053
0.11327,1.0289e-052
0.11349,1.6197e-052
0.11353,1.7728e-052
0.11384,3.3235e-052
0.11418,6.7604e-052
0.11436,9.6107e-052
0.11504,3.8435e-051
0.11522,5.4072e-051
0.11534,6.9755e-051
0.11551,9.7786e-051
0.11586,1.9102e-050
0.1159,2.0758e-050
0.11628,4.3629e-050
0.11641,5.5765e-050
0.11662,8.3746e-050
0.11675,1.0674e-049
0.11692,1.4725e-049
0.1173,3.0168e-049
0.11763,5.6629e-049
0.11776,7.1581e-049
0.11805,1.2318e-048
0.11826,1.8092e-048
0.1183,1.9531e-048
0.11855,3.0848e-048
0.11892,6.0792e-048
0.11938,1.377e-047
0.11955,1.848e-047
0.11963,2.1395e-047
0.11996,3.8286e-047
0.12025,6.3371e-047
0.12029,6.8075e-047
0.12041,8.4335e-047
0.12086,1.8359e-046
0.12123,3.4399e-046
0.12127,3.6867e-046
0.12139,4.536e-046
0.1222,1.7691e-045
0.12224,1.8919e-045
0.12252,3.0186e-045
0.12256,3.2258e-045
0.12268,3.9347e-045
0.12316,8.6422e-045
0.12345,1.3598e-044
0.12364,1.875e-044
0.1238,2.4208e-044
0.12396,3.1215e-044
0.1244,6.2375e-044
0.12448,7.0667e-044
0.12472,1.0257e-043
0.12511,1.8964e-043
0.12543,3.0835e-043
0.12566,4.4258e-043
0.12574,4.9893e-043
0.12602,7.5716e-043
0.12629,1.1449e-042
0.12645,1.4477e-042
0.12664,1.938e-042
0.1268,2.4441e-042
0.12711,3.8743e-042
0.1273,5.1552e-042
0.12788,1.2019e-041
0.12815,1.7748e-041
0.12823,1.9826e-041
0.12881,4.5116e-041
0.12892,5.3086e-041
0.12915,7.337e-041
0.12926,8.6181e-041
0.12942,1.0671e-040
0.12976,1.7196e-040
0.13006,2.6168e-040
0.13033,3.7664e-040
0.13074,6.6351e-040
0.13093,8.5624e-040
0.1312,1.2206e-039
0.13127,1.35e-039
0.13157,2.0155e-039
0.13195,3.3091e-039
0.13198,3.4762e-039
0.13213,4.2311e-039
0.13243,6.2516e-039
0.13258,7.5889e-039
0.13314,1.5579e-038
0.13332,1.9746e-038
0.13347,2.3847e-038
0.13366,3.0155e-038
0.13395,4.3779e-038
0.13421,6.05e-038
0.13447,8.34e-038
0.13494,1.504e-037
0.13513,1.8827e-037
0.13523,2.153e-037
0.13542,2.6898e-037
0.13564,3.5079e-037
0.13593,4.9849e-037
0.136,5.4401e-037
0.13629,7.7016e-037
0.13654,1.0414e-036
0.13697,1.7379e-036
0.13723,2.3359e-036
0.13769,4.0222e-036
0.1378,4.5548e-036
0.13794,5.373e-036
0.13812,6.599e-036
0.13827,7.7724e-036
0.13855,1.076e-035
0.1388,1.4272e-035
0.13908,1.9659e-035
0.13912,2.0458e-035
0.13944,2.923e-035
0.13954,3.2897e-035
0.13997,5.2595e-035
0.14011,6.1421e-035
0.14029,7.4499e-035
0.1405,9.3799e-035
0.14081,1.3217e-034
0.14113,1.8567e-034
0.14137,2.4134e-034
0.14151,2.8012e-034
0.14176,3.6307e-034
0.14196,4.5282e-034
0.14217,5.6402e-034
0.14224,6.0668e-034
0.14245,7.5436e-034
0.14262,9.0366e-034
0.1429,1.2042e-033
0.14328,1.7806e-033
0.14342,2.0506e-033
0.14359,2.4445e-033
0.1439,3.3469e-033
0.14417,4.4152e-033
0.14451,6.2235e-033
0.14465,7.1329e-033
0.14482,8.4528e-033
0.14496,9.6768e-033
0.14523,1.2663e-032
0.14536,1.4474e-032
0.14574,2.0853e-032
0.14604,2.8035e-032
0.14618,3.195e-032
0.14645,4.1438e-032
0.14655,4.5659e-032
0.14668,5.1942e-032
0.14709,7.6253e-032
0.14722,8.6582e-032
0.14752,1.1503e-031
0.14769,1.3457e-031
0.14789,1.6228e-031
0.14806,1.8954e-031
0.14829,2.3529e-031
0.14859,3.1006e-031
0.14895,4.3313e-031
0.14902,4.6011e-031
0.14925,5.6799e-031
0.14935,6.2139e-031
0.14978,9.1472e-031
0.15004,1.1579e-030
0.15017,1.3019e-030
0.15044,1.6439e-030
0.1508,2.2594e-030
0.15083,2.3254e-030
0.15093,2.5345e-030
0.15106,2.842e-030
0.15112,3.0089e-030
0.15161,4.6027e-030
0.15164,4.7341e-030
0.15184,5.602e-030
0.15197,6.2643e-030
0.1521,7.0022e-030
0.15239,8.9834e-030
0.15268,1.1503e-029
0.15301,1.5106e-029
0.1532,1.7769e-029
0.15339,2.0885e-029
0.15342,2.1453e-029
0.15355,2.388e-029
0.15394,3.2863e-029
0.15403,3.5576e-029
0.15407,3.6527e-029
0.15423,4.1667e-029
0.15455,5.4129e-029
0.15471,6.1645e-029
0.15499,7.7793e-029
0.15518,9.0758e-029
0.15544,1.1133e-028
0.1555,1.1715e-028
0.15575,1.4346e-028
0.15601,1.7546e-028
0.15623,2.0904e-028
0.15636,2.3093e-028
0.15651,2.6143e-028
0.15702,3.8751e-028
0.15711,4.1695e-028
0.15736,5.0643e-028
0.15758,5.9973e-028
0.15774,6.7632e-028
0.15786,7.4433e-028
0.15799,8.1892e-028
0.15811,9.0072e-028
0.15849,1.1963e-027
0.15861,1.3142e-027
0.15886,1.5846e-027
0.15898,1.7392e-027
0.15926,2.1422e-027
0.1596,2.7583e-027
0.15994,3.5437e-027
0.16001,3.7081e-027
0.16019,4.2464e-027
0.16025,4.4421e-027
0.16034,4.752e-027
0.1605,5.3154e-027
0.16056,5.5584e-027
0.16084,6.7911e-027
0.16099,7.5859e-027
0.1612,8.8509e-027
0.16148,1.0779e-026
0.16157,1.1507e-026
0.16194,1.4926e-026
0.16218,1.7728e-026
0.16255,2.2904e-026
0.16291,2.9523e-026
0.163,3.1446e-026
0.16312,3.4199e-026
0.16336,4.0418e-026
0.16339,4.1268e-026
0.16363,4.8719e-026
0.16385,5.6288e-026
0.164,6.2375e-026
0.16412,6.7697e-026
0.16439,8.132e-026
0.16445,8.4687e-026
0.1646,9.3705e-026
0.16472,1.0158e-025
0.16487,1.1232e-025
0.16511,1.3182e-025
0.16534,1.5455e-025
0.16579,2.0776e-025
0.16591,2.247e-025
0.16615,2.6264e-025
0.16636,3.0084e-025
0.16653,3.3778e-025
0.16662,3.5786e-025
0.16677,3.939e-025
0.16698,4.5027e-025
0.16721,5.242e-025
0.1673,5.5483e-025
0.16748,6.2135e-025
0.16757,6.5741e-025
0.1678,7.6372e-025
0.16795,8.3836e-025
0.16819,9.7259e-025
0.16839,1.1068e-024
0.16874,1.3793e-024
0.16889,1.511e-024
0.16906,1.685e-024
0.16918,1.8115e-024
0.16944,2.1304e-024
0.16968,2.4587e-024
0.16991,2.8352e-024
0.17002,3.0437e-024
0.17005,3.0981e-024
0.17028,3.5681e-024
0.17037,3.7614e-024
0.17072,4.6402e-024
0.17092,5.2406e-024
0.17098,5.4254e-024
0.17118,6.1228e-024
0.17141,7.0254e-024
0.1715,7.3958e-024
0.17161,7.9188e-024
0.17176,8.6227e-024
0.17199,9.8755e-024
0.17222,1.1302e-023
0.17253,1.359e-023
0.17279,1.5786e-023
0.17282,1.605e-023
0.1729,1.6868e-023
0.17302,1.8021e-023
0.17304,1.8321e-023
0.17324,2.0558e-023
0.17333,2.1595e-023
0.1735,2.3821e-023
0.17378,2.8029e-023
0.17393,3.0392e-023
0.17418,3.5135e-023
0.17427,3.6868e-023
0.17449,4.1899e-023
0.17458,4.3951e-023
0.17469,4.6836e-023
0.17503,5.6623e-023
0.17517,6.1255e-023
0.17531,6.6249e-023
0.17562,7.8646e-023
0.17576,8.4989e-023
0.17585,8.9027e-023
0.17596,9.4698e-023
0.17607,1.0071e-022
0.17618,1.0709e-022
0.17638,1.1921e-022
0.17663,1.3671e-022
0.17688,1.5667e-022
0.17694,1.6147e-022
0.17708,1.7409e-022
0.1773,1.9626e-022
0.17738,2.0526e-022
0.17772,2.4534e-022
0.17783,2.603e-022
0.17794,2.7612e-022
0.17819,3.1516e-022
0.1783,3.3415e-022
0.17852,3.7549e-022
0.17863,3.9795e-022
0.17882,4.4037e-022
0.17907,5.0131e-022
0.17918,5.3092e-022
0.17932,5.7027e-022
0.17951,6.3009e-022
0.17976,7.1585e-022
0.17984,7.4683e-022
0.17992,7.791e-022
0.18003,8.2421e-022
0.18028,9.3499e-022
0.18042,1.0025e-021
0.18061,1.105e-021
0.18085,1.2515e-021
0.18104,1.3781e-021
0.18126,1.5378e-021
0.18134,1.6021e-021
0.18159,1.8108e-021
0.18202,2.2476e-021
0.18216,2.4036e-021
0.18224,2.5021e-021
0.18232,2.6044e-021
0.18237,2.6748e-021
0.18265,3.0552e-021
0.18278,3.2642e-021
0.18289,3.4412e-021
0.183,3.6273e-021
0.18318,3.9763e-021
0.18353,4.7113e-021
0.18386,5.5034e-021
0.18386,5.5034e-021
0.18407,6.1004e-021
0.18431,6.8458e-021
0.1845,7.4848e-021
0.18479,8.6052e-021
0.1849,9.051e-021
0.18503,9.6392e-021
0.18535,1.1203e-020
0.18546,1.1776e-020
0.18554,1.2224e-020
0.18565,1.2847e-020
0.18589,1.4361e-020
0.18599,1.5087e-020
0.18607,1.5654e-020
0.18631,1.748e-020
0.1866,1.9988e-020
0.18665,2.048e-020
0.18681,2.2024e-020
0.18687,2.2563e-020
0.18705,2.455e-020
0.18729,2.7351e-020
0.18745,2.9384e-020
0.18779,3.4295e-020
0.18792,3.6384e-020
0.18821,4.1414e-020
0.18831,4.3402e-020
0.18852,4.7655e-020
0.18855,4.8213e-020
0.1886,4.9349e-020
0.18876,5.2912e-020
0.18891,5.6718e-020
0.18902,5.9399e-020
0.18915,6.292e-020
0.18944,7.1378e-020
0.18967,7.9092e-020
0.18977,8.2769e-020
0.18988,8.6608e-020
0.18996,8.9598e-020
0.19019,9.9168e-020
0.1904,1.0848e-019
0.1906,1.1863e-019
0.19084,1.3111e-019
0.19102,1.4168e-019
0.1911,1.4645e-019
0.19112,1.4808e-019
0.19125,1.5646e-019
0.19141,1.6711e-019
0.19164,1.8439e-019
0.19174,1.9261e-019
0.19174,1.9261e-019
0.19187,2.0336e-019
0.19205,2.1938e-019
0.19228,2.4175e-019
0.19249,2.6343e-019
0.19256,2.7202e-019
0.19274,2.9313e-019
0.19289,3.1245e-019
0.1931,3.401e-019
0.19338,3.8192e-019
0.19356,4.1103e-019
0.19371,4.3764e-019
0.19379,4.5156e-019
0.19389,4.7076e-019
0.19407,5.0625e-019
0.1943,5.5561e-019
0.19432,5.6137e-019
0.19473,6.6156e-019
0.1948,6.8214e-019
0.19488,7.0333e-019
0.19508,7.6292e-019
0.19518,7.9449e-019
0.19531,8.3568e-019
0.19541,8.7009e-019
0.19554,9.1499e-019
0.19561,9.4297e-019
0.19571,9.8155e-019
0.19594,1.0739e-018
0.19612,1.1513e-018
0.19629,1.234e-018
0.19662,1.4028e-018
0.19674,1.4734e-018
0.1968,1.5025e-018
0.19682,1.5173e-018
0.1972,1.7562e-018
0.1973,1.8257e-018
0.19772,2.1511e-018
0.19792,2.3226e-018
0.19802,2.4131e-018
0.19814,2.5309e-018
0.19832,2.7051e-018
0.19839,2.7831e-018
0.19854,2.9457e-018
0.19869,3.1172e-018
0.19882,3.2673e-018
0.19894,3.4242e-018
0.19914,3.6901e-018
0.19951,4.2423e-018
0.19953,4.2818e-018
0.19968,4.5259e-018
0.19981,4.7394e-018
0.19993,4.9623e-018
0.2001,5.2911e-018
0.20037,5.8498e-018
0.2004,5.9033e-018
0.2005,6.1218e-018
0.20072,6.6417e-018
0.20091,7.1386e-018
0.20099,7.3338e-018
0.20109,7.602e-018
0.20116,7.8091e-018
0.20128,8.1663e-018
0.20131,8.2396e-018
0.20148,8.7701e-018
0.20167,9.4159e-018
0.20187,1.0106e-017
0.20197,1.0469e-017
0.20216,1.1232e-017
0.20226,1.1633e-017
0.20233,1.1943e-017
0.20246,1.2476e-017
0.20263,1.326e-017
0.20268,1.3493e-017
0.20282,1.4214e-017
0.20304,1.5363e-017
0.20314,1.5902e-017
0.2035,1.8085e-017
0.20372,1.9527e-017
0.20384,2.0375e-017
0.20401,2.162e-017
0.2042,2.313e-017
0.20423,2.3326e-017
0.20437,2.4533e-017
0.20442,2.4948e-017
0.20459,2.6454e-017
0.20481,2.8517e-017
0.20488,2.9238e-017
0.20507,3.1244e-017
0.20517,3.2296e-017
0.20538,3.4784e-017
0.20558,3.7147e-017
0.20574,3.9337e-017
0.20582,4.0313e-017
0.20594,4.199e-017
0.20615,4.5175e-017
0.20653,5.1405e-017
0.20668,5.3944e-017
0.2067,5.4378e-017
0.20689,5.7974e-017
0.20711,6.2286e-017
0.20725,6.5327e-017
0.20737,6.7967e-017
0.20746,7.0151e-017
0.20765,7.4718e-017
0.20775,7.7106e-017
0.20801,8.4046e-017
0.20803,8.4705e-017
0.2082,8.9458e-017
0.20832,9.3005e-017
0.20851,9.8957e-017
0.20863,1.0286e-016
0.20886,1.1109e-016
0.209,1.1633e-016
0.20924,1.2558e-016
0.20936,1.3045e-016
0.20957,1.3968e-016
0.20964,1.429e-016
0.20974,1.4729e-016
0.21002,1.6123e-016
0.21021,1.712e-016
0.21049,1.8725e-016
0.21058,1.9291e-016
0.2107,2.002e-016
0.21074,2.0319e-016
0.21105,2.2368e-016
0.21112,2.2867e-016
0.21121,2.355e-016
0.21133,2.4429e-016
0.21161,2.6668e-016
0.2118,2.8267e-016
0.21189,2.9099e-016
0.21198,2.9954e-016
0.21219,3.1966e-016
0.21238,3.3859e-016
0.21261,3.6375e-016
0.21263,3.6636e-016
0.21282,3.8787e-016
0.213,4.1057e-016
0.2133,4.5012e-016
0.21335,4.5651e-016
0.21349,4.7621e-016
0.21363,4.9669e-016
0.21365,5.0019e-016
0.21372,5.1081e-016
0.21384,5.2898e-016
0.214,5.5544e-016
0.21411,5.751e-016
0.21421,5.9129e-016
0.21441,6.2929e-016
0.21446,6.3804e-016
0.21473,6.9298e-016
0.21492,7.3203e-016
0.21496,7.4211e-016
0.21503,7.5748e-016
0.21512,7.7843e-016
0.21533,8.2757e-016
0.21551,8.7367e-016
0.21558,8.9157e-016
0.21577,9.4099e-016
0.21593,9.8633e-016
0.21613,1.0476e-015
0.21638,1.1274e-015
0.21641,1.1349e-015
0.21661,1.2048e-015
0.21677,1.2619e-015
0.21686,1.2957e-015
0.21693,1.3215e-015
0.21697,1.3391e-015
0.21713,1.4021e-015
0.21734,1.4872e-015
0.2175,1.5567e-015
0.21759,1.5978e-015
0.2177,1.6506e-015
0.21777,1.683e-015
0.21788,1.7384e-015
0.21804,1.8188e-015
0.21822,1.915e-015
0.21856,2.1082e-015
0.21876,2.2327e-015
0.21879,2.247e-015
0.21903,2.4095e-015
0.21921,2.5344e-015
0.21939,2.6655e-015
0.21951,2.7505e-015
0.21957,2.8028e-015
0.21982,3.0024e-015
0.21991,3.0782e-015
0.22,3.1558e-015
0.22011,3.2554e-015
0.22027,3.3997e-015
0.22047,3.5941e-015
0.22063,3.7524e-015
0.22072,3.8457e-015
0.22083,3.9654e-015
0.22099,4.1389e-015
0.22112,4.2931e-015
0.22128,4.4799e-015
0.22134,4.5622e-015
0.22154,4.8178e-015
0.22181,5.1793e-015
0.22199,5.4342e-015
0.22214,5.6668e-015
0.22219,5.7349e-015
0.22232,5.9439e-015
0.22243,6.1235e-015
0.22254,6.3081e-015
0.22268,6.5365e-015
0.22285,6.853e-015
0.22308,7.2686e-015
0.22312,7.3545e-015
0.22314,7.3978e-015
0.22325,7.618e-015
0.22343,7.9829e-015
0.22361,8.364e-015
0.22367,8.5112e-015
0.22385,8.9157e-015
0.22402,9.3381e-015
0.22413,9.6114e-015
0.22427,9.9492e-015
0.22438,1.0239e-014
0.22453,1.0658e-014
0.22466,1.103e-014
0.22482,1.1479e-014
0.22484,1.1545e-014
0.22497,1.1945e-014
0.22525,1.2858e-014
0.22552,1.3757e-014
0.22569,1.4389e-014
0.22571,1.447e-014
0.22578,1.4715e-014
0.22622,1.645e-014
0.22624,1.6542e-014
0.2263,1.6819e-014
0.22641,1.7291e-014
0.22654,1.7874e-014
0.22663,1.8273e-014
0.22676,1.8886e-014
0.22683,1.92e-014
0.22698,1.9951e-014
0.22707,2.0392e-014
0.22728,2.1536e-014
0.22746,2.2493e-014
0.22759,2.3237e-014
0.22767,2.3745e-014
0.22787,2.4927e-014
0.22798,2.5607e-014
0.22815,2.6731e-014
0.22837,2.8201e-014
0.2285,2.9118e-014
0.22871,3.0708e-014
0.22882,3.1533e-014
0.22901,3.307e-014
0.22916,3.4314e-014
0.22934,3.5787e-014
0.22936,3.5976e-014
0.22942,3.6546e-014
0.22953,3.7515e-014
0.22968,3.8913e-014
0.22985,4.0568e-014
0.23009,4.2952e-014
0.23011,4.3175e-014
0.23043,4.6651e-014
0.23045,4.6891e-014
0.23056,4.8112e-014
0.23069,4.9616e-014
0.2309,5.222e-014
0.23103,5.3842e-014
0.23107,5.4393e-014
0.2312,5.6078e-014
0.23141,5.8993e-014
0.23165,6.2362e-014
0.23171,6.3311e-014
0.2318,6.4597e-014
0.2319,6.6239e-014
0.23193,6.6572e-014
0.23224,7.1756e-014
0.23248,7.5792e-014
0.23256,7.7311e-014
0.23261,7.8081e-014
0.23277,8.1233e-014
0.23294,8.4502e-014
0.23311,8.7892e-014
0.23324,9.0516e-014
0.23326,9.0961e-014
0.23335,9.2759e-014
0.23349,9.5984e-014
0.23352,9.6453e-014
0.23377,1.0225e-013
0.23383,1.0375e-013
0.23411,1.1048e-013
0.23419,1.1263e-013
0.23446,1.199e-013
0.23459,1.2339e-013
0.2347,1.2638e-013
0.23478,1.2881e-013
0.23503,1.3638e-013
0.23514,1.3965e-013
0.23545,1.4991e-013
0.23547,1.5062e-013
0.23551,1.5205e-013
0.23562,1.5567e-013
0.2357,1.5862e-013
0.23581,1.6238e-013
0.23595,1.6778e-013
0.23604,1.7095e-013
0.23614,1.7498e-013
0.23618,1.7662e-013
0.23629,1.8077e-013
0.23637,1.8416e-013
0.23652,1.9023e-013
0.23654,1.9111e-013
0.23664,1.9558e-013
0.23696,2.0956e-013
0.23698,2.1052e-013
0.2371,2.164e-013
0.23731,2.2652e-013
0.23746,2.3386e-013
0.23752,2.3708e-013
0.23764,2.4363e-013
0.23779,2.5148e-013
0.23785,2.5492e-013
0.23795,2.6074e-013
0.23814,2.7154e-013
0.23843,2.8914e-013
0.23862,3.0101e-013
0.23876,3.1055e-013
0.23884,3.1613e-013
0.23895,3.2322e-013
0.23913,3.3637e-013
0.23926,3.4541e-013
0.23944,3.5938e-013
0.23952,3.6576e-013
0.23969,3.7883e-013
0.23992,3.9749e-013
0.24002,4.0626e-013
0.24027,4.2801e-013
0.24043,4.4311e-013
0.24045,4.4503e-013
0.24049,4.4889e-013
0.24057,4.5671e-013
0.24082,4.8094e-013
0.24084,4.8301e-013
0.24094,4.9349e-013
0.24139,5.4212e-013
0.24143,5.4675e-013
0.2416,5.6565e-013
0.24166,5.7289e-013
0.2418,5.9011e-013
0.24192,6.0525e-013
0.24209,6.26e-013
0.24215,6.3394e-013
0.24223,6.4468e-013
0.24239,6.6666e-013
0.24245,6.7507e-013
0.24253,6.8645e-013
0.2427,7.0973e-013
0.2429,7.3985e-013
0.24306,7.6478e-013
0.24312,7.7433e-013
0.24323,7.9048e-013
0.24339,8.1697e-013
0.24355,8.4428e-013
0.24385,8.9774e-013
0.24399,9.2373e-013
0.24436,9.9378e-013
0.2444,1.0019e-012
0.24448,1.0182e-012
0.24452,1.0264e-012
0.24466,1.0558e-012
0.24472,1.0687e-012
0.24484,1.0947e-012
0.24504,1.1395e-012
0.24506,1.1441e-012
0.24512,1.1579e-012
0.24523,1.1813e-012
0.24537,1.2147e-012
0.24539,1.2195e-012
0.24563,1.279e-012
0.24579,1.3202e-012
0.24587,1.3412e-012
0.24603,1.3842e-012
0.24627,1.451e-012
0.24633,1.4682e-012
0.24645,1.503e-012
0.24659,1.5447e-012
0.24667,1.569e-012
0.24683,1.6185e-012
0.24693,1.6503e-012
0.24707,1.6956e-012
0.24729,1.7692e-012
0.24739,1.8036e-012
0.24747,1.8316e-012
0.24753,1.8528e-012
0.24771,1.9179e-012
0.24779,1.9474e-012
0.24793,2.0002e-012
0.24819,2.1017e-012
0.24827,2.1338e-012
0.24836,2.1746e-012
0.2485,2.233e-012
0.24868,2.3101e-012
0.24874,2.3364e-012
0.24882,2.3718e-012
0.2489,2.4077e-012
0.24896,2.4349e-012
0.24916,2.5278e-012
0.2492,2.5468e-012
0.24944,2.6633e-012
0.24953,2.7133e-012
0.24979,2.8472e-012
0.25009,3.0093e-012
0.25015,3.0427e-012
0.25023,3.0877e-012
0.2504,3.1913e-012
0.25056,3.2861e-012
0.25074,3.3958e-012
0.2508,3.433e-012
0.25095,3.5343e-012
0.25109,3.6252e-012
0.25127,3.7451e-012
0.25135,3.7995e-012
0.25148,3.8965e-012
0.25152,3.9247e-012
0.25164,4.0102e-012
0.25174,4.0827e-012
0.25199,4.277e-012
0.25205,4.323e-012
0.25215,4.4007e-012
0.25229,4.5115e-012
0.25246,4.6578e-012
0.25262,4.7915e-012
0.25274,4.894e-012
0.25289,5.0338e-012
0.25297,5.1051e-012
0.25322,5.3431e-012
0.25324,5.3618e-012
0.25328,5.3994e-012
0.2534,5.5137e-012
0.25359,5.709e-012
0.25377,5.8902e-012
0.25387,5.9931e-012
0.25422,6.3773e-012
0.25433,6.5102e-012
0.25447,6.6685e-012
0.25455,6.7605e-012
0.2546,6.8303e-012
0.25464,6.8771e-012
0.25486,7.1402e-012
0.25515,7.5136e-012
0.25526,7.6678e-012
0.25542,7.878e-012
0.25555,8.0662e-012
0.25571,8.2862e-012
0.25577,8.3701e-012
0.25594,8.6265e-012
0.25602,8.7427e-012
0.25617,8.9794e-012
0.2563,9.1913e-012
0.25638,9.3144e-012
0.25646,9.439e-012
0.25669,9.8219e-012
0.2568,1.0019e-011
0.25709,1.0526e-011
0.25711,1.0561e-011
0.25725,1.0806e-011
0.2574,1.1093e-011
0.25757,1.1424e-011
0.25763,1.1536e-011
0.25769,1.1649e-011
0.25773,1.1725e-011
0.25784,1.1956e-011
0.25792,1.2112e-011
0.25809,1.2471e-011
0.25824,1.2797e-011
0.2583,1.2922e-011
0.25849,1.3344e-011
0.25855,1.3473e-011
0.25864,1.3691e-011
0.25876,1.3957e-011
0.25883,1.4137e-011
0.25906,1.4688e-011
0.25931,1.5308e-011
0.25952,1.5851e-011
0.25961,1.6103e-011
0.25975,1.6463e-011
0.25992,1.6935e-011
0.25999,1.7149e-011
0.26013,1.753e-011
0.2603,1.803e-011
0.26032,1.8087e-011
0.26037,1.8257e-011
0.26066,1.9129e-011
0.26075,1.9428e-011
0.26077,1.9489e-011
0.26092,1.9978e-011
0.26122,2.0988e-011
0.26134,2.1379e-011
0.26138,2.1511e-011
0.26143,2.171e-011
0.26151,2.1978e-011
0.26168,2.2591e-011
0.26189,2.3362e-011
0.26204,2.3938e-011
0.26213,2.4304e-011
0.26228,2.4901e-011
0.26241,2.5433e-011
0.26254,2.5976e-011
0.26273,2.677e-011
0.26286,2.7339e-011
0.26303,2.8086e-011
0.26309,2.8339e-011
0.26318,2.8765e-011
0.26331,2.9372e-011
0.26348,3.0169e-011
0.26374,3.1447e-011
0.26391,3.2295e-011
0.26397,3.2582e-011
0.26406,3.3065e-011
0.26414,3.3457e-011
0.26427,3.4152e-011
0.26438,3.4758e-011
0.26453,3.5581e-011
0.26458,3.5894e-011
0.26481,3.7172e-011
0.26488,3.7607e-011
0.26509,3.8827e-011
0.26516,3.9279e-011
0.2654,4.0782e-011
0.26555,4.1732e-011
0.26557,4.1852e-011
0.26576,4.3072e-011
0.26587,4.3818e-011
0.26607,4.5218e-011
0.26617,4.5867e-011
0.26631,4.6923e-011
0.26657,4.8824e-011
0.26665,4.938e-011
0.26674,5.0083e-011
0.26691,5.137e-011
0.26704,5.2392e-011
0.26705,5.254e-011
0.26716,5.3432e-011
0.26726,5.4187e-011
0.26733,5.4797e-011
0.2675,5.6193e-011
0.26753,5.6507e-011
0.2677,5.7942e-011
0.26777,5.859e-011
0.26794,6.0072e-011
0.26822,6.2618e-011
0.26836,6.4014e-011
0.26842,6.4545e-011
0.26844,6.4723e-011
0.26853,6.5619e-011
0.26864,6.6708e-011
0.26888,6.9125e-011
0.26893,6.9694e-011
0.26902,7.0651e-011
0.26924,7.2997e-011
0.26932,7.3795e-011
0.26954,7.6234e-011
0.26968,7.7899e-011
0.26981,7.9384e-011
0.2699,8.0459e-011
0.27012,8.3095e-011
0.27018,8.3765e-011
0.27025,8.4667e-011
0.27029,8.5122e-011
0.27047,8.7426e-011
0.27058,8.8835e-011
0.27063,8.9547e-011
0.27083,9.2202e-011
0.27102,9.4676e-011
0.27105,9.5178e-011
0.27116,9.6699e-011
0.27122,9.7467e-011
0.27129,9.85e-011
0.27136,9.9542e-011
0.27145,1.0086e-010
0.27165,1.0381e-010
0.27185,1.0684e-010
0.27192,1.0796e-010
0.27202,1.0938e-010
0.27209,1.1053e-010
0.27232,1.1432e-010
0.27238,1.1521e-010
0.27258,1.1854e-010
0.27274,1.2132e-010
0.27279,1.2226e-010
0.27296,1.2513e-010
0.27317,1.2904e-010
0.27325,1.3036e-010
0.27334,1.3204e-010
0.27339,1.3305e-010
0.27348,1.3476e-010
0.27361,1.3718e-010
0.27368,1.3859e-010
0.27377,1.4036e-010
0.27397,1.4432e-010
0.2742,1.4914e-010
0.27426,1.5027e-010
0.27433,1.5179e-010
0.27445,1.5448e-010
0.27447,1.5487e-010
0.27476,1.612e-010
0.27478,1.6161e-010
0.27506,1.6818e-010
0.27519,1.7114e-010
0.27533,1.7457e-010
0.2754,1.763e-010
0.27549,1.785e-010
0.2756,1.8116e-010
0.27578,1.8568e-010
0.27589,1.8844e-010
0.27598,1.9077e-010
0.27621,1.9695e-010
0.27635,2.0083e-010
0.27641,2.0231e-010
0.27648,2.0429e-010
0.27653,2.0579e-010
0.27664,2.0881e-010
0.27675,2.1188e-010
0.27683,2.1446e-010
0.27707,2.2131e-010
0.27719,2.2508e-010
0.27721,2.2562e-010
0.27733,2.2946e-010
0.27739,2.3112e-010
0.2776,2.3787e-010
0.27774,2.4246e-010
0.2779,2.4773e-010
0.27797,2.501e-010
0.27812,2.5491e-010
0.27819,2.5734e-010
0.27824,2.5918e-010
0.27835,2.629e-010
0.27847,2.6729e-010
0.27861,2.7239e-010
0.27882,2.802e-010
0.27902,2.8753e-010
0.27911,2.9092e-010
0.27925,2.9642e-010
0.27946,3.0484e-010
0.2796,3.1057e-010
0.27967,3.1347e-010
0.27974,3.1639e-010
0.27976,3.1713e-010
0.27988,3.2232e-010
0.27994,3.2456e-010
0.28004,3.2909e-010
0.28018,3.3523e-010
0.28022,3.3678e-010
0.28024,3.3755e-010
0.28045,3.47e-010
0.28047,3.478e-010
0.28057,3.5262e-010
0.28073,3.5996e-010
0.28087,3.666e-010
0.28103,3.742e-010
0.28115,3.802e-010
0.28129,3.8717e-010
0.28136,3.907e-010
0.28157,4.0145e-010
0.28173,4.0969e-010
0.28192,4.1995e-010
0.28215,4.3238e-010
0.2822,4.353e-010
0.28234,4.4315e-010
0.28241,4.4713e-010
0.28255,4.5517e-010
0.28262,4.5924e-010
0.28274,4.6644e-010
0.28281,4.706e-010
0.2829,4.7585e-010
0.28302,4.8328e-010
0.28318,4.9298e-010
0.28337,5.0507e-010
0.28351,5.1403e-010
0.28355,5.1629e-010
0.28381,5.3354e-010
0.28393,5.4176e-010
0.28408,5.5249e-010
0.28415,5.5732e-010
0.28422,5.6219e-010
0.28434,5.708e-010
0.28448,5.8078e-010
0.28464,5.9219e-010
0.28469,5.9604e-010
0.2849,6.1165e-010
0.28497,6.1694e-010
0.28512,6.2897e-010
0.28525,6.3848e-010
0.28533,6.4535e-010
0.28549,6.5787e-010
0.28563,6.6918e-010
0.28575,6.7922e-010
0.28588,6.9086e-010
0.28595,6.9674e-010
0.28609,7.0864e-010
0.28616,7.1466e-010
0.28632,7.2836e-010
0.28651,7.4543e-010
0.28657,7.5172e-010
0.28663,7.5647e-010
0.28671,7.6444e-010
0.28673,7.6604e-010
0.28678,7.7087e-010
0.28699,7.9046e-010
0.28713,8.0376e-010
0.28718,8.0879e-010
0.28726,8.1725e-010
0.2874,8.3095e-010
0.28761,8.5187e-010
0.28773,8.6428e-010
0.28779,8.7145e-010
0.28802,8.9511e-010
0.2881,9.0435e-010
0.28834,9.307e-010
0.28836,9.326e-010
0.2885,9.4798e-010
0.28879,9.8141e-010
0.28882,9.8541e-010
0.28898,1.0036e-009
0.28904,1.0118e-009
0.28911,1.02e-009
0.28925,1.0366e-009
0.28933,1.0472e-009
0.28938,1.0535e-009
0.28945,1.062e-009
0.28959,1.0793e-009
0.28964,1.0858e-009
0.28974,1.099e-009
0.28991,1.1212e-009
0.29002,1.1348e-009
0.29015,1.153e-009
0.29027,1.1692e-009
0.29034,1.1786e-009
0.29042,1.1904e-009
0.29053,1.2046e-009
0.29083,1.2483e-009
0.29088,1.2557e-009
0.29097,1.2682e-009
0.29107,1.2833e-009
0.2911,1.2883e-009
0.29124,1.3088e-009
0.29142,1.3373e-009
0.29149,1.3478e-009
0.29169,1.3798e-009
0.2919,1.4125e-009
0.29205,1.4374e-009
0.29217,1.457e-009
0.29224,1.4684e-009
0.29229,1.4769e-009
0.29235,1.4884e-009
0.29251,1.5145e-009
0.29262,1.5351e-009
0.29271,1.5499e-009
0.29278,1.5619e-009
0.29289,1.583e-009
0.29291,1.5861e-009
0.2931,1.6198e-009
0.29323,1.6448e-009
0.29326,1.6511e-009
0.2934,1.6765e-009
0.29345,1.6861e-009
0.29365,1.725e-009
0.29372,1.7381e-009
0.2938,1.7547e-009
0.29392,1.7781e-009
0.29407,1.8086e-009
0.29412,1.8188e-009
0.2942,1.836e-009
0.29431,1.8569e-009
0.29451,1.8992e-009
0.29461,1.9207e-009
0.29487,1.979e-009
0.29501,2.0087e-009
0.29506,2.02e-009
0.29513,2.0351e-009
0.29526,2.0655e-009
0.29533,2.0809e-009
0.29541,2.1003e-009
0.29553,2.1277e-009
0.29566,2.1593e-009
0.29573,2.1753e-009
0.29579,2.1914e-009
0.29586,2.2076e-009
0.29594,2.228e-009
0.29611,2.2693e-009
0.29626,2.307e-009
0.29646,2.3581e-009
0.29658,2.3884e-009
0.29666,2.4103e-009
0.29693,2.4813e-009
0.29701,2.5039e-009
0.29713,2.5358e-009
0.29728,2.5774e-009
0.29732,2.5914e-009
0.29752,2.648e-009
0.29767,2.6911e-009
0.29781,2.73e-009
0.29786,2.7447e-009
0.29792,2.7644e-009
0.29804,2.7992e-009
0.29805,2.8042e-009
0.2982,2.8495e-009
0.29845,2.9265e-009
0.2985,2.9421e-009
0.29857,2.9631e-009
0.2987,3.0053e-009
0.29885,3.0535e-009
0.29905,3.1188e-009
0.29911,3.1408e-009
0.29926,3.1909e-009
0.29931,3.2077e-009
0.29938,3.2303e-009
0.29951,3.2758e-009
0.29956,3.293e-009
0.29975,3.3627e-009
0.29984,3.3921e-009
0.29997,3.4397e-009
0.30008,3.4817e-009
0.3001,3.4878e-009
0.3003,3.561e-009
0.30035,3.5796e-009
0.30056,3.6608e-009
0.30068,3.7052e-009
0.30071,3.718e-009
0.30087,3.7824e-009
0.30097,3.8215e-009
0.30102,3.8412e-009
0.30115,3.8941e-009
0.30122,3.9209e-009
0.30128,3.9477e-009
0.30159,4.0775e-009
0.30166,4.1053e-009
0.30167,4.1123e-009
0.30174,4.1403e-009
0.30185,4.1897e-009
0.302,4.254e-009
0.30207,4.2828e-009
0.30215,4.3191e-009
0.30218,4.3337e-009
0.30226,4.3703e-009
0.30241,4.437e-009
0.30254,4.497e-009
0.30264,4.5424e-009
0.3028,4.619e-009
0.30285,4.6422e-009
0.30293,4.6811e-009
0.30319,4.8075e-009
0.30322,4.8235e-009
0.30337,4.8961e-009
0.30349,4.9533e-009
0.30357,4.9944e-009
0.30368,5.0525e-009
0.30376,5.0944e-009
0.30394,5.1875e-009
0.30402,5.2303e-009
0.3041,5.2735e-009
0.30422,5.3344e-009
0.30435,5.4047e-009
0.30441,5.4402e-009
0.30452,5.5028e-009
0.30473,5.6206e-009
0.30478,5.6481e-009
0.30488,5.7034e-009
0.30499,5.7686e-009
0.30504,5.7967e-009
0.30514,5.8533e-009
0.30525,5.92e-009
0.30532,5.9584e-009
0.30537,5.9873e-009
0.30553,6.0846e-009
0.30566,6.1634e-009
0.3057,6.1931e-009
0.30577,6.233e-009
0.30601,6.3846e-009
0.30604,6.4051e-009
0.30629,6.5603e-009
0.3063,6.5708e-009
0.30635,6.6022e-009
0.30654,6.7294e-009
0.30659,6.7615e-009
0.30667,6.8154e-009
0.30674,6.8587e-009
0.30685,6.9351e-009
0.30691,6.9791e-009
0.30706,7.0789e-009
0.30707,7.0901e-009
0.30725,7.214e-009
0.30736,7.2938e-009
0.30746,7.3628e-009
0.3077,7.5377e-009
0.30783,7.6325e-009
0.30788,7.6683e-009
0.30794,7.7163e-009
0.30802,7.7766e-009
0.30813,7.8617e-009
0.30815,7.874e-009
0.30828,7.9724e-009
0.30845,8.1094e-009
0.3086,8.223e-009
0.30866,8.2739e-009
0.30879,8.3766e-009
0.3089,8.4673e-009
0.30904,8.5853e-009
0.30916,8.6779e-009
0.30917,8.6912e-009
0.30936,8.8523e-009
0.30938,8.8659e-009
0.30943,8.9066e-009
0.30975,9.1822e-009
0.30981,9.2382e-009
0.30994,9.3511e-009
0.31002,9.4223e-009
0.31018,9.566e-009
0.31027,9.6531e-009
0.31043,9.7998e-009
0.31053,9.8887e-009
0.31057,9.9335e-009
0.3107,1.0054e-008
0.31095,1.0298e-008
0.311,1.0344e-008
0.31103,1.0375e-008
0.31113,1.0468e-008
0.31116,1.05e-008
0.31129,1.0626e-008
0.31146,1.0801e-008
0.31152,1.0865e-008
0.31165,1.0995e-008
0.3119,1.1258e-008
0.31202,1.1375e-008
0.31205,1.1409e-008
0.31216,1.1527e-008
0.31228,1.1664e-008
0.3123,1.1681e-008
0.31247,1.1871e-008
0.31252,1.1923e-008
0.3126,1.2011e-008
0.31281,1.2241e-008
0.31298,1.2439e-008
0.31303,1.2494e-008
0.31304,1.2512e-008
0.31323,1.2732e-008
0.31329,1.2806e-008
0.31336,1.288e-008
0.31356,1.3125e-008
0.31369,1.3278e-008
0.31372,1.3316e-008
0.31386,1.349e-008
0.31394,1.3587e-008
0.31411,1.3803e-008
0.31417,1.3883e-008
0.3143,1.4043e-008
0.31444,1.4225e-008
0.31455,1.4367e-008
0.31469,1.4553e-008
0.31474,1.4615e-008
0.31487,1.4782e-008
0.31491,1.4845e-008
0.31493,1.4866e-008
0.31505,1.5036e-008
0.31516,1.5186e-008
0.31524,1.5293e-008
0.31543,1.5555e-008
0.31548,1.5621e-008
0.31554,1.5709e-008
0.31562,1.582e-008
0.31573,1.5976e-008
0.31598,1.6338e-008
0.31605,1.6453e-008
0.31612,1.6545e-008
0.31619,1.6661e-008
0.31623,1.6708e-008
0.31632,1.6848e-008
0.31641,1.699e-008
0.31657,1.7227e-008
0.31669,1.742e-008
0.31682,1.7614e-008
0.31697,1.7859e-008
0.31716,1.8157e-008
0.31722,1.8257e-008
0.31732,1.8409e-008
0.31744,1.8612e-008
0.31753,1.8766e-008
0.31767,1.8999e-008
0.31769,1.9025e-008
0.31774,1.9103e-008
0.31786,1.9313e-008
0.31794,1.9445e-008
0.31805,1.9632e-008
0.31806,1.9658e-008
0.31816,1.9819e-008
0.31842,2.0282e-008
0.31856,2.0531e-008
0.31867,2.0726e-008
0.31891,2.1178e-008
0.31898,2.1292e-008
0.31902,2.1379e-008
0.31916,2.1639e-008
0.31921,2.1726e-008
0.3193,2.1901e-008
0.31941,2.2108e-008
0.31953,2.2345e-008
0.31978,2.2827e-008
0.3199,2.3071e-008
0.31995,2.3163e-008
0.32003,2.3318e-008
0.32017,2.3598e-008
0.32029,2.3849e-008
0.32038,2.4039e-008
0.32046,2.4198e-008
0.32058,2.4455e-008
0.32069,2.4681e-008
0.3207,2.4713e-008
0.32083,2.4975e-008
0.32093,2.5205e-008
0.321,2.5338e-008
0.32107,2.5504e-008
0.32112,2.5604e-008
0.32126,2.5907e-008
0.32143,2.6282e-008
0.32152,2.6488e-008
0.32167,2.6835e-008
0.32169,2.687e-008
0.32176,2.7044e-008
0.32189,2.7326e-008
0.32198,2.7539e-008
0.32212,2.7862e-008
0.32218,2.8006e-008
0.3223,2.8296e-008
0.32236,2.8442e-008
0.32241,2.8552e-008
0.32262,2.9071e-008
0.32273,2.9333e-008
0.32287,2.9673e-008
0.32296,2.9901e-008
0.32308,3.0208e-008
0.32322,3.0556e-008
0.32336,3.0908e-008
0.32345,3.1145e-008
0.32358,3.1502e-008
0.3236,3.1542e-008
0.32372,3.1863e-008
0.32383,3.2146e-008
0.32389,3.2309e-008
0.32409,3.2843e-008
0.32413,3.2967e-008
0.32432,3.3468e-008
0.32436,3.3594e-008
0.32456,3.4146e-008
0.3246,3.4274e-008
0.32474,3.4662e-008
0.32486,3.5009e-008
0.32498,3.536e-008
0.32506,3.5581e-008
0.32509,3.5669e-008
0.32539,3.6565e-008
0.32542,3.6656e-008
0.32553,3.6974e-008
0.32582,3.7851e-008
0.32591,3.8132e-008
0.32595,3.8272e-008
0.32601,3.8461e-008
0.32614,3.884e-008
0.32615,3.8888e-008
0.32624,3.9175e-008
0.32632,3.9415e-008
0.32656,4.0193e-008
0.32673,4.0736e-008
0.32676,4.0835e-008
0.32679,4.0934e-008
0.32686,4.1184e-008
0.32692,4.1384e-008
0.327,4.1636e-008
0.3271,4.1991e-008
0.32716,4.2195e-008
0.32728,4.2605e-008
0.32736,4.2863e-008
0.32746,4.3226e-008
0.3276,4.3697e-008
0.32769,4.4014e-008
0.32772,4.412e-008
0.32783,4.4492e-008
0.32795,4.4921e-008
0.32799,4.5083e-008
0.32813,4.5571e-008
0.32825,4.6008e-008
0.32849,4.6894e-008
0.32855,4.7117e-008
0.32873,4.7794e-008
0.32877,4.7964e-008
0.3288,4.8078e-008
0.32889,4.8421e-008
0.32891,4.8478e-008
0.32895,4.865e-008
0.32909,4.9171e-008
0.32925,4.9813e-008
0.32927,4.9871e-008
0.32943,5.0521e-008
0.32963,5.1298e-008
0.32973,5.1721e-008
0.32987,5.2268e-008
0.32993,5.2513e-008
0.33,5.2821e-008
0.33012,5.3316e-008
0.33021,5.369e-008
0.33035,5.4255e-008
0.33047,5.4761e-008
0.33057,5.5207e-008
0.33069,5.5721e-008
0.33084,5.6369e-008
0.33094,5.6826e-008
0.33106,5.7352e-008
0.33111,5.7551e-008
0.3312,5.7949e-008
0.33136,5.8686e-008
0.33148,5.9227e-008
0.33158,5.9703e-008
0.33167,6.0114e-008
0.33176,6.0527e-008
0.3319,6.1152e-008
0.332,6.1641e-008
0.33203,6.1782e-008
0.33207,6.1993e-008
0.33225,6.2843e-008
0.33239,6.3488e-008
0.33243,6.3704e-008
0.33267,6.4866e-008
0.33279,6.5454e-008
0.33298,6.6418e-008
0.33302,6.6643e-008
0.33308,6.6943e-008
0.33322,6.7622e-008
0.33325,6.7774e-008
0.33333,6.823e-008
0.33338,6.846e-008
0.33354,6.9306e-008
0.33368,7.0005e-008
0.33373,7.0318e-008
0.33381,7.071e-008
0.3339,7.1183e-008
0.33401,7.1818e-008
0.33416,7.2619e-008
0.33427,7.3184e-008
0.33438,7.3834e-008
0.33449,7.4406e-008
0.33461,7.5065e-008
0.33466,7.5396e-008
0.33474,7.5812e-008
0.33491,7.6818e-008
0.33497,7.7156e-008
0.33514,7.8091e-008
0.33522,7.8604e-008
0.33533,7.9208e-008
0.33546,7.9989e-008
0.3355,8.0251e-008
0.33562,8.0952e-008
0.33568,8.1305e-008
0.33581,8.2103e-008
0.3359,8.2639e-008
0.33597,8.3088e-008
0.33608,8.3719e-008
0.33617,8.4264e-008
0.33628,8.4995e-008
0.33637,8.5546e-008
0.3364,8.573e-008
0.33663,8.7218e-008
0.33674,8.7876e-008
0.33678,8.8159e-008
0.33685,8.8632e-008
0.33703,8.9777e-008
0.33709,9.0161e-008
0.33721,9.0934e-008
0.33726,9.1323e-008
0.33734,9.181e-008
0.33748,9.2792e-008
0.33762,9.3682e-008
0.33769,9.418e-008
0.33778,9.478e-008
0.33792,9.5788e-008
0.33808,9.6907e-008
0.33818,9.7624e-008
0.33832,9.8553e-008
0.33837,9.8968e-008
0.33861,1.0064e-007
0.33867,1.0107e-007
0.33874,1.016e-007
0.33884,1.0234e-007
0.33897,1.0331e-007
0.33902,1.0363e-007
0.33919,1.0493e-007
0.33931,1.0581e-007
0.33935,1.0614e-007
0.33944,1.068e-007
0.33952,1.0747e-007
0.33966,1.0848e-007
0.33982,1.0972e-007
0.33983,1.0983e-007
0.33995,1.1074e-007
0.34,1.112e-007
0.34005,1.1154e-007
0.34006,1.1165e-007
0.34013,1.1223e-007
0.34024,1.1304e-007
0.34037,1.1409e-007
0.34047,1.1491e-007
0.3406,1.1597e-007
0.34074,1.1716e-007
0.34076,1.1728e-007
0.34087,1.1824e-007
0.34105,1.197e-007
0.34118,1.2079e-007
0.34138,1.2252e-007
0.34141,1.2277e-007
0.34145,1.2314e-007
0.34151,1.2364e-007
0.34164,1.2477e-007
0.34174,1.2565e-007
0.34184,1.2654e-007
0.34196,1.2757e-007
0.34197,1.2769e-007
0.34213,1.2911e-007
0.34222,1.2989e-007
0.34243,1.3186e-007
0.34249,1.3238e-007
0.34255,1.3291e-007
0.34256,1.3305e-007
0.34268,1.3411e-007
0.34278,1.3505e-007
0.34282,1.3545e-007
0.34284,1.3559e-007
0.34295,1.3667e-007
0.343,1.3708e-007
0.34314,1.3844e-007
0.34323,1.3927e-007
0.34334,1.4037e-007
0.34347,1.4163e-007
0.3436,1.4289e-007
0.3437,1.4388e-007
0.34383,1.4516e-007
0.34394,1.463e-007
0.34397,1.4659e-007
0.3442,1.489e-007
0.34429,1.4978e-007
0.34439,1.5081e-007
0.34443,1.5125e-007
0.3445,1.5199e-007
0.34473,1.5437e-007
0.34486,1.5573e-007
0.34497,1.5694e-007
0.34513,1.5862e-007
0.3452,1.5939e-007
0.34536,1.6109e-007
0.34553,1.6296e-007
0.34558,1.6343e-007
0.34563,1.6406e-007
0.34565,1.6422e-007
0.34566,1.6438e-007
0.34575,1.6533e-007
0.34578,1.6564e-007
0.3458,1.6596e-007
0.34593,1.674e-007
0.34603,1.6852e-007
0.34609,1.6917e-007
0.34623,1.7079e-007
0.34627,1.7128e-007
0.34645,1.7325e-007
0.34654,1.7441e-007
0.34666,1.7574e-007
0.34673,1.7657e-007
0.34679,1.7724e-007
0.3469,1.7859e-007
0.34696,1.7927e-007
0.347,1.7978e-007
0.34707,1.8063e-007
0.34713,1.8131e-007
0.34726,1.8286e-007
0.34737,1.8424e-007
0.34747,1.8546e-007
0.34758,1.8685e-007
0.34763,1.8738e-007
0.34771,1.8844e-007
0.34785,1.9021e-007
0.34798,1.9182e-007
0.34809,1.9326e-007
0.34826,1.9543e-007
0.34836,1.967e-007
0.34843,1.9762e-007
0.34853,1.9891e-007
0.34866,2.0058e-007
0.34873,2.0151e-007
0.34877,2.0207e-007
0.34884,2.03e-007
0.34899,2.0489e-007
0.34907,2.0602e-007
0.34916,2.0716e-007
0.34923,2.0812e-007
0.34934,2.0966e-007
0.34941,2.1062e-007
0.34951,2.1198e-007
0.34962,2.1354e-007
0.34968,2.1432e-007
0.34973,2.1511e-007
0.34985,2.1668e-007
0.34986,2.1688e-007
0.34997,2.1847e-007
0.35002,2.1907e-007
0.35013,2.2067e-007
0.35024,2.2228e-007
0.35031,2.2329e-007
0.35035,2.239e-007
0.35051,2.2615e-007
0.35064,2.28e-007
0.35069,2.2882e-007
0.35075,2.2965e-007
0.35086,2.3132e-007
0.35102,2.3362e-007
0.35114,2.3552e-007
0.35124,2.3701e-007
0.35131,2.3807e-007
0.35133,2.3829e-007
0.35148,2.4065e-007
0.35152,2.4129e-007
0.35177,2.4521e-007
0.35186,2.4652e-007
0.35187,2.4674e-007
0.35191,2.474e-007
0.352,2.4873e-007
0.35208,2.5006e-007
0.35221,2.5206e-007
0.35236,2.5453e-007
0.35242,2.5544e-007
0.35254,2.5748e-007
0.35267,2.5953e-007
0.35271,2.6022e-007
0.35278,2.6137e-007
0.35289,2.6322e-007
0.35305,2.6578e-007
0.35312,2.6695e-007
0.35322,2.6859e-007
0.35326,2.693e-007
0.35338,2.7143e-007
0.35355,2.743e-007
0.35368,2.7646e-007
0.35376,2.7791e-007
0.35379,2.7839e-007
0.35387,2.7985e-007
0.354,2.8205e-007
0.3541,2.8377e-007
0.35415,2.8476e-007
0.35428,2.8698e-007
0.35435,2.8823e-007
0.35439,2.8898e-007
0.3546,2.9275e-007
0.35467,2.9401e-007
0.35468,2.9426e-007
0.35478,2.9604e-007
0.35483,2.9706e-007
0.355,3.0014e-007
0.35501,3.004e-007
0.35506,3.0118e-007
0.35513,3.0247e-007
0.35522,3.0429e-007
0.35535,3.0664e-007
0.35546,3.0874e-007
0.3555,3.0954e-007
0.35556,3.1059e-007
0.35568,3.1299e-007
0.35571,3.1352e-007
0.35579,3.1512e-007
0.35587,3.1673e-007
0.35593,3.1781e-007
0.35601,3.1943e-007
0.35617,3.2243e-007
0.35637,3.2654e-007
0.35643,3.2765e-007
0.35659,3.3098e-007
0.35668,3.3266e-007
0.35677,3.3462e-007
0.35687,3.3659e-007
0.357,3.3914e-007
0.35705,3.4028e-007
0.35726,3.4458e-007
0.35734,3.4631e-007
0.35742,3.4805e-007
0.35755,3.5067e-007
0.35766,3.5301e-007
0.35767,3.5331e-007
0.35776,3.5508e-007
0.35782,3.5655e-007
0.35811,3.6281e-007
0.35814,3.6341e-007
0.35816,3.6371e-007
0.35821,3.6492e-007
0.35827,3.6613e-007
0.35833,3.6764e-007
0.35849,3.7099e-007
0.35854,3.7221e-007
0.35864,3.7436e-007
0.35871,3.7591e-007
0.35882,3.7838e-007
0.35887,3.7963e-007
0.35888,3.7994e-007
0.35902,3.8306e-007
0.35904,3.8338e-007
0.3592,3.8716e-007
0.35937,3.9097e-007
0.35948,3.9352e-007
0.35964,3.9738e-007
0.35968,3.9835e-007
0.3597,3.9868e-007
0.35985,4.0225e-007
0.35986,4.0258e-007
0.3599,4.0356e-007
0.35998,4.0552e-007
0.36009,4.0815e-007
0.36013,4.0915e-007
0.36031,4.1346e-007
0.36046,4.1714e-007
0.36056,4.195e-007
0.36063,4.2118e-007
0.36074,4.239e-007
0.36083,4.2628e-007
0.361,4.304e-007
0.36112,4.3351e-007
0.36121,4.3593e-007
0.36123,4.3628e-007
0.3613,4.3803e-007
0.36141,4.4082e-007
0.36161,4.4611e-007
0.36165,4.4718e-007
0.36171,4.486e-007
0.36177,4.5038e-007
0.36194,4.5468e-007
0.36206,4.5793e-007
0.3621,4.5901e-007
0.36216,4.6046e-007
0.36228,4.6374e-007
0.36243,4.6778e-007
0.36248,4.6925e-007
0.36258,4.7184e-007
0.36265,4.7369e-007
0.36269,4.7481e-007
0.36281,4.7817e-007
0.36293,4.8155e-007
0.36308,4.857e-007
0.36324,4.9027e-007
0.36341,4.9487e-007
0.36346,4.9641e-007
0.36361,5.0067e-007
0.36368,5.0261e-007
0.3638,5.0613e-007
0.36391,5.0927e-007
0.36402,5.1243e-007
0.36406,5.1361e-007
0.36422,5.1839e-007
0.36428,5.1999e-007
0.36432,5.2119e-007
0.36434,5.2199e-007
0.36444,5.2481e-007
0.36448,5.2602e-007
0.36455,5.2804e-007
0.3646,5.2966e-007
0.36467,5.317e-007
0.36475,5.3415e-007
0.36476,5.3456e-007
0.36491,5.3907e-007
0.36509,5.4445e-007
0.3652,5.4778e-007
0.36529,5.507e-007
0.36532,5.5154e-007
0.36536,5.528e-007
0.36556,5.5913e-007
0.36564,5.6168e-007
0.36568,5.6296e-007
0.36578,5.6595e-007
0.3659,5.6981e-007
0.36594,5.711e-007
0.36601,5.7326e-007
0.36606,5.75e-007
0.36633,5.8372e-007
0.3665,5.8944e-007
0.3666,5.9254e-007
0.36671,5.961e-007
0.36672,5.9655e-007
0.36683,6.0013e-007
0.36698,6.0508e-007
0.36703,6.0689e-007
0.36708,6.087e-007
0.36715,6.1097e-007
0.3673,6.1599e-007
0.36735,6.1782e-007
0.36747,6.2196e-007
0.36757,6.252e-007
0.36758,6.2566e-007
0.36767,6.2892e-007
0.36771,6.3031e-007
0.36771,6.3031e-007
0.36783,6.3452e-007
0.3679,6.3687e-007
0.36805,6.4205e-007
0.36812,6.4442e-007
0.3682,6.4727e-007
0.36832,6.5157e-007
0.36844,6.5589e-007
0.36859,6.612e-007
0.36863,6.6265e-007
0.36865,6.6362e-007
0.36879,6.6849e-007
0.36887,6.7143e-007
0.36891,6.729e-007
0.369,6.7634e-007
0.36907,6.7881e-007
0.36919,6.8327e-007
0.36928,6.8676e-007
0.36944,6.9276e-007
0.36949,6.9478e-007
0.36955,6.9679e-007
0.36959,6.9831e-007
0.36961,6.9932e-007
0.36972,7.0338e-007
0.3698,7.0643e-007
0.36983,7.0745e-007
0.37003,7.1515e-007
0.37008,7.1721e-007
0.37034,7.2707e-007
0.37036,7.2811e-007
0.37047,7.323e-007
0.37057,7.3651e-007
0.37068,7.4074e-007
0.37072,7.4233e-007
0.37076,7.4392e-007
0.37092,7.5032e-007
0.37093,7.5085e-007
0.37099,7.53e-007
0.37104,7.5514e-007
0.37111,7.5784e-007
0.37115,7.5945e-007
0.37129,7.6541e-007
0.37131,7.6596e-007
0.37141,7.7032e-007
0.37152,7.7469e-007
0.37164,7.7964e-007
0.37174,7.8406e-007
0.37178,7.8573e-007
0.37184,7.8795e-007
0.37198,7.9408e-007
0.37204,7.9632e-007
0.3721,7.9913e-007
0.37216,8.0138e-007
0.37232,8.0816e-007
0.37238,8.11e-007
0.37258,8.1956e-007
0.37262,8.2128e-007
0.37284,8.3109e-007
0.3729,8.3341e-007
0.37295,8.3574e-007
0.3732,8.4686e-007
0.37326,8.4921e-007
0.37337,8.5453e-007
0.37344,8.575e-007
0.37347,8.5868e-007
0.37363,8.6584e-007
0.37373,8.7064e-007
0.37374,8.7124e-007
0.37385,8.7606e-007
0.37386,8.7667e-007
0.3739,8.7848e-007
0.37401,8.8334e-007
0.3741,8.876e-007
0.37417,8.9066e-007
0.37432,8.9802e-007
0.3745,9.0606e-007
0.37457,9.0978e-007
0.37464,9.129e-007
0.37469,9.1539e-007
0.37489,9.2481e-007
0.375,9.2986e-007
0.37511,9.3557e-007
0.37517,9.3812e-007
0.37534,9.4643e-007
0.37544,9.5157e-007
0.37548,9.5351e-007
0.37557,9.5803e-007
0.37564,9.6128e-007
0.37575,9.6648e-007
0.3758,9.6909e-007
0.37584,9.7106e-007
0.37586,9.7237e-007
0.37599,9.7894e-007
0.37607,9.8289e-007
0.37628,9.9351e-007
0.37641,1.0002e-006
0.37653,1.0062e-006
0.37653,1.0062e-006
0.37659,1.0089e-006
0.37664,1.0116e-006
0.37681,1.0204e-006
0.3769,1.0252e-006
0.377,1.0307e-006
0.37704,1.0327e-006
0.37711,1.0362e-006
0.3772,1.041e-006
0.37721,1.0417e-006
0.37732,1.0472e-006
0.37746,1.0549e-006
0.37751,1.0577e-006
0.37765,1.0647e-006
0.37767,1.0661e-006
0.37768,1.0668e-006
0.37779,1.0725e-006
0.37788,1.0774e-006
0.37796,1.0817e-006
0.37804,1.086e-006
0.37806,1.0874e-006
0.37815,1.0924e-006
0.37831,1.1011e-006
0.37838,1.1047e-006
0.37857,1.1156e-006
0.37858,1.1163e-006
0.37873,1.1243e-006
0.37887,1.1324e-006
0.37888,1.1332e-006
0.37894,1.1361e-006
0.37909,1.145e-006
0.3792,1.151e-006
0.37931,1.1577e-006
0.37941,1.163e-006
0.37946,1.166e-006
0.37952,1.1698e-006
0.37955,1.1713e-006
0.37963,1.1758e-006
0.37976,1.1835e-006
0.37987,1.1903e-006
0.37992,1.1934e-006
0.37998,1.1965e-006
0.38013,1.2058e-006
0.38018,1.2089e-006
0.38025,1.2127e-006
0.38029,1.2151e-006
0.38034,1.2182e-006
0.38038,1.2205e-006
0.38046,1.2252e-006
0.3806,1.2339e-006
0.38065,1.237e-006
0.38076,1.2434e-006
0.38077,1.2442e-006
0.38087,1.2505e-006
0.38096,1.2561e-006
0.381,1.2585e-006
0.38112,1.2657e-006
0.38121,1.2714e-006
0.38138,1.2819e-006
0.38143,1.2851e-006
0.38157,1.2941e-006
0.38167,1.3007e-006
0.38169,1.3015e-006
0.38174,1.3048e-006
0.382,1.3213e-006
0.38204,1.3238e-006
0.38211,1.3288e-006
0.38219,1.3338e-006
0.3822,1.3347e-006
0.38232,1.3422e-006
0.38236,1.3448e-006
0.3825,1.354e-006
0.38251,1.3549e-006
0.38263,1.3625e-006
0.38267,1.3651e-006
0.38272,1.3685e-006
0.38277,1.3719e-006
0.38281,1.3745e-006
0.38304,1.39e-006
0.38327,1.4056e-006
0.38333,1.4091e-006
0.38339,1.4135e-006
0.38344,1.417e-006
0.38348,1.4196e-006
0.38356,1.4249e-006
0.3836,1.4275e-006
0.38365,1.4311e-006
0.38374,1.4372e-006
0.38385,1.4452e-006
0.38389,1.4479e-006
0.38406,1.4595e-006
0.3841,1.4622e-006
0.38421,1.4703e-006
0.38432,1.4776e-006
0.38437,1.4812e-006
0.38447,1.4885e-006
0.38448,1.4894e-006
0.38457,1.4958e-006
0.38462,1.4994e-006
0.38469,1.504e-006
0.38479,1.5114e-006
0.38483,1.5141e-006
0.38497,1.5243e-006
0.38503,1.529e-006
0.38512,1.5355e-006
0.3852,1.5411e-006
0.38533,1.5505e-006
0.38544,1.5589e-006
0.38551,1.5637e-006
0.3857,1.5779e-006
0.38574,1.5808e-006
0.38579,1.5846e-006
0.38582,1.5865e-006
0.38606,1.6047e-006
0.38616,1.6125e-006
0.38631,1.6241e-006
0.38636,1.628e-006
0.38642,1.6319e-006
0.38647,1.6359e-006
0.38652,1.6398e-006
0.38653,1.6408e-006
0.38662,1.6476e-006
0.38663,1.6486e-006
0.38674,1.6565e-006
0.38682,1.6634e-006
0.38694,1.6724e-006
0.38698,1.6754e-006
0.38712,1.6864e-006
0.38717,1.6904e-006
0.38739,1.7075e-006
0.38742,1.7106e-006
0.38754,1.7197e-006
0.38758,1.7227e-006
0.38769,1.7319e-006
0.38778,1.7391e-006
0.38779,1.7401e-006
0.38786,1.7453e-006
0.38793,1.7514e-006
0.38796,1.7535e-006
0.38816,1.7701e-006
0.3882,1.7732e-006
0.3883,1.7816e-006
0.38845,1.7941e-006
0.38857,1.8036e-006
0.38859,1.8057e-006
0.38866,1.811e-006
0.38881,1.8237e-006
0.38891,1.8323e-006
0.38896,1.8365e-006
0.38906,1.8451e-006
0.38911,1.8494e-006
0.38922,1.858e-006
0.38927,1.8623e-006
0.38937,1.871e-006
0.38946,1.8786e-006
0.38952,1.884e-006
0.38957,1.8884e-006
0.38961,1.8917e-006
0.38967,1.8972e-006
0.38968,1.8983e-006
0.38982,1.9103e-006
0.38987,1.9148e-006
0.39003,1.928e-006
0.39009,1.9336e-006
0.39018,1.9414e-006
0.39019,1.9425e-006
0.39037,1.9582e-006
0.39043,1.9638e-006
0.39053,1.9728e-006
0.39058,1.9773e-006
0.39062,1.9807e-006
0.39067,1.9853e-006
0.39082,1.9989e-006
0.3909,2.0058e-006
0.39099,2.0138e-006
0.391,2.0149e-006
0.39107,2.0218e-006
0.39109,2.023e-006
0.39123,2.0357e-006
0.39124,2.0368e-006
0.39138,2.0496e-006
0.39149,2.0601e-006
0.3915,2.0612e-006
0.3916,2.0706e-006
0.39169,2.0788e-006
0.39188,2.0965e-006
0.39201,2.1083e-006
0.39203,2.1107e-006
0.3921,2.1166e-006
0.39215,2.1214e-006
0.39223,2.1298e-006
0.39235,2.1406e-006
0.39241,2.1466e-006
0.39255,2.1598e-006
0.39259,2.1635e-006
0.39271,2.1756e-006
0.39275,2.1793e-006
0.3928,2.1841e-006
0.3929,2.1939e-006
0.39301,2.2049e-006
0.39311,2.2148e-006
0.3932,2.2234e-006
0.39325,2.2284e-006
0.39335,2.2383e-006
0.39339,2.242e-006
0.39345,2.2482e-006
0.39349,2.252e-006
0.39359,2.262e-006
0.39364,2.267e-006
0.3937,2.2733e-006
0.39382,2.2846e-006
0.39395,2.2985e-006
0.39405,2.3087e-006
0.39422,2.3252e-006
0.39432,2.3355e-006
0.3944,2.3445e-006
0.3945,2.3548e-006
0.39459,2.3638e-006
0.3946,2.3651e-006
0.39472,2.3768e-006
0.39482,2.3872e-006
0.39485,2.3911e-006
0.39495,2.4016e-006
0.3951,2.4174e-006
0.39515,2.4226e-006
0.39542,2.4504e-006
0.39545,2.4544e-006
0.39552,2.4611e-006
0.3956,2.4704e-006
0.39564,2.4745e-006
0.39582,2.4933e-006
0.39585,2.4973e-006
0.3959,2.5027e-006
0.396,2.5135e-006
0.39611,2.5258e-006
0.3962,2.5353e-006
0.39629,2.5449e-006
0.3963,2.5462e-006
0.39631,2.5476e-006
0.39645,2.5627e-006
0.3966,2.5792e-006
0.39661,2.5806e-006
0.39669,2.5889e-006
0.39679,2.6e-006
0.39685,2.607e-006
0.39701,2.6251e-006
0.39709,2.6335e-006
0.39721,2.6476e-006
0.39735,2.6631e-006
0.39738,2.6674e-006
0.39743,2.6731e-006
0.39761,2.693e-006
0.39763,2.6959e-006
0.39764,2.6973e-006
0.39774,2.7087e-006
0.39781,2.7159e-006
0.3979,2.7274e-006
0.39794,2.7317e-006
0.39809,2.7491e-006
0.3982,2.7622e-006
0.39828,2.7709e-006
0.39839,2.784e-006
0.39843,2.7884e-006
0.39844,2.7899e-006
0.3985,2.7972e-006
0.39864,2.8134e-006
0.39869,2.8193e-006
0.39873,2.8252e-006
0.39899,2.8564e-006
0.39902,2.8594e-006
0.39903,2.8609e-006
0.39909,2.8684e-006
0.39917,2.8774e-006
0.39928,2.8909e-006
0.39929,2.8924e-006
0.39939,2.9044e-006
0.39943,2.909e-006
0.39961,2.9317e-006
0.39972,2.9454e-006
0.39981,2.9561e-006
0.39987,2.9638e-006
0.39988,2.9653e-006
0.39997,2.9761e-006
0.40007,2.9884e-006
0.40008,2.9899e-006
0.40022,3.0069e-006
0.40028,3.0147e-006
0.40037,3.0256e-006
0.40046,3.038e-006
0.40048,3.0396e-006
0.40066,3.0631e-006
0.40076,3.0757e-006
0.4008,3.0804e-006
0.40091,3.0946e-006
0.40094,3.0994e-006
0.40099,3.1057e-006
0.40107,3.1153e-006
0.4013,3.1456e-006
0.4014,3.1584e-006
0.40144,3.1633e-006
0.4015,3.1713e-006
0.40155,3.1778e-006
0.40176,3.2053e-006
0.40183,3.2151e-006
0.40184,3.2167e-006
0.40194,3.2297e-006
0.40198,3.2346e-006
0.40212,3.2543e-006
0.40214,3.256e-006
0.40217,3.2609e-006
0.40223,3.2691e-006
0.40232,3.2807e-006
0.40238,3.289e-006
0.40243,3.2956e-006
0.40254,3.3105e-006
0.40257,3.3139e-006
0.40261,3.3205e-006
0.40263,3.3222e-006
0.40272,3.3356e-006
0.40283,3.3507e-006
0.40296,3.3675e-006
0.40301,3.3742e-006
0.40312,3.3894e-006
0.40323,3.4047e-006
0.40331,3.4166e-006
0.4034,3.4285e-006
0.40346,3.4371e-006
0.40356,3.4508e-006
0.4037,3.4714e-006
0.40385,3.4922e-006
0.4039,3.4991e-006
0.40401,3.5147e-006
0.40418,3.5391e-006
0.40429,3.5549e-006
0.4043,3.5566e-006
0.40433,3.5602e-006
0.40434,3.5619e-006
0.4044,3.5707e-006
0.40449,3.583e-006
0.4046,3.5989e-006
0.40463,3.6042e-006
0.40467,3.6096e-006
0.40472,3.6167e-006
0.40483,3.6327e-006
0.40491,3.6452e-006
0.40492,3.647e-006
0.40517,3.6828e-006
0.40525,3.6954e-006
0.40528,3.6991e-006
0.40535,3.7099e-006
0.40538,3.7135e-006
0.40547,3.728e-006
0.40551,3.7335e-006
0.40564,3.7535e-006
0.4057,3.7627e-006
0.4059,3.792e-006
0.40604,3.8141e-006
0.40606,3.816e-006
0.40613,3.8271e-006
0.40619,3.8363e-006
0.40634,3.8586e-006
0.40644,3.8754e-006
0.40653,3.8885e-006
0.40664,3.9054e-006
0.40668,3.9111e-006
0.40682,3.9337e-006
0.40693,3.9507e-006
0.407,3.9621e-006
0.40721,3.9945e-006
0.40726,4.0021e-006
0.40744,4.0309e-006
0.4075,4.0405e-006
0.40765,4.0637e-006
0.40778,4.085e-006
0.4078,4.0889e-006
0.4079,4.1045e-006
0.40798,4.1181e-006
0.40802,4.124e-006
0.40832,4.1731e-006
0.40841,4.1869e-006
0.40841,4.1869e-006
0.40856,4.2127e-006
0.40866,4.2286e-006
0.40871,4.2366e-006
0.40877,4.2466e-006
0.40885,4.2606e-006
0.40895,4.2766e-006
0.409,4.2846e-006
0.40913,4.3068e-006
0.40919,4.3169e-006
0.40932,4.3392e-006
0.40935,4.3433e-006
0.40954,4.3758e-006
0.40961,4.3881e-006
0.40972,4.4066e-006
0.40993,4.4416e-006
0.41,4.454e-006
0.41012,4.4747e-006
0.41029,4.5038e-006
0.4103,4.5059e-006
0.4104,4.5226e-006
0.4105,4.5415e-006
0.4106,4.5583e-006
0.4107,4.5751e-006
0.41073,4.5814e-006
0.41086,4.6047e-006
0.41097,4.6238e-006
0.41112,4.6494e-006
0.41126,4.675e-006
0.41131,4.6836e-006
0.41137,4.6944e-006
0.41146,4.7116e-006
0.41163,4.7418e-006
0.41166,4.7461e-006
0.41169,4.7526e-006
0.41185,4.7809e-006
0.41194,4.7983e-006
0.41212,4.8312e-006
0.41221,4.8465e-006
0.41227,4.8576e-006
0.41232,4.8664e-006
0.41255,4.9106e-006
0.41271,4.9396e-006
0.41302,4.9978e-006
0.41303,5e-006
0.41308,5.009e-006
0.41313,5.0181e-006
0.41319,5.0293e-006
0.41327,5.0452e-006
0.41328,5.0474e-006
0.4134,5.0701e-006
0.41345,5.0792e-006
0.41357,5.102e-006
0.41367,5.1203e-006
0.41375,5.1363e-006
0.41383,5.1524e-006
0.41389,5.1639e-006
0.41405,5.1939e-006
0.41414,5.2124e-006
0.41427,5.238e-006
0.41436,5.2543e-006
0.41442,5.2659e-006
0.4145,5.2823e-006
0.4147,5.3222e-006
0.41471,5.3246e-006
0.4148,5.341e-006
0.41493,5.367e-006
0.415,5.3813e-006
0.41527,5.436e-006
0.41531,5.4432e-006
0.41542,5.4647e-006
0.4155,5.4815e-006
0.41557,5.496e-006
0.41566,5.5153e-006
0.41588,5.5589e-006
0.41595,5.5734e-006
0.41602,5.588e-006
0.41607,5.5978e-006
0.41621,5.6271e-006
0.41632,5.6492e-006
0.41646,5.6787e-006
0.41655,5.6985e-006
0.41661,5.7109e-006
0.4167,5.7282e-006
0.41689,5.768e-006
0.41712,5.818e-006
0.41721,5.8356e-006
0.41728,5.8507e-006
0.41736,5.8683e-006
0.41745,5.8885e-006
0.41755,5.9088e-006
0.4176,5.919e-006
0.41765,5.9317e-006
0.41774,5.9495e-006
0.41788,5.9801e-006
0.41802,6.0109e-006
0.41822,6.0547e-006
0.41826,6.0624e-006
0.4183,6.0727e-006
0.41845,6.1038e-006
0.41853,6.122e-006
0.41859,6.135e-006
0.41868,6.1559e-006
0.41876,6.1742e-006
0.41887,6.1978e-006
0.41896,6.2188e-006
0.41914,6.2584e-006
0.41926,6.2848e-006
0.41928,6.2901e-006
0.41953,6.346e-006
0.41972,6.3888e-006
0.41991,6.4318e-006
0.42,6.4534e-006
0.42009,6.475e-006
0.42014,6.4859e-006
0.42023,6.5076e-006
0.42027,6.5157e-006
0.42038,6.5402e-006
0.42048,6.5648e-006
0.42066,6.6059e-006
0.42084,6.65e-006
0.42094,6.6721e-006
0.42108,6.7053e-006
0.42122,6.7387e-006
0.4213,6.7582e-006
0.4214,6.7805e-006
0.42155,6.817e-006
0.42161,6.831e-006
0.42179,6.8761e-006
0.42192,6.9072e-006
0.42202,6.9299e-006
0.4221,6.9498e-006
0.42224,6.9841e-006
0.42228,6.9955e-006
0.42242,7.0299e-006
0.42245,7.0356e-006
0.42262,7.0788e-006
0.42266,7.0874e-006
0.42291,7.1511e-006
0.42295,7.1599e-006
0.42301,7.1744e-006
0.42322,7.2269e-006
0.42329,7.2445e-006
0.42351,7.3004e-006
0.42357,7.3151e-006
0.42364,7.3328e-006
0.42396,7.4159e-006
0.42412,7.4547e-006
0.42421,7.4787e-006
0.4243,7.5027e-006
0.42435,7.5147e-006
0.42441,7.5298e-006
0.42444,7.5388e-006
0.42458,7.5751e-006
0.42472,7.6114e-006
0.42477,7.6236e-006
0.425,7.6845e-006
0.42522,7.7427e-006
0.42528,7.7581e-006
0.42543,7.7981e-006
0.42546,7.8074e-006
0.42564,7.8538e-006
0.42574,7.8818e-006
0.42587,7.9161e-006
0.42597,7.9442e-006
0.42601,7.9536e-006
0.42616,7.9943e-006
0.42625,8.0195e-006
0.42639,8.0573e-006
0.42653,8.0953e-006
0.42654,8.0984e-006
0.42663,8.1238e-006
0.42685,8.1843e-006
0.42698,8.2195e-006
0.42704,8.2355e-006
0.42712,8.258e-006
0.42722,8.287e-006
0.42727,8.2999e-006
0.4273,8.3095e-006
0.42736,8.3257e-006
0.4275,8.3645e-006
0.42765,8.4068e-006
0.42782,8.4557e-006
0.42791,8.4818e-006
0.428,8.5048e-006
0.42823,8.5705e-006
0.42838,8.6135e-006
0.42851,8.6532e-006
0.4287,8.7065e-006
0.42878,8.7298e-006
0.42879,8.7332e-006
0.42888,8.7599e-006
0.42902,8.8002e-006
0.42916,8.8405e-006
0.42931,8.8844e-006
0.42947,8.9318e-006
0.42962,8.976e-006
0.42984,9.0409e-006
0.42993,9.0683e-006
0.42995,9.0752e-006
0.43007,9.1095e-006
0.43031,9.182e-006
0.43041,9.2131e-006
0.43058,9.2652e-006
0.43081,9.335e-006
0.43098,9.3876e-006
0.43103,9.4017e-006
0.43113,9.4334e-006
0.43127,9.4757e-006
0.43133,9.4934e-006
0.43141,9.5182e-006
0.43153,9.5573e-006
0.4316,9.5786e-006
0.43171,9.6143e-006
0.43177,9.6321e-006
0.43191,9.6751e-006
0.43215,9.7506e-006
0.43226,9.7867e-006
0.43233,9.8084e-006
0.43242,9.8374e-006
0.43273,9.9357e-006
0.43281,9.9613e-006
0.43287,9.9796e-006
0.433,1.0024e-005
0.43315,1.0072e-005
0.43319,1.0083e-005
0.43324,1.0101e-005
0.43331,1.0123e-005
0.43346,1.0171e-005
0.43355,1.0201e-005
0.43372,1.0257e-005
0.43387,1.0306e-005
0.43396,1.0336e-005
0.43414,1.0396e-005
0.43415,1.04e-005
0.43424,1.043e-005
0.43427,1.0437e-005
0.43446,1.0502e-005
0.43479,1.0612e-005
0.43481,1.062e-005
0.43487,1.0639e-005
0.43496,1.067e-005
0.43533,1.0797e-005
0.43543,1.0828e-005
0.43554,1.0866e-005
0.43561,1.089e-005
0.43569,1.0917e-005
0.43577,1.0944e-005
0.43597,1.1015e-005
0.43608,1.1054e-005
0.43622,1.1101e-005
0.43651,1.1204e-005
0.4366,1.1236e-005
0.43678,1.1299e-005
0.43695,1.1359e-005
0.43705,1.1395e-005
0.43723,1.146e-005
0.43731,1.1488e-005
0.4374,1.152e-005
0.43757,1.1581e-005
0.43763,1.1601e-005
0.43767,1.1617e-005
0.43776,1.165e-005
0.43795,1.1715e-005
0.43808,1.1764e-005
0.43831,1.1847e-005
0.43832,1.1851e-005
0.43838,1.1875e-005
0.43853,1.1929e-005
0.43859,1.195e-005
0.43865,1.1975e-005
0.43889,1.2062e-005
0.43915,1.2158e-005
0.43922,1.2183e-005
0.43934,1.223e-005
0.43965,1.2348e-005
0.43979,1.2399e-005
0.43983,1.2416e-005
0.43987,1.2428e-005
0.44002,1.2488e-005
0.4401,1.2518e-005
0.4402,1.2557e-005
0.44033,1.2604e-005
0.44047,1.266e-005
0.44065,1.2729e-005
0.44091,1.2828e-005
0.44094,1.2841e-005
0.44117,1.2929e-005
0.44127,1.2968e-005
0.44128,1.2972e-005
0.44148,1.3051e-005
0.44166,1.3122e-005
0.44176,1.3162e-005
0.4419,1.3219e-005
0.44208,1.329e-005
0.44221,1.3339e-005
0.44252,1.3465e-005
0.44256,1.3483e-005
0.44265,1.3518e-005
0.44274,1.3555e-005
0.44291,1.3622e-005
0.44306,1.3686e-005
0.44345,1.3845e-005
0.44359,1.39e-005
0.44368,1.3937e-005
0.44395,1.4052e-005
0.44399,1.4066e-005
0.44411,1.4117e-005
0.44429,1.4191e-005
0.44431,1.42e-005
0.44438,1.4228e-005
0.44449,1.4275e-005
0.44457,1.4308e-005
0.44464,1.434e-005
0.44487,1.4434e-005
0.44504,1.451e-005
0.44528,1.4609e-005
0.44538,1.4652e-005
0.44541,1.4666e-005
0.44554,1.4723e-005
0.44555,1.4728e-005
0.44571,1.4795e-005
0.44608,1.4958e-005
0.44617,1.4996e-005
0.44628,1.5045e-005
0.44652,1.5146e-005
0.44665,1.5205e-005
0.44678,1.5263e-005
0.44686,1.5297e-005
0.44697,1.5346e-005
0.44705,1.5381e-005
0.44718,1.544e-005
0.44734,1.5513e-005
0.44744,1.5558e-005
0.44775,1.5697e-005
0.44787,1.5751e-005
0.44803,1.5821e-005
0.44819,1.5896e-005
0.44827,1.5931e-005
0.4485,1.6037e-005
0.44862,1.6093e-005
0.44875,1.6153e-005
0.44885,1.6199e-005
0.44893,1.6235e-005
0.44908,1.6306e-005
0.44928,1.6398e-005
0.44942,1.6464e-005
0.44959,1.6541e-005
0.44964,1.6567e-005
0.44991,1.6691e-005
0.44995,1.6712e-005
0.45014,1.68e-005
0.45048,1.6962e-005
0.45052,1.6983e-005
0.45066,1.7051e-005
0.45096,1.7193e-005
0.45109,1.7256e-005
0.45113,1.7277e-005
0.45131,1.7362e-005
0.45138,1.7399e-005
0.45143,1.7421e-005
0.45161,1.7511e-005
0.45179,1.7597e-005
0.45189,1.7645e-005
0.45218,1.7791e-005
0.45227,1.7834e-005
0.45249,1.7942e-005
0.45257,1.7985e-005
0.45283,1.8111e-005
0.45302,1.8209e-005
0.45317,1.8286e-005
0.4532,1.8297e-005
0.45323,1.8313e-005
0.45336,1.838e-005
0.45352,1.8462e-005
0.45372,1.8562e-005
0.45388,1.8645e-005
0.45398,1.8695e-005
0.45407,1.874e-005
0.45424,1.8829e-005
0.45436,1.8891e-005
0.45457,1.8998e-005
0.45484,1.9139e-005
0.45492,1.9184e-005
0.45504,1.9247e-005
0.45535,1.9406e-005
0.45544,1.9457e-005
0.45553,1.9503e-005
0.45566,1.9572e-005
0.4558,1.9647e-005
0.45583,1.9664e-005
0.45591,1.9704e-005
0.45618,1.9849e-005
0.45631,1.9918e-005
0.4566,2.0076e-005
0.45683,2.0198e-005
0.45687,2.0222e-005
0.45696,2.0269e-005
0.45735,2.0481e-005
0.45744,2.0534e-005
0.45756,2.0599e-005
0.45762,2.0629e-005
0.4577,2.0676e-005
0.45781,2.0736e-005
0.45796,2.0819e-005
0.45816,2.0927e-005
0.45833,2.1023e-005
0.45839,2.1059e-005
0.45864,2.1198e-005
0.45872,2.124e-005
0.459,2.1398e-005
0.4592,2.1513e-005
0.45933,2.1586e-005
0.45943,2.1642e-005
0.45977,2.1838e-005
0.45989,2.1906e-005
0.45997,2.1955e-005
0.4601,2.2029e-005
0.4602,2.2085e-005
0.46027,2.2128e-005
0.46057,2.2303e-005
0.46071,2.2384e-005
0.46096,2.2528e-005
0.46104,2.2578e-005
0.46125,2.2698e-005
0.46138,2.2774e-005
0.46177,2.3008e-005
0.4618,2.3027e-005
0.4619,2.3085e-005
0.46206,2.3181e-005
0.46215,2.3232e-005
0.46225,2.3296e-005
0.4624,2.3386e-005
0.46259,2.3502e-005
0.46268,2.3553e-005
0.46283,2.3644e-005
0.46292,2.3702e-005
0.46318,2.3858e-005
0.46342,2.4008e-005
0.4636,2.4113e-005
0.46379,2.4231e-005
0.4639,2.4303e-005
0.46429,2.4541e-005
0.46433,2.4567e-005
0.46449,2.4667e-005
0.46455,2.4707e-005
0.46464,2.476e-005
0.46492,2.494e-005
0.46513,2.5068e-005
0.46531,2.5182e-005
0.46548,2.529e-005
0.46565,2.5398e-005
0.46581,2.5507e-005
0.46616,2.5731e-005
0.46623,2.5772e-005
0.46637,2.5861e-005
0.46652,2.5964e-005
0.46659,2.6005e-005
0.46669,2.6074e-005
0.46703,2.6295e-005
0.46713,2.6357e-005
0.46726,2.6447e-005
0.46754,2.6628e-005
0.46766,2.6712e-005
0.46793,2.6886e-005
0.46814,2.7027e-005
0.46821,2.7076e-005
0.46861,2.7345e-005
0.46877,2.7451e-005
0.46889,2.7529e-005
0.46898,2.7593e-005
0.46915,2.7707e-005
0.46936,2.7851e-005
0.46961,2.8023e-005
0.46971,2.8088e-005
0.46991,2.8225e-005
0.47006,2.8333e-005
0.47053,2.8653e-005
0.47062,2.8719e-005
0.47075,2.8806e-005
0.47095,2.8945e-005
0.47103,2.9004e-005
0.47113,2.9078e-005
0.47128,2.9181e-005
0.47147,2.9314e-005
0.4715,2.9336e-005
0.4717,2.9477e-005
0.47197,2.967e-005
0.47228,2.9894e-005
0.47255,3.0081e-005
0.47264,3.0149e-005
0.47313,3.0504e-005
0.47321,3.0564e-005
0.4733,3.0625e-005
0.47342,3.0716e-005
0.47359,3.0838e-005
0.4738,3.0991e-005
0.47401,3.1144e-005
0.47408,3.1198e-005
0.47434,3.139e-005
0.47447,3.149e-005
0.47489,3.18e-005
0.47504,3.1909e-005
0.47513,3.1979e-005
0.47541,3.219e-005
0.47547,3.2237e-005
0.47564,3.2362e-005
0.47574,3.2441e-005
0.47588,3.2543e-005
0.47592,3.2575e-005
0.47628,3.2851e-005
0.47642,3.2954e-005
0.47666,3.3145e-005
0.47695,3.3368e-005
0.47707,3.3456e-005
0.47749,3.3786e-005
0.47756,3.3842e-005
0.47766,3.3915e-005
0.47774,3.3979e-005
0.47789,3.4101e-005
0.47815,3.4304e-005
0.47836,3.4466e-005
0.47845,3.454e-005
0.47877,3.4793e-005
0.47888,3.4884e-005
0.47926,3.518e-005
0.47944,3.5328e-005
0.47951,3.5386e-005
0.47985,3.566e-005
0.47991,3.571e-005
0.48004,3.581e-005
0.48016,3.591e-005
0.48034,3.6052e-005
0.48057,3.6245e-005
0.48083,3.6455e-005
0.48098,3.6582e-005
0.48115,3.6717e-005
0.48136,3.6895e-005
0.48185,3.7304e-005
0.48194,3.7372e-005
0.48207,3.7483e-005
0.48218,3.7578e-005
0.48231,3.7689e-005
0.48255,3.7887e-005
0.48271,3.8025e-005
0.48283,3.812e-005
0.4832,3.8441e-005
0.48353,3.872e-005
0.48385,3.8991e-005
0.48427,3.936e-005
0.4843,3.9386e-005
0.48444,3.9501e-005
0.4846,3.9642e-005
0.48475,3.9775e-005
0.48501,3.9997e-005
0.48524,4.0202e-005
0.4854,4.0345e-005
0.48574,4.064e-005
0.48592,4.0802e-005
0.48631,4.1145e-005
0.48645,4.1271e-005
0.48654,4.1353e-005
0.48673,4.1525e-005
0.48691,4.168e-005
0.48711,4.1863e-005
0.48735,4.2082e-005
0.48764,4.2339e-005
0.48796,4.2633e-005
0.48825,4.2901e-005
0.48832,4.2966e-005
0.48873,4.3338e-005
0.4888,4.3403e-005
0.4889,4.3496e-005
0.48904,4.3627e-005
0.48922,4.3796e-005
0.48946,4.4021e-005
0.48971,4.4247e-005
0.49001,4.453e-005
0.49018,4.4691e-005
0.49073,4.5214e-005
0.49083,4.5309e-005
0.49098,4.5452e-005
0.49115,4.5615e-005
0.49135,4.5798e-005
0.49155,4.599e-005
0.49162,4.6057e-005
0.49199,4.6415e-005
0.49212,4.6541e-005
0.49266,4.7066e-005
0.49275,4.7154e-005
0.49316,4.7555e-005
0.49324,4.7634e-005
0.49339,4.7781e-005
0.49359,4.7978e-005
0.49386,4.8245e-005
0.49407,4.8453e-005
0.49444,4.8821e-005
0.49459,4.897e-005
0.49515,4.953e-005
0.49522,4.9601e-005
0.49543,4.9812e-005
0.49558,4.9963e-005
0.49574,5.0135e-005
0.49598,5.0377e-005
0.49622,5.0621e-005
0.4965,5.0906e-005
0.49682,5.1233e-005
0.49707,5.1489e-005
0.49757,5.2013e-005
0.49762,5.2065e-005
0.49768,5.2126e-005
0.49792,5.2375e-005
0.4981,5.2561e-005
0.49832,5.2789e-005
0.49857,5.306e-005
0.49891,5.3415e-005
0.49921,5.373e-005
0.49958,5.4129e-005
0.49987,5.4435e-005
0.5,5.4573e-005
0.50015,5.4732e-005
0.50042,5.5029e-005
0.50066,5.5284e-005
0.50093,5.5583e-005
0.50125,5.5926e-005
0.5016,5.6313e-005
0.50205,5.6798e-005
0.50212,5.6885e-005
0.50236,5.7145e-005
0.50254,5.7341e-005
0.50275,5.758e-005
0.50301,5.7864e-005
0.50341,5.8312e-005
0.50396,5.8928e-005
0.50427,5.9282e-005
0.50439,5.9415e-005
0.50451,5.9548e-005
0.50466,5.9725e-005
0.50487,5.9959e-005
0.50536,6.0517e-005
0.50568,6.0886e-005
0.50603,6.1291e-005
0.50645,6.1776e-005
0.50651,6.1844e-005
0.50666,6.2025e-005
0.50685,6.2241e-005
0.50719,6.2639e-005
0.50744,6.2935e-005
0.50782,6.3381e-005
0.50837,6.4025e-005
0.50871,6.444e-005
0.50883,6.4579e-005
0.50895,6.4718e-005
0.50929,6.5124e-005
0.50953,6.5415e-005
0.5098,6.5742e-005
0.51029,6.6339e-005
0.51084,6.7009e-005
0.51095,6.7139e-005
0.51111,6.7328e-005
0.51127,6.7529e-005
0.51163,6.7968e-005
0.51188,6.8277e-005
0.51223,6.8719e-005
0.51286,6.9498e-005
0.5132,6.9919e-005
0.51327,7.0015e-005
0.51354,7.0353e-005
0.51373,7.0595e-005
0.51419,7.1166e-005
0.51454,7.1616e-005
0.51527,7.2547e-005
0.51539,7.2706e-005
0.51555,7.2903e-005
0.51569,7.3088e-005
0.51606,7.3569e-005
0.51631,7.3891e-005
0.51692,7.4686e-005
0.5176,7.5573e-005
0.51769,7.5686e-005
0.51783,7.5875e-005
0.51812,7.6264e-005
0.5184,7.663e-005
0.51897,7.7389e-005
0.51969,7.8355e-005
0.51984,7.8546e-005
0.51999,7.8751e-005
0.52012,7.893e-005
0.5205,7.9443e-005
0.52103,8.0163e-005
0.52171,8.1095e-005
0.52208,8.1601e-005
0.52216,8.1705e-005
0.52242,8.207e-005
0.52284,8.2645e-005
0.5234,8.3432e-005
0.52412,8.4434e-005
0.52428,8.4659e-005
0.52443,8.4871e-005
0.52473,8.5296e-005
0.52518,8.5935e-005
0.52578,8.679e-005
0.52649,8.7797e-005
0.5266,8.7959e-005
0.52686,8.8337e-005
0.52727,8.8932e-005
0.52783,8.9747e-005
0.5287,9.1016e-005
0.52878,9.1126e-005
0.529,9.1455e-005
0.52937,9.2005e-005
0.5299,9.2777e-005
0.53093,9.4317e-005
0.53104,9.4484e-005
0.5313,9.4874e-005
0.53171,9.5489e-005
0.53227,9.6331e-005
0.53316,9.7699e-005
0.53331,9.7925e-005
0.53361,9.8379e-005
0.53405,9.9061e-005
0.53537,0.00010111
0.53548,0.00010128
0.53574,0.00010168
0.53615,0.00010231
0.53759,0.00010459
0.53766,0.00010471
0.53788,0.00010506
0.53825,0.00010564
0.53981,0.00010816
0.53992,0.00010834
0.54018,0.00010875
0.54058,0.00010941
0.54205,0.00011181
0.5422,0.00011205
0.54249,0.00011253
0.54426,0.00011548
0.54437,0.00011566
0.54462,0.00011609
0.54647,0.00011923
0.54655,0.00011935
0.54676,0.00011972
0.5487,0.00012306
0.54881,0.00012324
0.54906,0.00012368
0.55094,0.00012697
0.55108,0.00012722
0.55314,0.00013089
0.55325,0.00013108
0.55536,0.00013489
0.55543,0.00013502
0.55759,0.00013897
0.55769,0.00013917
0.55982,0.00014313
0.56203,0.0001473
0.56425,0.00015154
0.56647,0.00015586
