5.9563,2.1236e-005
5.962,2.1177e-005
5.9658,2.1137e-005
5.9705,2.1087e-005
5.9772,2.1019e-005
5.9933,2.0853e-005
5.9942,2.0843e-005
5.9999,2.0785e-005
6.0046,2.0737e-005
6.0112,2.067e-005
6.0225,2.0556e-005
6.0263,2.0518e-005
6.0272,2.0509e-005
6.031,2.0471e-005
6.0394,2.0387e-005
6.0469,2.0313e-005
6.0526,2.0258e-005
6.0535,2.0248e-005
6.06,2.0184e-005
6.0684,2.0102e-005
6.0694,2.0093e-005
6.0759,2.0029e-005
6.0834,1.9957e-005
6.0918,1.9877e-005
6.0945,1.985e-005
6.0973,1.9823e-005
6.0983,1.9814e-005
6.102,1.9779e-005
6.1094,1.9708e-005
6.1168,1.9638e-005
6.1279,1.9534e-005
6.1307,1.9508e-005
6.1418,1.9405e-005
6.1436,1.9387e-005
6.151,1.9319e-005
6.1611,1.9226e-005
6.1722,1.9125e-005
6.1749,1.91e-005
6.1758,1.9092e-005
6.1804,1.905e-005
6.1896,1.8968e-005
6.1951,1.8918e-005
6.2006,1.8869e-005
6.2024,1.8853e-005
6.2079,1.8804e-005
6.2197,1.8699e-005
6.2306,1.8603e-005
6.2334,1.8579e-005
6.2388,1.8532e-005
6.2461,1.8469e-005
6.2524,1.8414e-005
6.2624,1.8328e-005
6.266,1.8297e-005
6.2705,1.8258e-005
6.2814,1.8166e-005
6.285,1.8135e-005
6.2895,1.8097e-005
6.2958,1.8044e-005
6.303,1.7984e-005
6.3057,1.7961e-005
6.3138,1.7894e-005
6.3236,1.7812e-005
6.3254,1.7797e-005
6.3281,1.7775e-005
6.3326,1.7739e-005
6.3389,1.7687e-005
6.3469,1.7622e-005
6.3523,1.7578e-005
6.354,1.7564e-005
6.3674,1.7456e-005
6.371,1.7427e-005
6.3807,1.7349e-005
6.3878,1.7293e-005
6.3896,1.7279e-005
6.3958,1.723e-005
6.3994,1.7202e-005
6.4029,1.7174e-005
6.41,1.7119e-005
6.4109,1.7112e-005
6.4206,1.7036e-005
6.4312,1.6954e-005
6.432,1.6947e-005
6.4347,1.6927e-005
6.4373,1.6907e-005
6.4453,1.6846e-005
6.4558,1.6765e-005
6.4654,1.6692e-005
6.4733,1.6633e-005
6.476,1.6613e-005
6.4812,1.6574e-005
6.4864,1.6535e-005
6.4943,1.6476e-005
6.4952,1.647e-005
6.4978,1.645e-005
6.5022,1.6418e-005
6.5048,1.6399e-005
6.5143,1.6328e-005
6.5178,1.6303e-005
6.5256,1.6246e-005
6.5317,1.6202e-005
6.5369,1.6164e-005
6.5499,1.6071e-005
6.5534,1.6046e-005
6.5594,1.6003e-005
6.5603,1.5996e-005
6.5672,1.5947e-005
6.5732,1.5905e-005
6.581,1.585e-005
6.5844,1.5826e-005
6.5913,1.5777e-005
6.6008,1.5711e-005
6.6042,1.5688e-005
6.6085,1.5658e-005
6.6145,1.5616e-005
6.6188,1.5587e-005
6.6196,1.5581e-005
6.6222,1.5563e-005
6.6265,1.5534e-005
6.6316,1.5499e-005
6.6393,1.5447e-005
6.6427,1.5424e-005
6.647,1.5395e-005
6.6555,1.5337e-005
6.6657,1.5269e-005
6.6691,1.5246e-005
6.6733,1.5218e-005
6.6827,1.5156e-005
6.6861,1.5133e-005
6.7005,1.5039e-005
6.7039,1.5017e-005
6.7072,1.4994e-005
6.7106,1.4972e-005
6.714,1.495e-005
6.7148,1.4945e-005
6.7216,1.4901e-005
6.7241,1.4885e-005
6.7334,1.4825e-005
6.7376,1.4798e-005
6.7418,1.4771e-005
6.7443,1.4755e-005
6.751,1.4713e-005
6.7619,1.4643e-005
6.767,1.4612e-005
6.7711,1.4585e-005
6.7745,1.4564e-005
6.777,1.4549e-005
6.782,1.4517e-005
6.7912,1.446e-005
6.7945,1.4439e-005
6.8037,1.4383e-005
6.8112,1.4337e-005
6.8145,1.4316e-005
6.817,1.4301e-005
6.822,1.4271e-005
6.8278,1.4235e-005
6.8345,1.4195e-005
6.8411,1.4155e-005
6.8444,1.4135e-005
6.851,1.4095e-005
6.8543,1.4075e-005
6.8568,1.4061e-005
6.8609,1.4036e-005
6.8667,1.4002e-005
6.8708,1.3977e-005
6.8799,1.3924e-005
6.8816,1.3914e-005
6.8947,1.3837e-005
6.9005,1.3803e-005
6.9038,1.3784e-005
6.9095,1.3751e-005
6.9202,1.3689e-005
6.9234,1.367e-005
6.9275,1.3647e-005
6.9324,1.3619e-005
6.9357,1.36e-005
6.9431,1.3558e-005
6.9496,1.3521e-005
6.9528,1.3503e-005
6.9602,1.3461e-005
6.9667,1.3425e-005
6.9724,1.3393e-005
6.9756,1.3375e-005
6.9846,1.3325e-005
6.9983,1.3249e-005
7.0016,1.3231e-005
7.0048,1.3213e-005
7.0113,1.3178e-005
7.0186,1.3138e-005
7.021,1.3125e-005
7.0266,1.3094e-005
7.0298,1.3077e-005
7.0307,1.3072e-005
7.0339,1.3055e-005
7.0395,1.3025e-005
7.0468,1.2986e-005
7.05,1.2969e-005
7.0556,1.2938e-005
7.0596,1.2917e-005
7.066,1.2883e-005
7.07,1.2862e-005
7.0781,1.2819e-005
7.0789,1.2815e-005
7.0877,1.2769e-005
7.0917,1.2748e-005
7.0948,1.2731e-005
7.102,1.2694e-005
7.1044,1.2682e-005
7.1076,1.2665e-005
7.1172,1.2616e-005
7.1212,1.2595e-005
7.1267,1.2567e-005
7.1339,1.253e-005
7.1363,1.2518e-005
7.1402,1.2498e-005
7.1458,1.247e-005
7.1529,1.2433e-005
7.1553,1.2421e-005
7.1577,1.2409e-005
7.1711,1.2342e-005
7.1774,1.231e-005
7.1806,1.2295e-005
7.1838,1.2279e-005
7.1909,1.2244e-005
7.1995,1.2201e-005
7.2058,1.217e-005
7.2121,1.2139e-005
7.2184,1.2109e-005
7.2286,1.2059e-005
7.2333,1.2036e-005
7.2372,1.2018e-005
7.2396,1.2006e-005
7.2403,1.2002e-005
7.2427,1.1991e-005
7.2466,1.1972e-005
7.2521,1.1946e-005
7.256,1.1928e-005
7.2653,1.1883e-005
7.2677,1.1872e-005
7.277,1.1828e-005
7.2833,1.1798e-005
7.2848,1.1791e-005
7.2871,1.178e-005
7.2903,1.1765e-005
7.2973,1.1733e-005
7.3035,1.1704e-005
7.3097,1.1675e-005
7.3151,1.165e-005
7.3213,1.1621e-005
7.3267,1.1596e-005
7.3337,1.1565e-005
7.3398,1.1536e-005
7.3422,1.1526e-005
7.346,1.1508e-005
7.3491,1.1494e-005
7.353,1.1477e-005
7.3545,1.147e-005
7.3591,1.1449e-005
7.3676,1.1411e-005
7.3737,1.1383e-005
7.3776,1.1366e-005
7.3799,1.1356e-005
7.3837,1.1339e-005
7.386,1.1328e-005
7.3914,1.1304e-005
7.3952,1.1287e-005
7.4021,1.1257e-005
7.4082,1.123e-005
7.4144,1.1203e-005
7.4159,1.1197e-005
7.4281,1.1143e-005
7.4327,1.1123e-005
7.4373,1.1103e-005
7.4388,1.1097e-005
7.4441,1.1074e-005
7.4525,1.1038e-005
7.4555,1.1025e-005
7.4593,1.1009e-005
7.4646,1.0986e-005
7.4715,1.0957e-005
7.4753,1.0941e-005
7.4775,1.0931e-005
7.4806,1.0918e-005
7.4874,1.0889e-005
7.4896,1.088e-005
7.4957,1.0854e-005
7.501,1.0832e-005
7.5078,1.0804e-005
7.5168,1.0766e-005
7.5176,1.0763e-005
7.5251,1.0732e-005
7.5296,1.0713e-005
7.5342,1.0695e-005
7.5379,1.0679e-005
7.5417,1.0664e-005
7.5439,1.0655e-005
7.5522,1.0621e-005
7.5597,1.059e-005
7.5612,1.0584e-005
7.5657,1.0566e-005
7.5717,1.0542e-005
7.5777,1.0518e-005
7.5799,1.0509e-005
7.5859,1.0485e-005
7.5919,1.0461e-005
7.6001,1.0428e-005
7.6038,1.0413e-005
7.609,1.0393e-005
7.6135,1.0375e-005
7.6187,1.0354e-005
7.6217,1.0343e-005
7.6239,1.0334e-005
7.6328,1.0299e-005
7.6336,1.0296e-005
7.6447,1.0253e-005
7.6484,1.0238e-005
7.6513,1.0227e-005
7.6654,1.0173e-005
7.6669,1.0167e-005
7.6691,1.0159e-005
7.6728,1.0144e-005
7.6772,1.0128e-005
7.6787,1.0122e-005
7.6802,1.0116e-005
7.6846,1.0099e-005
7.6868,1.0091e-005
7.692,1.0071e-005
7.7016,1.0035e-005
7.7045,1.0024e-005
7.7104,1.0002e-005
7.7133,9.9909e-006
7.7185,9.9717e-006
7.7251,9.947e-006
7.7309,9.9252e-006
7.7368,9.9034e-006
7.7419,9.8845e-006
7.7485,9.8602e-006
7.7544,9.8387e-006
7.7609,9.8146e-006
7.7631,9.8066e-006
7.7711,9.7773e-006
7.7719,9.7746e-006
7.7748,9.764e-006
7.7784,9.7508e-006
7.7835,9.7323e-006
7.7894,9.7113e-006
7.7974,9.6825e-006
7.7981,9.6799e-006
7.809,9.6408e-006
7.8097,9.6382e-006
7.8133,9.6253e-006
7.8177,9.6098e-006
7.8249,9.5841e-006
7.8293,9.5687e-006
7.83,9.5662e-006
7.8329,9.5559e-006
7.8358,9.5457e-006
7.8445,9.5152e-006
7.8524,9.4874e-006
7.8553,9.4773e-006
7.8589,9.4647e-006
7.8654,9.4422e-006
7.8704,9.4247e-006
7.8783,9.3973e-006
7.8791,9.3948e-006
7.8827,9.3824e-006
7.8884,9.3627e-006
7.8941,9.343e-006
7.8999,9.3234e-006
7.9042,9.3087e-006
7.9078,9.2965e-006
7.9128,9.2794e-006
7.9135,9.277e-006
7.9221,9.248e-006
7.9278,9.2287e-006
7.9342,9.2071e-006
7.945,9.1712e-006
7.9457,9.1688e-006
7.9499,9.1546e-006
7.9535,9.1427e-006
7.9564,9.1333e-006
7.9649,9.105e-006
7.9685,9.0932e-006
7.9791,9.0581e-006
7.9813,9.0511e-006
7.9848,9.0395e-006
7.9876,9.0302e-006
7.9926,9.014e-006
7.999,8.9932e-006
8.0025,8.9817e-006
8.0046,8.9748e-006
8.0103,8.9565e-006
8.0153,8.9405e-006
8.0181,8.9314e-006
8.0266,8.9042e-006
8.0308,8.8906e-006
8.035,8.8771e-006
8.0421,8.8546e-006
8.0477,8.8367e-006
8.0498,8.83e-006
8.0555,8.8121e-006
8.0604,8.7966e-006
8.0639,8.7855e-006
8.0702,8.7656e-006
8.08,8.7348e-006
8.0864,8.7152e-006
8.0913,8.6999e-006
8.092,8.6977e-006
8.0976,8.6803e-006
8.1025,8.6652e-006
8.1081,8.6479e-006
8.1143,8.6286e-006
8.1171,8.62e-006
8.1227,8.6029e-006
8.1304,8.5794e-006
8.1339,8.5688e-006
8.136,8.5624e-006
8.1429,8.5413e-006
8.1485,8.5244e-006
8.1506,8.5181e-006
8.1561,8.5014e-006
8.1617,8.4846e-006
8.1652,8.4742e-006
8.1804,8.4286e-006
8.1818,8.4245e-006
8.1874,8.408e-006
8.1894,8.4019e-006
8.1915,8.3957e-006
8.1977,8.3773e-006
8.2005,8.3692e-006
8.206,8.3529e-006
8.2088,8.3448e-006
8.2143,8.3286e-006
8.2164,8.3225e-006
8.2226,8.3044e-006
8.2274,8.2903e-006
8.2336,8.2723e-006
8.2391,8.2563e-006
8.2425,8.2464e-006
8.2474,8.2325e-006
8.2501,8.2246e-006
8.2535,8.2147e-006
8.2638,8.1852e-006
8.2686,8.1714e-006
8.281,8.1363e-006
8.283,8.1305e-006
8.2857,8.1228e-006
8.2912,8.1073e-006
8.2933,8.1015e-006
8.2974,8.0899e-006
8.3042,8.0707e-006
8.3049,8.0688e-006
8.3076,8.0612e-006
8.3137,8.044e-006
8.3158,8.0383e-006
8.324,8.0155e-006
8.3294,8.0003e-006
8.3321,7.9928e-006
8.3355,7.9834e-006
8.3403,7.9702e-006
8.3478,7.9496e-006
8.3505,7.9422e-006
8.3566,7.9254e-006
8.3593,7.918e-006
8.3647,7.9032e-006
8.3681,7.8939e-006
8.3728,7.881e-006
8.3803,7.8608e-006
8.3837,7.8517e-006
8.3884,7.8389e-006
8.3945,7.8225e-006
8.3972,7.8152e-006
8.4019,7.8026e-006
8.4107,7.7791e-006
8.4134,7.7719e-006
8.4167,7.7629e-006
8.4214,7.7504e-006
8.4275,7.7343e-006
8.4315,7.7236e-006
8.4322,7.7218e-006
8.4349,7.7147e-006
8.4369,7.7094e-006
8.4436,7.6917e-006
8.451,7.6723e-006
8.4537,7.6653e-006
8.4564,7.6583e-006
8.4651,7.6355e-006
8.4751,7.6095e-006
8.4771,7.6043e-006
8.4798,7.5973e-006
8.4858,7.5818e-006
8.4911,7.568e-006
8.4971,7.5526e-006
8.5011,7.5423e-006
8.5071,7.527e-006
8.5098,7.5202e-006
8.5171,7.5015e-006
8.5198,7.4947e-006
8.5231,7.4863e-006
8.5238,7.4846e-006
8.5278,7.4745e-006
8.5311,7.4661e-006
8.5337,7.4594e-006
8.541,7.441e-006
8.545,7.431e-006
8.5497,7.4193e-006
8.5556,7.4044e-006
8.5609,7.3912e-006
8.5649,7.3813e-006
8.5702,7.3681e-006
8.5728,7.3616e-006
8.5814,7.3403e-006
8.5834,7.3354e-006
8.5867,7.3273e-006
8.5874,7.3256e-006
8.594,7.3094e-006
8.5999,7.2948e-006
8.6025,7.2884e-006
8.6124,7.2643e-006
8.6183,7.2499e-006
8.619,7.2483e-006
8.6236,7.2371e-006
8.6262,7.2307e-006
8.6288,7.2244e-006
8.6295,7.2228e-006
8.6367,7.2054e-006
8.6466,7.1817e-006
8.6505,7.1723e-006
8.6557,7.1597e-006
8.6603,7.1488e-006
8.6655,7.1363e-006
8.6675,7.1317e-006
8.6734,7.1177e-006
8.676,7.1115e-006
8.6812,7.0992e-006
8.6858,7.0884e-006
8.6884,7.0822e-006
8.691,7.0761e-006
8.6988,7.0577e-006
8.7073,7.0379e-006
8.7132,7.0243e-006
8.7177,7.0137e-006
8.7203,7.0077e-006
8.7236,7.0001e-006
8.73,6.9851e-006
8.7326,6.9791e-006
8.7339,6.9761e-006
8.7378,6.9671e-006
8.7404,6.9612e-006
8.7463,6.9478e-006
8.7534,6.9314e-006
8.754,6.93e-006
8.7612,6.9137e-006
8.7618,6.9122e-006
8.767,6.9005e-006
8.7702,6.8931e-006
8.7747,6.8829e-006
8.7792,6.8726e-006
8.7825,6.8653e-006
8.7902,6.8479e-006
8.796,6.8348e-006
8.8005,6.8247e-006
8.8057,6.8132e-006
8.8108,6.8017e-006
8.8153,6.7917e-006
8.8211,6.7788e-006
8.8217,6.7774e-006
8.823,6.7746e-006
8.8288,6.7618e-006
8.8339,6.7504e-006
8.8372,6.7433e-006
8.8391,6.7391e-006
8.8468,6.7222e-006
8.8545,6.7054e-006
8.857,6.6998e-006
8.8596,6.6942e-006
8.8615,6.69e-006
8.864,6.6844e-006
8.8743,6.6622e-006
8.8775,6.6553e-006
8.88,6.6497e-006
8.8832,6.6428e-006
8.8883,6.6318e-006
8.8921,6.6236e-006
8.8947,6.6181e-006
8.8972,6.6126e-006
8.9004,6.6058e-006
8.9055,6.5949e-006
8.9087,6.5881e-006
8.915,6.5745e-006
8.9176,6.5691e-006
8.9233,6.557e-006
8.929,6.5449e-006
8.9379,6.5261e-006
8.9436,6.5141e-006
8.9455,6.5101e-006
8.9493,6.5021e-006
8.9531,6.4941e-006
8.9556,6.4888e-006
8.9594,6.4809e-006
8.9613,6.4769e-006
8.9658,6.4677e-006
8.9664,6.4664e-006
8.974,6.4506e-006
8.9765,6.4454e-006
8.9834,6.431e-006
8.986,6.4258e-006
8.9942,6.4089e-006
8.9967,6.4037e-006
8.9998,6.3972e-006
9.0061,6.3843e-006
9.0099,6.3766e-006
9.0118,6.3727e-006
9.0193,6.3573e-006
9.0237,6.3484e-006
9.0294,6.3369e-006
9.0338,6.328e-006
9.0363,6.3229e-006
9.0394,6.3166e-006
9.0451,6.3052e-006
9.0494,6.2964e-006
9.0501,6.2951e-006
9.0538,6.2876e-006
9.057,6.2813e-006
9.0588,6.2776e-006
9.0651,6.2651e-006
9.067,6.2613e-006
9.072,6.2513e-006
9.0788,6.2377e-006
9.0844,6.2266e-006
9.0901,6.2154e-006
9.095,6.2056e-006
9.0969,6.2019e-006
9.1019,6.1921e-006
9.1094,6.1775e-006
9.1137,6.1689e-006
9.1168,6.1629e-006
9.1243,6.1483e-006
9.1268,6.1435e-006
9.1342,6.129e-006
9.1392,6.1194e-006
9.1435,6.111e-006
9.146,6.1062e-006
9.1516,6.0955e-006
9.1547,6.0895e-006
9.1565,6.086e-006
9.1596,6.08e-006
9.1658,6.0682e-006
9.1695,6.0611e-006
9.1714,6.0575e-006
9.1782,6.0446e-006
9.1843,6.0329e-006
9.1862,6.0293e-006
9.1911,6.02e-006
9.1936,6.0153e-006
9.1954,6.0118e-006
9.1985,6.006e-006
9.2041,5.9956e-006
9.2084,5.9875e-006
9.2133,5.9782e-006
9.2176,5.9702e-006
9.2207,5.9644e-006
9.2287,5.9495e-006
9.2336,5.9404e-006
9.2379,5.9324e-006
9.2434,5.9221e-006
9.2446,5.9199e-006
9.2501,5.9097e-006
9.2575,5.8961e-006
9.2599,5.8916e-006
9.2624,5.8871e-006
9.263,5.886e-006
9.2673,5.8781e-006
9.2722,5.8692e-006
9.2728,5.8681e-006
9.2764,5.8614e-006
9.2838,5.848e-006
9.2844,5.8469e-006
9.2923,5.8325e-006
9.296,5.8258e-006
9.2966,5.8247e-006
9.3014,5.8159e-006
9.3069,5.806e-006
9.3118,5.7972e-006
9.313,5.7951e-006
9.3234,5.7765e-006
9.3282,5.7678e-006
9.3325,5.7602e-006
9.3331,5.7591e-006
9.3361,5.7537e-006
9.3398,5.7472e-006
9.3476,5.7332e-006
9.3501,5.7289e-006
9.3543,5.7214e-006
9.3604,5.7107e-006
9.3652,5.7022e-006
9.3688,5.6958e-006
9.3713,5.6915e-006
9.3743,5.6862e-006
9.3767,5.682e-006
9.3797,5.6767e-006
9.3815,5.6735e-006
9.3839,5.6693e-006
9.3906,5.6577e-006
9.3942,5.6514e-006
9.3984,5.6441e-006
9.4002,5.641e-006
9.4075,5.6284e-006
9.4123,5.6201e-006
9.4177,5.6108e-006
9.4201,5.6066e-006
9.4249,5.5983e-006
9.4273,5.5942e-006
9.4315,5.587e-006
9.4345,5.5818e-006
9.4375,5.5767e-006
9.4465,5.5614e-006
9.4507,5.5542e-006
9.4579,5.542e-006
9.4609,5.5369e-006
9.4705,5.5208e-006
9.4759,5.5117e-006
9.4777,5.5087e-006
9.4807,5.5036e-006
9.4849,5.4966e-006
9.4867,5.4936e-006
9.492,5.4846e-006
9.4962,5.4777e-006
9.4968,5.4767e-006
9.5046,5.4637e-006
9.5081,5.4578e-006
9.5135,5.4489e-006
9.5183,5.441e-006
9.5224,5.4341e-006
9.5254,5.4292e-006
9.5284,5.4243e-006
9.5343,5.4146e-006
9.5349,5.4136e-006
9.542,5.4019e-006
9.5474,5.3931e-006
9.5539,5.3825e-006
9.561,5.3709e-006
9.5616,5.3699e-006
9.5634,5.3671e-006
9.5681,5.3594e-006
9.5699,5.3565e-006
9.5711,5.3546e-006
9.5758,5.3469e-006
9.5806,5.3393e-006
9.5824,5.3364e-006
9.5847,5.3326e-006
9.59,5.3241e-006
9.5918,5.3212e-006
9.603,5.3032e-006
9.6042,5.3014e-006
9.6083,5.2948e-006
9.6107,5.291e-006
9.6195,5.2769e-006
9.6272,5.2648e-006
9.629,5.262e-006
9.6319,5.2574e-006
9.636,5.2509e-006
9.6407,5.2435e-006
9.646,5.2351e-006
9.6466,5.2342e-006
9.6531,5.2241e-006
9.656,5.2195e-006
9.6601,5.2131e-006
9.6654,5.2048e-006
9.6666,5.203e-006
9.6695,5.1985e-006
9.6748,5.1903e-006
9.6794,5.183e-006
9.6835,5.1767e-006
9.6882,5.1694e-006
9.6906,5.1658e-006
9.6952,5.1586e-006
9.697,5.1559e-006
9.6982,5.1541e-006
9.7075,5.1398e-006
9.711,5.1344e-006
9.7133,5.1308e-006
9.7139,5.1299e-006
9.7168,5.1255e-006
9.7203,5.1201e-006
9.7297,5.1059e-006
9.7308,5.1042e-006
9.7326,5.1015e-006
9.7349,5.098e-006
9.7355,5.0971e-006
9.7442,5.0839e-006
9.7465,5.0804e-006
9.7512,5.0734e-006
9.7587,5.062e-006
9.7634,5.0551e-006
9.7692,5.0464e-006
9.7721,5.042e-006
9.7767,5.0351e-006
9.7866,5.0205e-006
9.7877,5.0187e-006
9.793,5.011e-006
9.7953,5.0076e-006
9.797,5.005e-006
9.7999,5.0007e-006
9.8039,4.9948e-006
9.8068,4.9905e-006
9.8086,4.9879e-006
9.8138,4.9803e-006
9.8155,4.9778e-006
9.8161,4.9769e-006
9.823,4.9668e-006
9.8276,4.96e-006
9.8316,4.9541e-006
9.8368,4.9466e-006
9.8391,4.9432e-006
9.842,4.939e-006
9.8455,4.934e-006
9.8558,4.919e-006
9.8599,4.9132e-006
9.8622,4.9099e-006
9.8645,4.9066e-006
9.869,4.8999e-006
9.8713,4.8966e-006
9.8777,4.8876e-006
9.88,4.8843e-006
9.8897,4.8704e-006
9.8966,4.8606e-006
9.8983,4.8581e-006
9.9017,4.8533e-006
9.9034,4.8508e-006
9.9063,4.8468e-006
9.9074,4.8451e-006
9.9126,4.8379e-006
9.9166,4.8322e-006
9.9195,4.8282e-006
9.924,4.8217e-006
9.9263,4.8185e-006
9.9326,4.8097e-006
9.9332,4.8089e-006
9.9377,4.8025e-006
9.9417,4.7969e-006
9.9428,4.7953e-006
9.9474,4.789e-006
9.952,4.7826e-006
9.9554,4.7779e-006
9.9582,4.7739e-006
9.9605,4.7708e-006
9.9656,4.7637e-006
9.9673,4.7613e-006
9.9702,4.7574e-006
9.9781,4.7464e-006
9.9832,4.7394e-006
9.9878,4.7331e-006
9.9974,4.7199e-006
9.9991,4.7176e-006
10.004,4.7114e-006
10.008,4.706e-006
10.01,4.7029e-006
10.011,4.7013e-006
10.013,4.699e-006
10.017,4.6937e-006
10.02,4.6898e-006
10.023,4.6845e-006
10.026,4.6806e-006
10.029,4.6768e-006
10.035,4.6692e-006
10.04,4.6623e-006
10.047,4.6532e-006
10.047,4.6525e-006
10.052,4.6464e-006
10.06,4.6351e-006
10.064,4.6299e-006
10.067,4.6261e-006
10.071,4.6209e-006
10.076,4.6141e-006
10.079,4.6104e-006
10.085,4.6022e-006
10.089,4.597e-006
10.094,4.5903e-006
10.096,4.5874e-006
10.1,4.5822e-006
10.103,4.5785e-006
10.106,4.5748e-006
10.107,4.5726e-006
10.115,4.5631e-006
10.116,4.5609e-006
10.119,4.5572e-006
10.122,4.5529e-006
10.128,4.5463e-006
10.134,4.5376e-006
10.136,4.5347e-006
10.143,4.5267e-006
10.145,4.5231e-006
10.15,4.5166e-006
10.152,4.5152e-006
10.158,4.5065e-006
10.161,4.5029e-006
10.166,4.4972e-006
10.169,4.4922e-006
10.174,4.4858e-006
10.178,4.4808e-006
10.182,4.4766e-006
10.188,4.4688e-006
10.189,4.4666e-006
10.191,4.4652e-006
10.196,4.4582e-006
10.199,4.4539e-006
10.205,4.4469e-006
10.208,4.4434e-006
10.208,4.4427e-006
10.217,4.4322e-006
10.221,4.4266e-006
10.223,4.4246e-006
10.225,4.4218e-006
10.226,4.4211e-006
10.232,4.4134e-006
10.235,4.4093e-006
10.238,4.4051e-006
10.239,4.4038e-006
10.24,4.4024e-006
10.243,4.3989e-006
10.248,4.3934e-006
10.253,4.3872e-006
10.256,4.3831e-006
10.261,4.3763e-006
10.263,4.3742e-006
10.266,4.3708e-006
10.27,4.3661e-006
10.276,4.3586e-006
10.281,4.3525e-006
10.285,4.3477e-006
10.287,4.3444e-006
10.291,4.3396e-006
10.294,4.3363e-006
10.302,4.3262e-006
10.306,4.3222e-006
10.309,4.3175e-006
10.314,4.3122e-006
10.316,4.3095e-006
10.32,4.3048e-006
10.327,4.2962e-006
10.329,4.2942e-006
10.332,4.2903e-006
10.336,4.2856e-006
10.337,4.2837e-006
10.341,4.2797e-006
10.345,4.2751e-006
10.347,4.2725e-006
10.353,4.2646e-006
10.356,4.262e-006
10.36,4.2568e-006
10.362,4.2542e-006
10.37,4.2444e-006
10.375,4.2386e-006
10.38,4.2327e-006
10.382,4.2308e-006
10.383,4.2289e-006
10.389,4.2224e-006
10.393,4.2179e-006
10.393,4.2173e-006
10.395,4.2154e-006
10.399,4.2109e-006
10.404,4.2051e-006
10.406,4.2026e-006
10.407,4.2006e-006
10.412,4.1949e-006
10.419,4.1873e-006
10.424,4.1816e-006
10.428,4.1765e-006
10.432,4.1715e-006
10.434,4.1696e-006
10.437,4.1664e-006
10.44,4.1626e-006
10.442,4.1601e-006
10.445,4.1564e-006
10.45,4.1514e-006
10.458,4.142e-006
10.46,4.1395e-006
10.464,4.1345e-006
10.468,4.1302e-006
10.473,4.1246e-006
10.477,4.1203e-006
10.477,4.1197e-006
10.484,4.1123e-006
10.485,4.1104e-006
10.486,4.1098e-006
10.497,4.0975e-006
10.499,4.0951e-006
10.503,4.0902e-006
10.506,4.0871e-006
10.51,4.0829e-006
10.512,4.0804e-006
10.518,4.0738e-006
10.52,4.0713e-006
10.523,4.0677e-006
10.525,4.0659e-006
10.529,4.0611e-006
10.538,4.0514e-006
10.539,4.0496e-006
10.54,4.0484e-006
10.544,4.0448e-006
10.544,4.0442e-006
10.549,4.0395e-006
10.553,4.0341e-006
10.557,4.0305e-006
10.559,4.0275e-006
10.566,4.0198e-006
10.57,4.0157e-006
10.572,4.0139e-006
10.574,4.0109e-006
10.575,4.0103e-006
10.579,4.0062e-006
10.583,4.0015e-006
10.589,3.995e-006
10.589,3.9945e-006
10.592,3.9915e-006
10.597,3.9857e-006
10.605,3.9775e-006
10.606,3.9758e-006
10.608,3.974e-006
10.613,3.9682e-006
10.617,3.9641e-006
10.618,3.9636e-006
10.621,3.9595e-006
10.628,3.9526e-006
10.63,3.9497e-006
10.631,3.9486e-006
10.636,3.9434e-006
10.639,3.9405e-006
10.645,3.9342e-006
10.646,3.9325e-006
10.649,3.9302e-006
10.655,3.9234e-006
10.66,3.9183e-006
10.664,3.9131e-006
10.666,3.9114e-006
10.67,3.9069e-006
10.672,3.9052e-006
10.675,3.9024e-006
10.677,3.9001e-006
10.68,3.8962e-006
10.689,3.8867e-006
10.691,3.885e-006
10.693,3.8827e-006
10.696,3.8799e-006
10.699,3.876e-006
10.708,3.8671e-006
10.713,3.8621e-006
10.715,3.8594e-006
10.716,3.8583e-006
10.72,3.8549e-006
10.723,3.8516e-006
10.723,3.8511e-006
10.732,3.8423e-006
10.736,3.8379e-006
10.737,3.8373e-006
10.742,3.8318e-006
10.742,3.8313e-006
10.749,3.8247e-006
10.753,3.8204e-006
10.753,3.8198e-006
10.755,3.8182e-006
10.758,3.8155e-006
10.761,3.8117e-006
10.766,3.8073e-006
10.767,3.8057e-006
10.768,3.8052e-006
10.773,3.7992e-006
10.776,3.7971e-006
10.779,3.7938e-006
10.78,3.7922e-006
10.787,3.7858e-006
10.794,3.7777e-006
10.795,3.7767e-006
10.799,3.7729e-006
10.808,3.7644e-006
10.81,3.7623e-006
10.812,3.7602e-006
10.816,3.7554e-006
10.821,3.7512e-006
10.824,3.7475e-006
10.835,3.737e-006
10.841,3.7312e-006
10.842,3.7301e-006
10.843,3.7291e-006
10.845,3.7265e-006
10.85,3.7218e-006
10.854,3.7176e-006
10.857,3.7145e-006
10.86,3.7119e-006
10.861,3.7103e-006
10.867,3.7052e-006
10.868,3.7036e-006
10.872,3.6995e-006
10.876,3.6959e-006
10.879,3.6933e-006
10.882,3.6897e-006
10.887,3.6851e-006
10.893,3.6794e-006
10.896,3.6764e-006
10.901,3.6713e-006
10.904,3.6687e-006
10.907,3.6652e-006
10.908,3.6642e-006
10.911,3.6611e-006
10.916,3.6571e-006
10.918,3.6545e-006
10.921,3.652e-006
10.924,3.6485e-006
10.926,3.6469e-006
10.933,3.6399e-006
10.937,3.6364e-006
10.943,3.6304e-006
10.945,3.6289e-006
10.949,3.6249e-006
10.953,3.6204e-006
10.958,3.6159e-006
10.961,3.6129e-006
10.962,3.6124e-006
10.966,3.608e-006
10.97,3.604e-006
10.976,3.5991e-006
10.979,3.5961e-006
10.983,3.5922e-006
10.984,3.5907e-006
10.991,3.5848e-006
10.992,3.5834e-006
10.999,3.577e-006
11,3.5756e-006
11.005,3.5712e-006
11.008,3.5687e-006
11.013,3.5634e-006
11.015,3.5615e-006
11.016,3.561e-006
11.017,3.5595e-006
11.028,3.5499e-006
11.028,3.5494e-006
11.032,3.546e-006
11.042,3.5369e-006
11.045,3.534e-006
11.046,3.5326e-006
11.048,3.5307e-006
11.052,3.5269e-006
11.053,3.5264e-006
11.056,3.5235e-006
11.058,3.5211e-006
11.066,3.514e-006
11.069,3.5117e-006
11.072,3.5083e-006
11.073,3.5074e-006
11.077,3.5041e-006
11.079,3.5022e-006
11.081,3.4999e-006
11.085,3.4966e-006
11.087,3.4947e-006
11.091,3.4909e-006
11.095,3.4872e-006
11.097,3.4853e-006
11.103,3.4797e-006
11.106,3.4774e-006
11.11,3.4741e-006
11.114,3.4704e-006
11.115,3.469e-006
11.12,3.4649e-006
11.124,3.4612e-006
11.132,3.4538e-006
11.134,3.4519e-006
11.139,3.4478e-006
11.142,3.4451e-006
11.143,3.4441e-006
11.146,3.4414e-006
11.146,3.4409e-006
11.151,3.4368e-006
11.156,3.4323e-006
11.158,3.4304e-006
11.162,3.4263e-006
11.167,3.4223e-006
11.172,3.4177e-006
11.178,3.4123e-006
11.179,3.4119e-006
11.181,3.4101e-006
11.187,3.4047e-006
11.187,3.4042e-006
11.19,3.4015e-006
11.191,3.4006e-006
11.197,3.3957e-006
11.199,3.3939e-006
11.203,3.3908e-006
11.207,3.3872e-006
11.212,3.3827e-006
11.215,3.3796e-006
11.219,3.3761e-006
11.221,3.3748e-006
11.224,3.3721e-006
11.229,3.3672e-006
11.233,3.3637e-006
11.237,3.3606e-006
11.237,3.3602e-006
11.241,3.3567e-006
11.245,3.3536e-006
11.248,3.351e-006
11.251,3.3479e-006
11.254,3.3462e-006
11.26,3.3409e-006
11.264,3.337e-006
11.266,3.3357e-006
11.274,3.3288e-006
11.278,3.3253e-006
11.284,3.3197e-006
11.286,3.3184e-006
11.287,3.3171e-006
11.29,3.315e-006
11.293,3.312e-006
11.296,3.3094e-006
11.301,3.3051e-006
11.304,3.303e-006
11.308,3.2991e-006
11.31,3.2978e-006
11.315,3.2932e-006
11.319,3.2898e-006
11.324,3.2855e-006
11.328,3.2826e-006
11.332,3.2792e-006
11.335,3.2762e-006
11.336,3.2754e-006
11.34,3.2724e-006
11.342,3.2707e-006
11.346,3.2674e-006
11.35,3.264e-006
11.352,3.2624e-006
11.357,3.2578e-006
11.363,3.2527e-006
11.368,3.249e-006
11.37,3.2473e-006
11.374,3.244e-006
11.376,3.2424e-006
11.38,3.2386e-006
11.383,3.2362e-006
11.386,3.2341e-006
11.388,3.2324e-006
11.392,3.2291e-006
11.392,3.2287e-006
11.396,3.2254e-006
11.399,3.223e-006
11.4,3.2222e-006
11.408,3.2156e-006
11.412,3.2127e-006
11.414,3.2111e-006
11.416,3.2091e-006
11.423,3.203e-006
11.427,3.1997e-006
11.432,3.1961e-006
11.437,3.192e-006
11.439,3.19e-006
11.443,3.1872e-006
11.447,3.184e-006
11.449,3.182e-006
11.452,3.18e-006
11.459,3.1744e-006
11.463,3.1708e-006
11.467,3.168e-006
11.468,3.1672e-006
11.475,3.1608e-006
11.478,3.1584e-006
11.481,3.1564e-006
11.484,3.1537e-006
11.489,3.1501e-006
11.491,3.1481e-006
11.498,3.1426e-006
11.5,3.141e-006
11.503,3.1387e-006
11.505,3.1375e-006
11.506,3.1359e-006
11.515,3.1293e-006
11.516,3.1285e-006
11.518,3.1265e-006
11.522,3.1234e-006
11.523,3.123e-006
11.524,3.1219e-006
11.527,3.1199e-006
11.53,3.1172e-006
11.535,3.1137e-006
11.538,3.111e-006
11.542,3.1075e-006
11.547,3.1037e-006
11.548,3.1033e-006
11.554,3.0987e-006
11.56,3.0941e-006
11.565,3.0895e-006
11.569,3.0864e-006
11.571,3.0853e-006
11.573,3.0834e-006
11.578,3.0799e-006
11.581,3.0773e-006
11.582,3.0769e-006
11.588,3.0716e-006
11.589,3.0712e-006
11.594,3.067e-006
11.595,3.0667e-006
11.602,3.061e-006
11.605,3.0587e-006
11.607,3.0576e-006
11.609,3.0557e-006
11.613,3.0527e-006
11.616,3.0501e-006
11.618,3.049e-006
11.62,3.0475e-006
11.622,3.0456e-006
11.626,3.0426e-006
11.63,3.0397e-006
11.634,3.0367e-006
11.636,3.0352e-006
11.641,3.0311e-006
11.646,3.0278e-006
11.649,3.0252e-006
11.652,3.023e-006
11.656,3.02e-006
11.664,3.0141e-006
11.665,3.013e-006
11.669,3.0101e-006
11.672,3.0075e-006
11.675,3.0057e-006
11.681,3.0013e-006
11.686,2.997e-006
11.688,2.9955e-006
11.694,2.9915e-006
11.696,2.9897e-006
11.698,2.9879e-006
11.704,2.9839e-006
11.711,2.9785e-006
11.713,2.9771e-006
11.714,2.9764e-006
11.717,2.9742e-006
11.718,2.9735e-006
11.723,2.9695e-006
11.726,2.9677e-006
11.728,2.9656e-006
11.729,2.9652e-006
11.734,2.9613e-006
11.739,2.9581e-006
11.742,2.9556e-006
11.744,2.9542e-006
11.748,2.9514e-006
11.75,2.9496e-006
11.753,2.9478e-006
11.757,2.9443e-006
11.759,2.9429e-006
11.762,2.9411e-006
11.768,2.9365e-006
11.772,2.9337e-006
11.779,2.9288e-006
11.779,2.9285e-006
11.781,2.9274e-006
11.783,2.9253e-006
11.788,2.9218e-006
11.793,2.9187e-006
11.796,2.9159e-006
11.802,2.9117e-006
11.803,2.9114e-006
11.808,2.9076e-006
11.811,2.9052e-006
11.818,2.9007e-006
11.818,2.9003e-006
11.821,2.8979e-006
11.822,2.8976e-006
11.827,2.8942e-006
11.831,2.8911e-006
11.834,2.8887e-006
11.839,2.8856e-006
11.841,2.8839e-006
11.844,2.8815e-006
11.85,2.8774e-006
11.852,2.8761e-006
11.856,2.8733e-006
11.86,2.8706e-006
11.862,2.8693e-006
11.865,2.8666e-006
11.869,2.8639e-006
11.872,2.8622e-006
11.873,2.8612e-006
11.878,2.8575e-006
11.883,2.8545e-006
11.884,2.8531e-006
11.886,2.8518e-006
11.888,2.8504e-006
11.894,2.8461e-006
11.898,2.8434e-006
11.902,2.8411e-006
11.903,2.8401e-006
11.905,2.8384e-006
11.91,2.8354e-006
11.913,2.8335e-006
11.921,2.8275e-006
11.924,2.8255e-006
11.925,2.8249e-006
11.928,2.8226e-006
11.93,2.8212e-006
11.932,2.8202e-006
11.936,2.8173e-006
11.941,2.8137e-006
11.945,2.8107e-006
11.951,2.8068e-006
11.953,2.8055e-006
11.955,2.8039e-006
11.959,2.8013e-006
11.962,2.799e-006
11.967,2.7961e-006
11.97,2.7938e-006
11.972,2.7925e-006
11.978,2.7883e-006
11.986,2.7832e-006
11.988,2.7812e-006
11.989,2.7809e-006
11.989,2.7806e-006
11.993,2.7784e-006
11.998,2.7745e-006
12.001,2.7729e-006
12.004,2.7707e-006
12.008,2.7681e-006
12.009,2.7672e-006
12.01,2.7668e-006
12.019,2.7605e-006
12.022,2.7583e-006
12.025,2.7567e-006
12.03,2.7529e-006
12.031,2.7526e-006
12.032,2.7516e-006
12.035,2.75e-006
12.038,2.7478e-006
12.04,2.7466e-006
12.045,2.7431e-006
12.047,2.7416e-006
12.049,2.7406e-006
12.053,2.7381e-006
12.053,2.7375e-006
12.054,2.7369e-006
12.057,2.735e-006
12.06,2.7331e-006
12.062,2.7319e-006
12.065,2.73e-006
12.07,2.7266e-006
12.077,2.7219e-006
12.079,2.7207e-006
12.084,2.717e-006
12.087,2.7151e-006
12.091,2.7129e-006
12.094,2.7108e-006
12.098,2.708e-006
12.099,2.7071e-006
12.105,2.7034e-006
12.107,2.7022e-006
12.11,2.7003e-006
12.113,2.6985e-006
12.117,2.6958e-006
12.121,2.6933e-006
12.122,2.6921e-006
12.124,2.6912e-006
12.126,2.6897e-006
12.132,2.686e-006
12.136,2.6833e-006
12.137,2.6824e-006
12.139,2.6815e-006
12.139,2.6812e-006
12.143,2.6788e-006
12.143,2.6785e-006
12.149,2.6751e-006
12.152,2.673e-006
12.154,2.6715e-006
12.158,2.6688e-006
12.162,2.6667e-006
12.166,2.664e-006
12.167,2.6631e-006
12.173,2.6596e-006
12.178,2.656e-006
12.18,2.6551e-006
12.184,2.6527e-006
12.188,2.65e-006
12.189,2.6491e-006
12.19,2.6489e-006
12.195,2.6456e-006
12.195,2.6453e-006
12.197,2.6444e-006
12.199,2.6426e-006
12.202,2.6409e-006
12.204,2.6397e-006
12.21,2.6356e-006
12.216,2.6323e-006
12.217,2.6312e-006
12.219,2.6303e-006
12.223,2.6277e-006
12.227,2.6253e-006
12.229,2.6239e-006
12.236,2.6192e-006
12.238,2.6183e-006
12.241,2.6163e-006
12.242,2.616e-006
12.243,2.6148e-006
12.245,2.6137e-006
12.251,2.6102e-006
12.255,2.6076e-006
12.256,2.6067e-006
12.26,2.6044e-006
12.261,2.6036e-006
12.266,2.6007e-006
12.271,2.5978e-006
12.271,2.5975e-006
12.273,2.5964e-006
12.277,2.5938e-006
12.281,2.5915e-006
12.284,2.5898e-006
12.285,2.5887e-006
12.288,2.5869e-006
12.29,2.5861e-006
12.291,2.585e-006
12.299,2.5804e-006
12.299,2.5801e-006
12.304,2.577e-006
12.31,2.5736e-006
12.315,2.5702e-006
12.321,2.5666e-006
12.322,2.566e-006
12.325,2.5646e-006
12.329,2.5621e-006
12.332,2.5601e-006
12.334,2.559e-006
12.337,2.557e-006
12.337,2.5567e-006
12.343,2.5534e-006
12.345,2.5523e-006
12.346,2.5514e-006
12.347,2.5509e-006
12.35,2.5492e-006
12.352,2.5481e-006
12.354,2.5467e-006
12.356,2.5456e-006
12.358,2.5442e-006
12.361,2.5426e-006
12.361,2.5423e-006
12.369,2.5376e-006
12.372,2.5356e-006
12.376,2.5332e-006
12.379,2.5315e-006
12.381,2.5301e-006
12.388,2.526e-006
12.391,2.5244e-006
12.394,2.5225e-006
12.398,2.52e-006
12.4,2.5192e-006
12.403,2.5173e-006
12.405,2.5162e-006
12.409,2.5135e-006
12.416,2.5097e-006
12.42,2.507e-006
12.422,2.5062e-006
12.425,2.504e-006
12.427,2.5029e-006
12.431,2.5008e-006
12.431,2.5005e-006
12.436,2.4975e-006
12.438,2.4965e-006
12.44,2.4954e-006
12.442,2.494e-006
12.447,2.4911e-006
12.449,2.49e-006
12.453,2.4876e-006
12.457,2.4855e-006
12.46,2.4836e-006
12.461,2.4828e-006
12.464,2.4815e-006
12.467,2.4796e-006
12.471,2.4772e-006
12.474,2.4751e-006
12.475,2.4748e-006
12.478,2.4733e-006
12.479,2.4727e-006
12.482,2.4709e-006
12.485,2.4688e-006
12.487,2.4677e-006
12.492,2.4648e-006
12.493,2.4643e-006
12.497,2.4622e-006
12.498,2.4614e-006
12.502,2.4593e-006
12.505,2.4575e-006
12.507,2.4562e-006
12.511,2.4538e-006
12.519,2.4491e-006
12.522,2.4478e-006
12.523,2.4468e-006
12.525,2.4457e-006
12.527,2.445e-006
12.529,2.4434e-006
12.533,2.4413e-006
12.536,2.4398e-006
12.541,2.4367e-006
12.545,2.4343e-006
12.55,2.4315e-006
12.551,2.431e-006
12.555,2.4289e-006
12.558,2.4269e-006
12.562,2.4248e-006
12.563,2.4241e-006
12.565,2.4233e-006
12.57,2.4202e-006
12.572,2.419e-006
12.575,2.4172e-006
12.578,2.4159e-006
12.583,2.4131e-006
12.585,2.4118e-006
12.587,2.4106e-006
12.59,2.4088e-006
12.594,2.4065e-006
12.598,2.4045e-006
12.599,2.4037e-006
12.603,2.4017e-006
12.608,2.399e-006
12.61,2.3977e-006
12.612,2.3967e-006
12.617,2.3937e-006
12.619,2.3924e-006
12.623,2.3907e-006
12.627,2.3884e-006
12.628,2.3879e-006
12.635,2.3837e-006
12.637,2.3827e-006
12.637,2.3824e-006
12.64,2.3809e-006
12.648,2.3765e-006
12.651,2.375e-006
12.653,2.3738e-006
12.656,2.372e-006
12.662,2.3691e-006
12.665,2.3671e-006
12.667,2.3659e-006
12.67,2.3646e-006
12.671,2.3639e-006
12.673,2.3627e-006
12.675,2.3619e-006
12.678,2.3602e-006
12.68,2.359e-006
12.68,2.3588e-006
12.685,2.3561e-006
12.691,2.3529e-006
12.692,2.3522e-006
12.695,2.351e-006
12.698,2.3492e-006
12.705,2.3456e-006
12.705,2.3451e-006
12.709,2.3434e-006
12.712,2.3415e-006
12.714,2.3405e-006
12.72,2.3374e-006
12.723,2.3355e-006
12.727,2.3335e-006
12.728,2.3328e-006
12.73,2.3319e-006
12.735,2.3292e-006
12.735,2.329e-006
12.737,2.3278e-006
12.742,2.3254e-006
12.749,2.3213e-006
12.755,2.3182e-006
12.757,2.3175e-006
12.761,2.3149e-006
12.763,2.314e-006
12.767,2.3118e-006
12.771,2.3099e-006
12.773,2.309e-006
12.776,2.3071e-006
12.779,2.3055e-006
12.783,2.3036e-006
12.784,2.3031e-006
12.787,2.3012e-006
12.792,2.2986e-006
12.797,2.2958e-006
12.798,2.2956e-006
12.799,2.2949e-006
12.803,2.293e-006
12.806,2.2914e-006
12.808,2.29e-006
12.812,2.2884e-006
12.813,2.2874e-006
12.82,2.284e-006
12.82,2.2837e-006
12.823,2.2826e-006
12.829,2.2791e-006
12.83,2.2789e-006
12.833,2.277e-006
12.836,2.2754e-006
12.84,2.2736e-006
12.842,2.2726e-006
12.847,2.2699e-006
12.85,2.268e-006
12.854,2.266e-006
12.855,2.2655e-006
12.859,2.2635e-006
12.861,2.2623e-006
12.862,2.2619e-006
12.864,2.2609e-006
12.869,2.2582e-006
12.872,2.2568e-006
12.875,2.2555e-006
12.875,2.2553e-006
12.879,2.2534e-006
12.883,2.2514e-006
12.886,2.2496e-006
12.887,2.2489e-006
12.889,2.248e-006
12.891,2.2471e-006
12.894,2.2453e-006
12.9,2.2426e-006
12.903,2.2408e-006
12.904,2.2406e-006
12.907,2.2388e-006
12.91,2.2372e-006
12.912,2.2365e-006
12.916,2.2345e-006
12.919,2.233e-006
12.924,2.23e-006
12.926,2.2292e-006
12.931,2.2267e-006
12.934,2.2249e-006
12.935,2.2247e-006
12.937,2.2238e-006
12.942,2.2209e-006
12.946,2.2192e-006
12.948,2.2178e-006
12.951,2.2167e-006
12.952,2.2159e-006
12.956,2.2139e-006
12.961,2.2114e-006
12.963,2.2106e-006
12.968,2.2081e-006
12.97,2.2071e-006
12.97,2.2068e-006
12.973,2.2055e-006
12.981,2.2016e-006
12.989,2.1977e-006
12.989,2.1974e-006
12.99,2.1968e-006
12.993,2.1957e-006
12.996,2.1942e-006
12.998,2.1929e-006
13,2.1922e-006
13.001,2.1914e-006
13.004,2.1898e-006
13.005,2.1894e-006
13.009,2.1877e-006
13.01,2.187e-006
13.017,2.1838e-006
13.02,2.1819e-006
13.024,2.1801e-006
13.029,2.1778e-006
13.029,2.1776e-006
13.032,2.1761e-006
13.033,2.1759e-006
13.034,2.175e-006
13.037,2.1739e-006
13.041,2.1716e-006
13.046,2.1692e-006
13.048,2.1682e-006
13.05,2.1673e-006
13.054,2.1654e-006
13.058,2.1633e-006
13.062,2.1614e-006
13.064,2.1603e-006
13.071,2.1571e-006
13.072,2.1565e-006
13.074,2.1557e-006
13.082,2.1519e-006
13.086,2.1496e-006
13.088,2.1489e-006
13.092,2.1468e-006
13.093,2.1462e-006
13.095,2.1454e-006
13.097,2.1445e-006
13.099,2.1437e-006
13.1,2.1431e-006
13.102,2.142e-006
13.102,2.1418e-006
13.106,2.1402e-006
13.109,2.1387e-006
13.113,2.1368e-006
13.114,2.1362e-006
13.119,2.1339e-006
13.119,2.1337e-006
13.123,2.1321e-006
13.129,2.129e-006
13.133,2.1271e-006
13.138,2.1246e-006
13.14,2.1238e-006
13.142,2.123e-006
13.144,2.1219e-006
13.145,2.1213e-006
13.147,2.1203e-006
13.154,2.117e-006
13.157,2.1156e-006
13.162,2.1133e-006
13.166,2.1115e-006
13.169,2.1101e-006
13.171,2.1093e-006
13.174,2.1074e-006
13.18,2.105e-006
13.183,2.1036e-006
13.185,2.1024e-006
13.189,2.1008e-006
13.192,2.0993e-006
13.192,2.0991e-006
13.196,2.0975e-006
13.199,2.0959e-006
13.2,2.0953e-006
13.202,2.0945e-006
13.204,2.0937e-006
13.206,2.0927e-006
13.208,2.0915e-006
13.212,2.0897e-006
13.217,2.0873e-006
13.222,2.0851e-006
13.223,2.0847e-006
13.229,2.0819e-006
13.231,2.0809e-006
13.235,2.0793e-006
13.238,2.0779e-006
13.238,2.0777e-006
13.243,2.0753e-006
13.244,2.0748e-006
13.247,2.0736e-006
13.25,2.0722e-006
13.25,2.072e-006
13.253,2.0708e-006
13.257,2.0688e-006
13.259,2.0682e-006
13.263,2.0661e-006
13.267,2.0643e-006
13.269,2.0635e-006
13.271,2.0625e-006
13.274,2.0612e-006
13.279,2.059e-006
13.284,2.0565e-006
13.285,2.0559e-006
13.288,2.0547e-006
13.291,2.0532e-006
13.294,2.052e-006
13.298,2.0502e-006
13.299,2.0495e-006
13.304,2.0473e-006
13.308,2.0456e-006
13.308,2.0454e-006
13.311,2.0442e-006
13.312,2.0439e-006
13.318,2.041e-006
13.319,2.0408e-006
13.323,2.0387e-006
13.325,2.0379e-006
13.327,2.0371e-006
13.33,2.0356e-006
13.331,2.035e-006
13.334,2.034e-006
13.335,2.0333e-006
13.34,2.0312e-006
13.342,2.03e-006
13.347,2.0281e-006
13.353,2.0255e-006
13.356,2.0241e-006
13.361,2.0218e-006
13.365,2.0198e-006
13.366,2.0196e-006
13.371,2.0173e-006
13.372,2.0167e-006
13.376,2.0152e-006
13.379,2.0135e-006
13.38,2.0133e-006
13.381,2.0128e-006
13.384,2.0113e-006
13.39,2.009e-006
13.393,2.0073e-006
13.4,2.0043e-006
13.401,2.0039e-006
13.403,2.0028e-006
13.407,2.0013e-006
13.408,2.001e-006
13.414,1.9984e-006
13.415,1.9978e-006
13.417,1.997e-006
13.418,1.9963e-006
13.421,1.995e-006
13.424,1.9939e-006
13.427,1.9926e-006
13.428,1.992e-006
13.43,1.9913e-006
13.431,1.9909e-006
13.433,1.9896e-006
13.437,1.9882e-006
13.44,1.9867e-006
13.441,1.9861e-006
13.445,1.9845e-006
13.447,1.9839e-006
13.449,1.983e-006
13.455,1.9801e-006
13.457,1.9793e-006
13.464,1.9764e-006
13.467,1.9751e-006
13.468,1.9744e-006
13.474,1.9718e-006
13.475,1.9715e-006
13.477,1.9706e-006
13.481,1.9691e-006
13.484,1.9678e-006
13.484,1.9675e-006
13.486,1.9669e-006
13.491,1.9648e-006
13.494,1.9631e-006
13.496,1.9626e-006
13.497,1.9619e-006
13.501,1.9604e-006
13.502,1.9597e-006
13.505,1.9588e-006
13.508,1.9575e-006
13.511,1.9561e-006
13.513,1.9554e-006
13.521,1.9516e-006
13.522,1.9513e-006
13.523,1.9511e-006
13.525,1.9502e-006
13.527,1.9491e-006
13.528,1.9489e-006
13.531,1.9475e-006
13.534,1.9463e-006
13.536,1.9456e-006
13.536,1.9454e-006
13.542,1.9427e-006
13.545,1.9416e-006
13.548,1.9404e-006
13.551,1.9392e-006
13.551,1.9388e-006
13.554,1.9376e-006
13.555,1.9374e-006
13.558,1.936e-006
13.563,1.934e-006
13.565,1.9332e-006
13.568,1.9319e-006
13.571,1.9305e-006
13.572,1.9303e-006
13.578,1.9277e-006
13.581,1.9263e-006
13.583,1.9256e-006
13.587,1.9237e-006
13.588,1.9233e-006
13.592,1.9219e-006
13.599,1.9186e-006
13.603,1.9172e-006
13.604,1.9167e-006
13.607,1.9153e-006
13.613,1.9131e-006
13.615,1.9122e-006
13.618,1.911e-006
13.621,1.9096e-006
13.622,1.9091e-006
13.627,1.907e-006
13.629,1.9063e-006
13.634,1.9043e-006
13.636,1.9034e-006
13.638,1.9027e-006
13.642,1.9012e-006
13.643,1.9007e-006
13.644,1.9e-006
13.648,1.8986e-006
13.651,1.8971e-006
13.656,1.8954e-006
13.657,1.8947e-006
13.661,1.893e-006
13.666,1.8911e-006
13.669,1.8899e-006
13.671,1.8889e-006
13.675,1.8875e-006
13.678,1.8864e-006
13.682,1.8845e-006
13.687,1.8825e-006
13.689,1.8818e-006
13.695,1.8794e-006
13.697,1.8783e-006
13.701,1.8767e-006
13.702,1.8764e-006
13.705,1.8754e-006
13.706,1.8749e-006
13.709,1.8737e-006
13.711,1.8727e-006
13.714,1.8717e-006
13.715,1.8711e-006
13.719,1.8695e-006
13.721,1.8689e-006
13.722,1.8684e-006
13.728,1.8657e-006
13.731,1.8647e-006
13.734,1.8634e-006
13.737,1.8624e-006
13.738,1.8621e-006
13.741,1.8607e-006
13.742,1.8602e-006
13.747,1.8584e-006
13.749,1.8576e-006
13.755,1.855e-006
13.76,1.853e-006
13.761,1.8528e-006
13.763,1.8518e-006
13.764,1.8515e-006
13.768,1.8499e-006
13.772,1.8484e-006
13.774,1.8476e-006
13.777,1.8464e-006
13.78,1.845e-006
13.782,1.8445e-006
13.787,1.8425e-006
13.79,1.8411e-006
13.793,1.8401e-006
13.8,1.8373e-006
13.801,1.8368e-006
13.803,1.8359e-006
13.808,1.8342e-006
13.81,1.8334e-006
13.814,1.8315e-006
13.819,1.8297e-006
13.82,1.8294e-006
13.823,1.8281e-006
13.826,1.827e-006
13.836,1.8232e-006
13.839,1.8219e-006
13.844,1.82e-006
13.846,1.8193e-006
13.849,1.8179e-006
13.852,1.8169e-006
13.855,1.8157e-006
13.856,1.8153e-006
13.859,1.8141e-006
13.862,1.8128e-006
13.867,1.8111e-006
13.869,1.8103e-006
13.872,1.809e-006
13.879,1.8065e-006
13.881,1.8055e-006
13.885,1.8041e-006
13.886,1.8036e-006
13.893,1.801e-006
13.895,1.8003e-006
13.903,1.7972e-006
13.904,1.7966e-006
13.908,1.7953e-006
13.909,1.7947e-006
13.913,1.7935e-006
13.918,1.7914e-006
13.919,1.791e-006
13.924,1.7893e-006
13.927,1.7879e-006
13.932,1.786e-006
13.937,1.7842e-006
13.939,1.7835e-006
13.944,1.7817e-006
13.948,1.7798e-006
13.95,1.7791e-006
13.952,1.7786e-006
13.957,1.7766e-006
13.96,1.7754e-006
13.966,1.7731e-006
13.969,1.772e-006
13.971,1.7713e-006
13.973,1.7707e-006
13.981,1.7676e-006
13.986,1.7658e-006
13.989,1.7644e-006
13.997,1.7615e-006
13.998,1.7611e-006
14,1.7603e-006
14.002,1.7596e-006
14.005,1.7585e-006
14.008,1.7575e-006
14.011,1.7563e-006
14.015,1.7548e-006
14.019,1.7536e-006
14.023,1.7521e-006
14.025,1.7512e-006
14.028,1.75e-006
14.034,1.7477e-006
14.037,1.7467e-006
14.041,1.7453e-006
14.042,1.7447e-006
14.046,1.7436e-006
14.048,1.7428e-006
14.054,1.7406e-006
14.054,1.7406e-006
14.055,1.74e-006
14.06,1.7384e-006
14.064,1.7369e-006
14.068,1.7354e-006
14.073,1.7333e-006
14.075,1.7329e-006
14.079,1.7311e-006
14.083,1.73e-006
14.083,1.7298e-006
14.086,1.7286e-006
14.094,1.726e-006
14.096,1.7251e-006
14.098,1.7242e-006
14.102,1.7229e-006
14.107,1.7212e-006
14.112,1.7194e-006
14.114,1.7184e-006
14.118,1.7171e-006
14.118,1.717e-006
14.121,1.716e-006
14.128,1.7136e-006
14.136,1.7108e-006
14.138,1.7097e-006
14.141,1.7089e-006
14.144,1.7079e-006
14.144,1.7077e-006
14.147,1.7066e-006
14.151,1.7054e-006
14.153,1.7046e-006
14.156,1.7034e-006
14.157,1.7033e-006
14.161,1.7016e-006
14.166,1.6999e-006
14.173,1.6974e-006
14.175,1.6966e-006
14.176,1.6963e-006
14.182,1.6943e-006
14.184,1.6936e-006
14.187,1.6925e-006
14.19,1.6915e-006
14.192,1.6906e-006
14.195,1.6896e-006
14.203,1.6868e-006
14.208,1.685e-006
14.209,1.6847e-006
14.215,1.6825e-006
14.218,1.6816e-006
14.224,1.6795e-006
14.23,1.6773e-006
14.233,1.6762e-006
14.234,1.6758e-006
14.236,1.6751e-006
14.238,1.6745e-006
14.241,1.6734e-006
14.242,1.673e-006
14.244,1.6723e-006
14.247,1.6712e-006
14.249,1.6705e-006
14.255,1.6684e-006
14.262,1.6662e-006
14.265,1.6651e-006
14.27,1.6634e-006
14.275,1.6618e-006
14.277,1.6608e-006
14.28,1.6597e-006
14.286,1.6579e-006
14.288,1.6573e-006
14.294,1.6551e-006
14.298,1.6536e-006
14.301,1.6525e-006
14.304,1.6515e-006
14.309,1.6499e-006
14.309,1.6498e-006
14.315,1.6477e-006
14.316,1.6476e-006
14.317,1.647e-006
14.322,1.6453e-006
14.332,1.6422e-006
14.332,1.642e-006
14.333,1.6416e-006
14.336,1.6406e-006
14.343,1.6384e-006
14.351,1.6357e-006
14.354,1.6345e-006
14.356,1.6337e-006
14.368,1.63e-006
14.373,1.6283e-006
14.376,1.6272e-006
14.38,1.6257e-006
14.381,1.6256e-006
14.382,1.6249e-006
14.385,1.624e-006
14.389,1.6228e-006
14.394,1.621e-006
14.399,1.6194e-006
14.407,1.6166e-006
14.412,1.6151e-006
14.417,1.6134e-006
14.423,1.6114e-006
14.427,1.6102e-006
14.429,1.6093e-006
14.433,1.6081e-006
14.436,1.6071e-006
14.439,1.6061e-006
14.443,1.6046e-006
14.447,1.6036e-006
14.454,1.6011e-006
14.455,1.6009e-006
14.458,1.5998e-006
14.465,1.5974e-006
14.47,1.596e-006
14.472,1.5953e-006
14.474,1.5944e-006
14.478,1.5933e-006
14.479,1.5928e-006
14.481,1.5924e-006
14.483,1.5917e-006
14.487,1.5902e-006
14.492,1.5885e-006
14.498,1.5866e-006
14.501,1.5856e-006
14.504,1.5847e-006
14.512,1.5822e-006
14.517,1.5805e-006
14.522,1.579e-006
14.528,1.577e-006
14.53,1.5765e-006
14.531,1.576e-006
14.534,1.575e-006
14.539,1.5735e-006
14.539,1.5734e-006
14.545,1.5715e-006
14.553,1.569e-006
14.554,1.5686e-006
14.559,1.567e-006
14.567,1.5646e-006
14.57,1.5636e-006
14.57,1.5634e-006
14.573,1.5625e-006
14.574,1.5621e-006
14.582,1.5595e-006
14.586,1.5584e-006
14.592,1.5565e-006
14.6,1.5541e-006
14.605,1.5522e-006
14.608,1.5515e-006
14.612,1.5503e-006
14.617,1.5486e-006
14.618,1.5482e-006
14.623,1.5466e-006
14.626,1.5457e-006
14.629,1.5446e-006
14.632,1.5438e-006
14.637,1.5423e-006
14.645,1.5398e-006
14.649,1.5386e-006
14.651,1.5378e-006
14.654,1.5369e-006
14.665,1.5336e-006
14.667,1.5328e-006
14.669,1.5322e-006
14.671,1.5317e-006
14.675,1.5303e-006
14.68,1.5289e-006
14.682,1.5283e-006
14.684,1.5275e-006
14.689,1.5259e-006
14.696,1.524e-006
14.699,1.5231e-006
14.706,1.5208e-006
14.709,1.5199e-006
14.713,1.5187e-006
14.716,1.5177e-006
14.717,1.5174e-006
14.725,1.5149e-006
14.734,1.5121e-006
14.736,1.5117e-006
14.739,1.5108e-006
14.749,1.5075e-006
14.755,1.5057e-006
14.758,1.5048e-006
14.762,1.5037e-006
14.764,1.5029e-006
14.766,1.5023e-006
14.767,1.502e-006
14.774,1.4999e-006
14.778,1.4987e-006
14.783,1.4974e-006
14.79,1.495e-006
14.794,1.494e-006
14.8,1.4922e-006
14.804,1.4909e-006
14.808,1.4897e-006
14.812,1.4885e-006
14.818,1.4866e-006
14.82,1.4861e-006
14.827,1.484e-006
14.829,1.4833e-006
14.832,1.4826e-006
14.835,1.4816e-006
14.841,1.4798e-006
14.846,1.4784e-006
14.854,1.4762e-006
14.855,1.4757e-006
14.858,1.4749e-006
14.863,1.4735e-006
14.864,1.473e-006
14.87,1.4713e-006
14.875,1.47e-006
14.883,1.4676e-006
14.886,1.4667e-006
14.889,1.4658e-006
14.899,1.4627e-006
14.904,1.4614e-006
14.905,1.4609e-006
14.906,1.4606e-006
14.912,1.459e-006
14.914,1.4583e-006
14.918,1.4574e-006
14.919,1.4569e-006
14.925,1.4553e-006
14.931,1.4534e-006
14.936,1.452e-006
14.943,1.45e-006
14.951,1.4478e-006
14.951,1.4477e-006
14.954,1.4467e-006
14.961,1.4447e-006
14.967,1.443e-006
14.971,1.442e-006
14.976,1.4406e-006
14.982,1.4388e-006
14.986,1.4376e-006
14.99,1.4363e-006
14.997,1.4343e-006
15,1.4336e-006
15.002,1.433e-006
15.005,1.432e-006
15.013,1.4299e-006
15.024,1.4269e-006
15.03,1.4251e-006
15.034,1.424e-006
15.037,1.423e-006
15.046,1.4206e-006
15.049,1.4196e-006
15.054,1.4182e-006
15.057,1.4174e-006
15.059,1.4168e-006
15.063,1.4157e-006
15.066,1.415e-006
15.068,1.4142e-006
15.076,1.4121e-006
15.082,1.4104e-006
15.09,1.4082e-006
15.093,1.4073e-006
15.096,1.4066e-006
15.099,1.4056e-006
15.104,1.4042e-006
15.117,1.4006e-006
15.118,1.4003e-006
15.122,1.3992e-006
15.131,1.3967e-006
15.133,1.3962e-006
15.139,1.3945e-006
15.142,1.3938e-006
15.147,1.3925e-006
15.148,1.3921e-006
15.15,1.3915e-006
15.156,1.3899e-006
15.162,1.3884e-006
15.164,1.3876e-006
15.178,1.384e-006
15.183,1.3826e-006
15.189,1.381e-006
15.191,1.3803e-006
15.199,1.3782e-006
15.203,1.3771e-006
15.207,1.3761e-006
15.21,1.3753e-006
15.212,1.3746e-006
15.214,1.3742e-006
15.225,1.3712e-006
15.228,1.3704e-006
15.234,1.3688e-006
15.237,1.3678e-006
15.243,1.3662e-006
15.247,1.3653e-006
15.248,1.365e-006
15.254,1.3633e-006
15.266,1.3602e-006
15.267,1.3598e-006
15.272,1.3585e-006
15.282,1.3558e-006
15.284,1.3555e-006
15.287,1.3547e-006
15.288,1.3543e-006
15.294,1.3527e-006
15.297,1.352e-006
15.298,1.3516e-006
15.305,1.35e-006
15.31,1.3484e-006
15.314,1.3475e-006
15.324,1.3449e-006
15.327,1.3441e-006
15.334,1.3422e-006
15.337,1.3414e-006
15.346,1.3392e-006
15.352,1.3374e-006
15.357,1.3361e-006
15.358,1.3359e-006
15.36,1.3353e-006
15.364,1.3344e-006
15.374,1.3319e-006
15.38,1.3303e-006
15.384,1.3292e-006
15.386,1.3287e-006
15.393,1.3268e-006
15.396,1.326e-006
15.405,1.3239e-006
15.414,1.3215e-006
15.417,1.3208e-006
15.421,1.3197e-006
15.431,1.3171e-006
15.434,1.3163e-006
15.439,1.3151e-006
15.443,1.314e-006
15.448,1.3129e-006
15.45,1.3122e-006
15.459,1.3099e-006
15.464,1.3088e-006
15.474,1.3063e-006
15.481,1.3043e-006
15.483,1.304e-006
15.486,1.3032e-006
15.499,1.2999e-006
15.502,1.2991e-006
15.506,1.2981e-006
15.508,1.2976e-006
15.511,1.2969e-006
15.515,1.296e-006
15.523,1.294e-006
15.53,1.2922e-006
15.534,1.2912e-006
15.54,1.2897e-006
15.544,1.2887e-006
15.547,1.2879e-006
15.557,1.2854e-006
15.563,1.2838e-006
15.567,1.2829e-006
15.575,1.281e-006
15.583,1.2789e-006
15.586,1.2782e-006
15.591,1.2771e-006
15.595,1.2761e-006
15.596,1.2758e-006
15.605,1.2735e-006
15.611,1.2721e-006
15.614,1.2714e-006
15.622,1.2696e-006
15.63,1.2674e-006
15.631,1.2672e-006
15.636,1.2661e-006
15.65,1.2627e-006
15.653,1.2619e-006
15.659,1.2606e-006
15.661,1.2599e-006
15.665,1.259e-006
15.67,1.2578e-006
15.677,1.2562e-006
15.68,1.2555e-006
15.685,1.2543e-006
15.688,1.2535e-006
15.696,1.2515e-006
15.705,1.2495e-006
15.711,1.2481e-006
15.717,1.2466e-006
15.721,1.2456e-006
15.734,1.2425e-006
15.738,1.2415e-006
15.743,1.2405e-006
15.746,1.2397e-006
15.756,1.2374e-006
15.762,1.2358e-006
15.769,1.2344e-006
15.774,1.233e-006
15.78,1.2317e-006
15.786,1.2303e-006
15.798,1.2276e-006
15.8,1.2271e-006
15.804,1.226e-006
15.81,1.2247e-006
15.812,1.2242e-006
15.816,1.2234e-006
15.827,1.2208e-006
15.829,1.2203e-006
15.833,1.2193e-006
15.843,1.2171e-006
15.846,1.2164e-006
15.855,1.2143e-006
15.858,1.2137e-006
15.866,1.2117e-006
15.867,1.2114e-006
15.885,1.2075e-006
15.889,1.2065e-006
15.891,1.206e-006
15.896,1.205e-006
15.903,1.2033e-006
15.912,1.2013e-006
15.916,1.2004e-006
15.923,1.1987e-006
15.929,1.1975e-006
15.936,1.1959e-006
15.947,1.1933e-006
15.949,1.1929e-006
15.958,1.1909e-006
15.96,1.1904e-006
15.963,1.1898e-006
15.97,1.1883e-006
15.975,1.1872e-006
15.978,1.1863e-006
15.98,1.186e-006
15.992,1.1834e-006
15.995,1.1825e-006
16.005,1.1803e-006
16.015,1.1782e-006
16.031,1.1748e-006
16.034,1.1741e-006
16.037,1.1735e-006
16.039,1.1728e-006
16.044,1.1719e-006
16.049,1.1707e-006
16.056,1.1691e-006
16.063,1.1676e-006
16.066,1.167e-006
16.075,1.1651e-006
16.079,1.1641e-006
16.093,1.1611e-006
16.098,1.16e-006
16.101,1.1593e-006
16.111,1.1573e-006
16.113,1.1568e-006
16.119,1.1556e-006
16.122,1.1548e-006
16.128,1.1536e-006
16.136,1.152e-006
16.145,1.15e-006
16.152,1.1483e-006
16.155,1.1477e-006
16.164,1.1459e-006
16.18,1.1424e-006
16.183,1.1418e-006
16.186,1.1413e-006
16.188,1.1407e-006
16.194,1.1395e-006
16.2,1.1383e-006
16.207,1.1368e-006
16.211,1.1359e-006
16.215,1.135e-006
16.226,1.1327e-006
16.236,1.1306e-006
16.242,1.1295e-006
16.249,1.128e-006
16.261,1.1255e-006
16.263,1.1251e-006
16.267,1.1242e-006
16.27,1.1236e-006
16.275,1.1225e-006
16.278,1.1218e-006
16.289,1.1195e-006
16.295,1.1184e-006
16.302,1.117e-006
16.312,1.1148e-006
16.317,1.1138e-006
16.33,1.1111e-006
16.336,1.1099e-006
16.338,1.1096e-006
16.345,1.1082e-006
16.35,1.1071e-006
16.357,1.1056e-006
16.361,1.1049e-006
16.365,1.104e-006
16.378,1.1014e-006
16.389,1.0991e-006
16.399,1.0972e-006
16.412,1.0945e-006
16.414,1.0941e-006
16.418,1.0934e-006
16.423,1.0922e-006
16.429,1.0912e-006
16.438,1.0893e-006
16.445,1.0879e-006
16.455,1.0858e-006
16.462,1.0845e-006
16.477,1.0815e-006
16.481,1.0807e-006
16.487,1.0796e-006
16.491,1.0788e-006
16.495,1.078e-006
16.502,1.0767e-006
16.511,1.075e-006
16.524,1.0724e-006
16.528,1.0716e-006
16.537,1.0697e-006
16.547,1.0678e-006
16.562,1.0649e-006
16.563,1.0648e-006
16.566,1.0642e-006
16.572,1.063e-006
16.577,1.062e-006
16.587,1.0602e-006
16.594,1.0588e-006
16.598,1.058e-006
16.61,1.0557e-006
16.617,1.0543e-006
16.631,1.0517e-006
16.637,1.0504e-006
16.641,1.0497e-006
16.646,1.0489e-006
16.658,1.0466e-006
16.66,1.0461e-006
16.673,1.0437e-006
16.677,1.0429e-006
16.696,1.0395e-006
16.699,1.0389e-006
16.712,1.0363e-006
16.715,1.0358e-006
16.72,1.0348e-006
16.727,1.0335e-006
16.736,1.0318e-006
16.743,1.0305e-006
16.756,1.0282e-006
16.761,1.0273e-006
16.78,1.0238e-006
16.782,1.0233e-006
16.789,1.022e-006
16.794,1.0211e-006
16.8,1.02e-006
16.808,1.0186e-006
16.816,1.0171e-006
16.826,1.0154e-006
16.836,1.0134e-006
16.845,1.0119e-006
16.862,1.0088e-006
16.864,1.0085e-006
16.866,1.0081e-006
16.874,1.0067e-006
16.88,1.0056e-006
16.887,1.0042e-006
16.896,1.0027e-006
16.907,1.0006e-006
16.917,9.9883e-007
16.93,9.9657e-007
16.94,9.9484e-007
16.944,9.9407e-007
16.949,9.9318e-007
16.959,9.9153e-007
16.967,9.9011e-007
16.976,9.8846e-007
16.987,9.8659e-007
16.999,9.8448e-007
17.014,9.8186e-007
17.016,9.814e-007
17.024,9.8e-007
17.03,9.7896e-007
17.038,9.7769e-007
17.046,9.7619e-007
17.06,9.7384e-007
17.078,9.7064e-007
17.089,9.6881e-007
17.093,9.6813e-007
17.097,9.6745e-007
17.102,9.6654e-007
17.109,9.6536e-007
17.126,9.6254e-007
17.137,9.6068e-007
17.149,9.5867e-007
17.163,9.5627e-007
17.165,9.5593e-007
17.17,9.5504e-007
17.176,9.5399e-007
17.188,9.5205e-007
17.196,9.5062e-007
17.209,9.4847e-007
17.228,9.454e-007
17.24,9.4344e-007
17.244,9.4279e-007
17.247,9.4214e-007
17.259,9.4024e-007
17.267,9.3888e-007
17.276,9.3737e-007
17.293,9.3463e-007
17.312,9.3158e-007
17.315,9.31e-007
17.321,9.3015e-007
17.326,9.2924e-007
17.338,9.2728e-007
17.347,9.259e-007
17.359,9.2395e-007
17.38,9.2054e-007
17.391,9.1871e-007
17.394,9.183e-007
17.403,9.1684e-007
17.41,9.158e-007
17.425,9.1337e-007
17.437,9.1146e-007
17.462,9.0756e-007
17.466,9.069e-007
17.471,9.0608e-007
17.476,9.0532e-007
17.489,9.0333e-007
17.497,9.0202e-007
17.518,8.9879e-007
17.541,8.9523e-007
17.544,8.9478e-007
17.548,8.9403e-007
17.558,8.9248e-007
17.568,8.9104e-007
17.587,8.8807e-007
17.612,8.8434e-007
17.616,8.836e-007
17.622,8.8282e-007
17.626,8.8214e-007
17.639,8.8019e-007
17.657,8.7747e-007
17.68,8.74e-007
17.693,8.7212e-007
17.695,8.7174e-007
17.704,8.704e-007
17.718,8.6831e-007
17.737,8.6546e-007
17.762,8.6187e-007
17.767,8.6108e-007
17.772,8.6033e-007
17.782,8.5883e-007
17.798,8.5659e-007
17.818,8.5362e-007
17.842,8.5016e-007
17.846,8.4961e-007
17.855,8.4833e-007
17.869,8.4631e-007
17.888,8.4358e-007
17.917,8.3938e-007
17.92,8.3902e-007
17.927,8.3794e-007
17.94,8.3615e-007
17.957,8.3365e-007
17.992,8.2873e-007
17.996,8.282e-007
18.005,8.2697e-007
18.019,8.2504e-007
18.038,8.2242e-007
18.068,8.1821e-007
18.073,8.1752e-007
18.083,8.1614e-007
18.098,8.1408e-007
18.143,8.0799e-007
18.147,8.0749e-007
18.155,8.063e-007
18.169,8.0445e-007
18.218,7.979e-007
18.221,7.9757e-007
18.228,7.9657e-007
18.24,7.9492e-007
18.294,7.8792e-007
18.297,7.8744e-007
18.306,7.863e-007
18.32,7.8452e-007
18.369,7.7807e-007
18.374,7.7744e-007
18.384,7.7617e-007
18.444,7.685e-007
18.448,7.6803e-007
18.456,7.6694e-007
18.519,7.5903e-007
18.522,7.5873e-007
18.529,7.5781e-007
18.595,7.4968e-007
18.598,7.4924e-007
18.607,7.4819e-007
18.67,7.4045e-007
18.675,7.3986e-007
18.745,7.3146e-007
18.749,7.3103e-007
18.82,7.2259e-007
18.823,7.223e-007
18.896,7.1381e-007
18.899,7.134e-007
18.972,7.0514e-007
19.046,6.9671e-007
19.121,6.8837e-007
19.197,6.8013e-007
