0,0
2.5484e-006,0
1.0194e-005,0
2.2936e-005,0
4.0775e-005,0
6.371e-005,0
9.1743e-005,0
0.00012487,0
0.0001631,0
0.00020642,0
0.00025484,0
0.00030836,0
0.00036697,0
0.00043068,0
0.00049949,0
0.00057339,0
0.0006524,0
0.00073649,0
0.00082569,0
0.00091998,0
0.0010194,0
0.0011239,0
0.0012334,0
0.0013481,0
0.0014679,0
0.0015928,0
0.0017227,0
0.0018578,0
0.001998,0
0.0021432,0
0.0022936,0
0.002449,0
0.0026096,0
0.0027752,0
0.002946,0
0.0031218,0
0.0033028,0
0.0034888,0
0.0036799,0
0.0038761,0
0.0040775,0
0.0042839,0
0.0044954,0
0.004712,0
0.0049337,0
0.0051606,0
0.0053925,0
0.0056295,0
0.0058716,0
0.0061188,0
0.006371,0
0.0066284,0
0.0068909,0
0.0071585,0
0.0074312,0
0.007709,0
0.0079918,0
0.0082798,0
0.0085729,0
0.008871,0
0.0091743,0
0.0094827,0
0.0097961,0
0.010115,0
0.010438,0
0.010767,0
0.011101,0
0.01144,0
0.011784,0
0.012133,0
0.012487,0
0.012847,0
0.013211,0
0.013581,0
0.013955,0
0.014335,0
0.01472,0
0.01511,0
0.015505,0
0.015905,0
0.01631,0
0.01672,0
0.017136,0
0.017556,0
0.017982,0
0.018412,0
0.018848,0
0.019289,0
0.019735,0
0.020186,0
0.020642,0
0.021103,0
0.02157,0
0.022041,0
0.022518,0
0.022999,0
0.023486,0
0.023978,0
0.024475,0
0.024977,0
0.025484,0
0.025996,0
0.026514,0
0.027036,0
0.027564,0
0.028096,6.8314e-320
0.028634,5.6316e-308
0.029177,1.3079e-296
0.029725,9.1805e-286
0.030278,2.0783e-275
0.030836,1.6126e-265
0.031399,4.5413e-256
0.031967,4.8966e-247
0.032541,2.1259e-238
0.033119,3.8961e-230
0.033703,3.1512e-222
0.034292,1.1728e-214
0.034885,2.0889e-207
0.035484,1.8477e-200
0.036088,8.4051e-194
0.036697,2.0318e-187
0.037311,2.6923e-181
0.037931,2.0135e-175
0.038555,8.736e-170
0.039185,2.2571e-164
0.039819,3.559e-159
0.040459,3.5055e-154
0.041103,2.2047e-149
0.041753,9.04e-145
0.042408,2.4646e-140
0.043068,4.5517e-136
0.043733,5.7958e-132
0.044404,5.174e-128
0.045079,3.29e-124
0.045759,1.5127e-120
0.046445,5.1013e-117
0.047136,1.279e-113
0.047831,2.4148e-110
0.048532,3.4757e-107
0.049238,3.858e-104
0.049949,3.3392e-101
0.050665,2.2774e-098
0.051386,1.2361e-095
0.052113,5.3909e-093
0.052844,1.9061e-090
0.053581,5.5109e-088
0.054322,1.3137e-085
0.055069,2.602e-083
0.055821,4.3145e-081
0.056577,6.0314e-079
0.057339,7.1569e-077
0.058107,7.2551e-075
0.058879,6.3219e-073
0.059656,4.7632e-071
0.060438,3.1206e-069
0.061226,1.7873e-067
0.062018,8.9945e-066
0.062816,3.997e-064
0.063619,1.5758e-062
0.064427,5.5361e-061
0.06524,1.7407e-059
0.066058,4.9184e-058
0.066881,1.2538e-056
0.067709,2.8944e-055
0.068542,6.0728e-054
0.069381,1.162e-052
0.070224,2.0344e-051
0.071073,3.2695e-050
0.071927,4.8377e-049
0.072785,6.6097e-048
0.073649,8.3622e-047
0.074518,9.8224e-046
0.075392,1.074e-044
0.076272,1.0957e-043
0.077156,1.0457e-042
0.078045,9.3556e-042
0.07894,7.8641e-041
0.079839,6.2237e-040
0.080744,4.6468e-039
0.081654,3.2795e-038
0.082569,2.1919e-037
0.083489,1.3898e-036
0.084414,8.3748e-036
0.085344,4.804e-035
0.086279,2.6274e-034
0.08722,1.3722e-033
0.088165,6.8534e-033
0.089116,3.2781e-032
0.090071,1.5037e-031
0.091032,6.6237e-031
0.091998,2.8053e-030
0.092969,1.1438e-029
0.093945,4.4947e-029
0.094926,1.7043e-028
0.095912,6.2425e-028
0.096904,2.2111e-027
0.0979,7.5807e-027
0.098902,2.5184e-026
0.099908,8.114e-026
0.10092,2.5379e-025
0.10194,7.7124e-025
0.10296,2.2792e-024
0.10399,6.5554e-024
0.10502,1.8365e-023
0.10606,5.0152e-023
0.1071,1.336e-022
0.10814,3.4744e-022
0.1092,8.8266e-022
0.11025,2.192e-021
0.11132,5.3249e-021
0.11239,1.2661e-020
0.11346,2.9484e-020
0.11454,6.7284e-020
0.11562,1.5055e-019
0.11671,3.305e-019
0.1178,7.1215e-019
0.1189,1.507e-018
0.12,3.1336e-018
0.12111,6.4053e-018
0.12222,1.2877e-017
0.12334,2.5472e-017
0.12447,4.9599e-017
0.1256,9.5113e-017
0.12673,1.7969e-016
0.12787,3.346e-016
0.12901,6.1431e-016
0.13016,1.1125e-015
0.13132,1.9878e-015
0.13248,3.5058e-015
0.13364,6.1053e-015
0.13481,1.0501e-014
0.13599,1.7847e-014
0.13717,2.9978e-014
0.13835,4.9781e-014
0.13954,8.175e-014
0.14074,1.328e-013
0.14194,2.1347e-013
0.14314,3.3961e-013
0.14435,5.349e-013
0.14557,8.3428e-013
0.14679,1.2888e-012
0.14801,1.9726e-012
0.14925,2.9919e-012
0.15048,4.4978e-012
0.15172,6.7035e-012
0.15297,9.9071e-012
0.15422,1.4522e-011
0.15548,2.1116e-011
0.15674,3.0465e-011
0.158,4.3619e-011
0.15928,6.1988e-011
0.16055,8.7455e-011
0.16183,1.2251e-010
0.16312,1.7043e-010
0.16441,2.355e-010
0.16571,3.2327e-010
0.16701,4.4089e-010
0.16832,5.9753e-010
0.16963,8.0484e-010
0.17095,1.0776e-009
0.17227,1.4343e-009
0.1736,1.8982e-009
0.17493,2.4981e-009
0.17627,3.2695e-009
0.17761,4.2564e-009
0.17896,5.5122e-009
0.18032,7.1021e-009
0.18167,9.105e-009
0.18304,1.1616e-008
0.18441,1.4748e-008
0.18578,1.8638e-008
0.18716,2.3447e-008
0.18854,2.9365e-008
0.18993,3.6617e-008
0.19133,4.5464e-008
0.19272,5.6214e-008
0.19413,6.9223e-008
0.19554,8.4901e-008
0.19695,1.0372e-007
0.19837,1.2624e-007
0.1998,1.5306e-007
0.20123,1.8491e-007
0.20266,2.2258e-007
0.2041,2.6699e-007
0.20555,3.1917e-007
0.207,3.8026e-007
0.20845,4.5155e-007
0.20991,5.3449e-007
0.21138,6.3067e-007
0.21285,7.4186e-007
0.21432,8.7003e-007
0.2158,1.0173e-006
0.21729,1.1861e-006
0.21878,1.379e-006
0.22028,1.5987e-006
0.22178,1.8485e-006
0.22328,2.1316e-006
0.22479,2.4516e-006
0.22631,2.8125e-006
0.22783,3.2184e-006
0.22936,3.6738e-006
0.23089,4.1836e-006
0.23243,4.7529e-006
0.23397,5.3872e-006
0.23551,6.0924e-006
0.23707,6.8746e-006
0.23862,7.7403e-006
0.24019,8.6964e-006
0.24175,9.7503e-006
0.24333,1.0909e-005
0.2449,1.2182e-005
0.24649,1.3576e-005
0.24807,1.51e-005
0.24967,1.6764e-005
0.25126,1.8577e-005
0.25287,2.0548e-005
0.25448,2.2687e-005
0.25609,2.5006e-005
0.25771,2.7514e-005
0.25933,3.0223e-005
0.26096,3.3143e-005
0.26259,3.6287e-005
0.26423,3.9665e-005
0.26587,4.3291e-005
0.26752,4.7175e-005
0.26918,5.1331e-005
0.27084,5.5771e-005
0.2725,6.0506e-005
0.27417,6.5551e-005
0.27584,7.0918e-005
0.27752,7.6618e-005
0.27921,8.2666e-005
0.2809,8.9074e-005
0.28259,9.5855e-005
0.28429,0.00010302
0.286,0.00011058
0.28771,0.00011856
0.28942,0.00012695
0.29114,0.00013578
0.29287,0.00014506
0.2946,0.00015479
0.29633,0.00016499
0.29807,0.00017568
0.29982,0.00018685
0.30157,0.00019852
0.30333,0.0002107
0.30509,0.00022341
0.30685,0.00023664
0.30862,0.00025041
0.3104,0.00026472
0.31218,0.00027959
0.31397,0.00029502
0.31576,0.00031102
0.31756,0.00032758
0.31936,0.00034473
0.32116,0.00036246
0.32298,0.00038078
0.32479,0.00039969
0.32662,0.0004192
0.32844,0.0004393
0.33028,0.00046
0.33211,0.00048131
0.33396,0.00050322
0.3358,0.00052573
0.33766,0.00054885
0.33951,0.00057256
0.34138,0.00059688
0.34324,0.0006218
0.34512,0.00064732
0.347,0.00067343
0.34888,0.00070013
0.35077,0.00072742
0.35266,0.0007553
0.35456,0.00078376
0.35646,0.00081279
0.35837,0.00084239
0.36029,0.00087256
0.3622,0.00090328
0.36413,0.00093456
0.36606,0.00096638
0.36799,0.00099875
0.36993,0.0010316
0.37188,0.0010651
0.37383,0.001099
0.37578,0.0011335
0.37774,0.0011684
0.3797,0.0012039
0.38167,0.0012398
0.38365,0.0012763
0.38563,0.0013132
0.38761,0.0013506
0.3896,0.0013884
0.3916,0.0014267
0.3936,0.0014655
0.39561,0.0015047
0.39762,0.0015443
0.39963,0.0015844
0.40165,0.0016249
0.40368,0.0016658
0.40571,0.0017071
0.40775,0.0017489
0.40979,0.0017911
0.41183,0.0018337
0.41389,0.0018767
0.41594,0.0019201
0.418,0.0019639
0.42007,0.0020081
0.42214,0.0020528
0.42422,0.0020978
0.4263,0.0021433
0.42839,0.0021892
0.43048,0.0022355
0.43258,0.0022823
0.43468,0.0023294
0.43679,0.0023771
0.4389,0.0024252
0.44102,0.0024737
0.44314,0.0025227
0.44527,0.0025722
0.4474,0.0026222
0.44954,0.0026727
0.45168,0.0027238
0.45383,0.0027753
0.45599,0.0028275
0.45814,0.0028802
0.46031,0.0029335
0.46248,0.0029875
0.46465,0.0030421
0.46683,0.0030973
0.46901,0.0031533
0.4712,0.0032099
0.4734,0.0032674
0.4756,0.0033255
0.4778,0.0033846
0.48001,0.0034444
0.48222,0.0035051
0.48444,0.0035668
0.48667,0.0036293
0.4889,0.0036929
0.49113,0.0037575
0.49337,0.0038231
0.49562,0.0038899
0.49787,0.0039578
0.50012,0.0040269
0.50239,0.0040973
0.50465,0.0041689
0.50692,0.0042419
0.5092,0.0043163
0.51148,0.0043921
0.51376,0.0044694
0.51606,0.0045482
0.51835,0.0046287
0.52065,0.0047108
0.52296,0.0047946
0.52527,0.0048802
0.52759,0.0049677
0.52991,0.0050571
0.53223,0.0051484
0.53457,0.0052417
0.5369,0.0053371
0.53925,0.0054347
0.54159,0.0055345
0.54394,0.0056366
0.5463,0.005741
0.54866,0.0058478
0.55103,0.0059571
0.5534,0.006069
0.55578,0.0061835
0.55817,0.0063006
0.56055,0.0064204
0.56295,0.0065431
0.56534,0.0066686
0.56775,0.0067971
0.57016,0.0069285
0.57257,0.0070629
0.57499,0.0072005
0.57741,0.0073411
0.57984,0.007485
0.58227,0.007632
0.58471,0.0077824
0.58716,0.007936
0.5896,0.008093
0.59206,0.0082534
0.59452,0.0084171
0.59698,0.0085842
0.59945,0.0087548
0.60193,0.0089287
0.60441,0.0091061
0.60689,0.0092868
0.60938,0.0094709
0.61188,0.0096584
0.61438,0.0098491
0.61688,0.010043
0.61939,0.01024
0.62191,0.010441
0.62443,0.010644
0.62695,0.01085
0.62948,0.011059
0.63202,0.011271
0.63456,0.011485
0.6371,0.011702
0.63966,0.011921
0.64221,0.012142
0.64477,0.012365
0.64734,0.01259
0.64991,0.012816
0.65249,0.013043
0.65507,0.013271
0.65766,0.0135
0.66025,0.01373
0.66284,0.013959
0.66545,0.014188
0.66805,0.014417
0.67067,0.014645
0.67328,0.014871
0.6759,0.015096
0.67853,0.015319
0.68116,0.015539
0.6838,0.015757
0.68644,0.015971
0.68909,0.016182
0.69175,0.016389
0.6944,0.016591
0.69707,0.016789
0.69973,0.016981
0.70241,0.017167
0.70509,0.017347
0.70777,0.017521
0.71046,0.017688
0.71315,0.017847
0.71585,0.017998
0.71856,0.018141
0.72126,0.018276
0.72398,0.018401
0.7267,0.018518
0.72942,0.018624
0.73215,0.018721
0.73489,0.018808
0.73762,0.018884
0.74037,0.018949
0.74312,0.019004
0.74587,0.019047
0.74863,0.01908
0.7514,0.019101
0.75417,0.019111
0.75694,0.019109
0.75972,0.019096
0.76251,0.019072
0.7653,0.019036
0.7681,0.018989
0.7709,0.01893
0.7737,0.018861
0.77651,0.018781
0.77933,0.01869
0.78215,0.018588
0.78498,0.018477
0.78781,0.018355
0.79064,0.018224
0.79349,0.018084
0.79633,0.017934
0.79918,0.017776
0.80204,0.01761
0.8049,0.017436
0.80777,0.017255
0.81064,0.017067
0.81352,0.016872
0.8164,0.016671
0.81929,0.016465
0.82218,0.016253
0.82508,0.016037
0.82798,0.015816
0.83089,0.015592
0.8338,0.015364
0.83672,0.015133
0.83964,0.0149
0.84257,0.014664
0.8455,0.014427
0.84844,0.014188
0.85139,0.013949
0.85433,0.013709
0.85729,0.013469
0.86025,0.013229
0.86321,0.012989
0.86618,0.012751
0.86915,0.012513
0.87213,0.012277
0.87512,0.012043
0.87811,0.01181
0.8811,0.01158
0.8841,0.011352
0.8871,0.011127
0.89011,0.010904
0.89313,0.010685
0.89615,0.010468
0.89917,0.010255
0.9022,0.010045
0.90524,0.0098384
0.90828,0.0096355
0.91133,0.0094363
0.91438,0.0092409
0.91743,0.0090492
0.92049,0.0088614
0.92356,0.0086774
0.92663,0.0084974
0.9297,0.0083212
0.93279,0.0081491
0.93587,0.0079808
0.93896,0.0078165
0.94206,0.007656
0.94516,0.0074995
0.94827,0.0073468
0.95138,0.0071979
0.9545,0.0070529
0.95762,0.0069115
0.96074,0.0067739
0.96388,0.0066399
0.96701,0.0065095
0.97016,0.0063826
0.9733,0.0062592
0.97646,0.0061392
0.97961,0.0060226
0.98278,0.0059092
0.98594,0.005799
0.98912,0.005692
0.99229,0.005588
0.99548,0.005487
0.99866,0.005389
1.0019,0.0052938
1.0051,0.0052014
1.0083,0.0051117
1.0115,0.0050246
1.0147,0.0049401
1.0179,0.0048582
1.0211,0.0047786
1.0244,0.0047015
1.0276,0.0046266
1.0308,0.004554
1.0341,0.0044835
1.0373,0.0044152
1.0406,0.0043489
1.0438,0.0042846
1.0471,0.0042222
1.0504,0.0041616
1.0536,0.0041029
1.0569,0.0040459
1.0602,0.0039906
1.0635,0.0039369
1.0668,0.0038849
1.0701,0.0038343
1.0734,0.0037853
1.0767,0.0037377
1.08,0.0036915
1.0833,0.0036466
1.0867,0.003603
1.09,0.0035607
1.0933,0.0035195
1.0967,0.0034796
1.1,0.0034408
1.1034,0.003403
1.1067,0.0033664
1.1101,0.0033307
1.1135,0.003296
1.1168,0.0032623
1.1202,0.0032295
1.1236,0.0031975
1.127,0.0031664
1.1304,0.0031361
1.1338,0.0031066
1.1372,0.0030779
1.1406,0.0030499
1.144,0.0030226
1.1474,0.002996
1.1508,0.00297
1.1543,0.0029447
1.1577,0.00292
1.1611,0.0028958
1.1646,0.0028723
1.168,0.0028492
1.1715,0.0028267
1.1749,0.0028047
1.1784,0.0027832
1.1819,0.0027621
1.1853,0.0027415
1.1888,0.0027213
1.1923,0.0027015
1.1958,0.0026822
1.1993,0.0026632
1.2028,0.0026445
1.2063,0.0026263
1.2098,0.0026083
1.2133,0.0025907
1.2168,0.0025734
1.2203,0.0025564
1.2239,0.0025397
1.2274,0.0025233
1.231,0.0025072
1.2345,0.0024913
1.238,0.0024756
1.2416,0.0024602
1.2452,0.002445
1.2487,0.0024301
1.2523,0.0024153
1.2559,0.0024008
1.2595,0.0023865
1.263,0.0023723
1.2666,0.0023584
1.2702,0.0023446
1.2738,0.0023309
1.2774,0.0023175
1.281,0.0023042
1.2847,0.002291
1.2883,0.002278
1.2919,0.0022652
1.2955,0.0022525
1.2992,0.0022399
1.3028,0.0022274
1.3065,0.0022151
1.3101,0.0022029
1.3138,0.0021907
1.3174,0.0021788
1.3211,0.0021669
1.3248,0.0021551
1.3285,0.0021434
1.3321,0.0021318
1.3358,0.0021203
1.3395,0.002109
1.3432,0.0020977
1.3469,0.0020864
1.3506,0.0020753
1.3543,0.0020643
1.3581,0.0020533
1.3618,0.0020424
1.3655,0.0020316
1.3692,0.0020209
1.373,0.0020102
1.3767,0.0019996
1.3805,0.0019891
1.3842,0.0019787
1.388,0.0019683
1.3917,0.001958
1.3955,0.0019477
1.3993,0.0019375
1.4031,0.0019274
1.4069,0.0019174
1.4106,0.0019074
1.4144,0.0018974
1.4182,0.0018875
1.422,0.0018777
1.4259,0.001868
1.4297,0.0018582
1.4335,0.0018486
1.4373,0.001839
1.4411,0.0018294
1.445,0.00182
1.4488,0.0018105
1.4527,0.0018011
1.4565,0.0017918
1.4604,0.0017825
1.4642,0.0017733
1.4681,0.0017641
1.472,0.001755
1.4758,0.0017459
1.4797,0.0017369
1.4836,0.0017279
1.4875,0.0017189
1.4914,0.0017101
1.4953,0.0017012
1.4992,0.0016924
1.5031,0.0016837
1.507,0.001675
1.511,0.0016663
1.5149,0.0016577
1.5188,0.0016492
1.5228,0.0016406
1.5267,0.0016322
1.5306,0.0016238
1.5346,0.0016154
1.5386,0.001607
1.5425,0.0015987
1.5465,0.0015905
1.5505,0.0015823
1.5544,0.0015741
1.5584,0.001566
1.5624,0.0015579
1.5664,0.0015499
1.5704,0.0015419
1.5744,0.001534
1.5784,0.0015261
1.5824,0.0015182
1.5864,0.0015104
1.5905,0.0015026
1.5945,0.0014949
1.5985,0.0014872
1.6026,0.0014795
1.6066,0.0014719
1.6107,0.0014643
1.6147,0.0014568
1.6188,0.0014493
1.6228,0.0014418
1.6269,0.0014344
1.631,0.001427
1.6351,0.0014197
1.6392,0.0014124
1.6432,0.0014051
1.6473,0.0013979
1.6514,0.0013907
1.6555,0.0013836
1.6597,0.0013765
1.6638,0.0013694
1.6679,0.0013624
1.672,0.0013554
1.6761,0.0013485
1.6803,0.0013415
1.6844,0.0013347
1.6886,0.0013278
1.6927,0.001321
1.6969,0.0013143
1.701,0.0013075
1.7052,0.0013008
1.7094,0.0012942
1.7136,0.0012875
1.7177,0.001281
1.7219,0.0012744
1.7261,0.0012679
1.7303,0.0012614
1.7345,0.001255
1.7387,0.0012486
1.7429,0.0012422
1.7472,0.0012359
1.7514,0.0012295
1.7556,0.0012233
1.7598,0.001217
1.7641,0.0012108
1.7683,0.0012047
1.7726,0.0011985
1.7768,0.0011924
1.7811,0.0011864
1.7853,0.0011803
1.7896,0.0011743
1.7939,0.0011684
1.7982,0.0011624
1.8024,0.0011565
1.8067,0.0011506
1.811,0.0011448
1.8153,0.001139
1.8196,0.0011332
1.8239,0.0011275
1.8283,0.0011218
1.8326,0.0011161
1.8369,0.0011104
1.8412,0.0011048
1.8456,0.0010992
1.8499,0.0010937
1.8543,0.0010881
1.8586,0.0010826
1.863,0.0010772
1.8673,0.0010717
1.8717,0.0010663
1.8761,0.0010609
1.8804,0.0010556
1.8848,0.0010503
1.8892,0.001045
1.8936,0.0010397
1.898,0.0010345
1.9024,0.0010293
1.9068,0.0010241
1.9112,0.001019
1.9156,0.0010138
1.92,0.0010088
1.9245,0.0010037
1.9289,0.00099866
1.9333,0.00099366
1.9378,0.00098868
1.9422,0.00098373
1.9467,0.0009788
1.9511,0.00097391
1.9556,0.00096904
1.9601,0.0009642
1.9645,0.00095938
1.969,0.00095459
1.9735,0.00094983
1.978,0.00094509
1.9825,0.00094038
1.987,0.00093569
1.9915,0.00093103
1.996,0.0009264
2.0005,0.00092179
2.005,0.00091721
2.0095,0.00091265
2.0141,0.00090812
2.0186,0.00090361
2.0231,0.00089913
2.0277,0.00089467
2.0322,0.00089024
2.0368,0.00088583
2.0413,0.00088144
2.0459,0.00087708
2.0505,0.00087274
2.0551,0.00086843
2.0596,0.00086414
2.0642,0.00085987
2.0688,0.00085563
2.0734,0.00085141
2.078,0.00084722
2.0826,0.00084304
2.0872,0.00083889
2.0918,0.00083477
2.0965,0.00083066
2.1011,0.00082658
2.1057,0.00082252
2.1103,0.00081848
2.115,0.00081447
2.1196,0.00081048
2.1243,0.00080651
2.1289,0.00080256
2.1336,0.00079863
2.1383,0.00079472
2.1429,0.00079084
2.1476,0.00078697
2.1523,0.00078313
2.157,0.00077931
2.1617,0.00077551
2.1664,0.00077173
2.1711,0.00076797
2.1758,0.00076423
2.1805,0.00076052
2.1852,0.00075682
2.1899,0.00075314
2.1947,0.00074949
2.1994,0.00074585
2.2041,0.00074223
2.2089,0.00073863
2.2136,0.00073506
2.2184,0.0007315
2.2231,0.00072796
2.2279,0.00072444
2.2327,0.00072094
2.2374,0.00071746
2.2422,0.000714
2.247,0.00071055
2.2518,0.00070713
2.2566,0.00070372
2.2614,0.00070033
2.2662,0.00069697
2.271,0.00069361
2.2758,0.00069028
2.2806,0.00068697
2.2854,0.00068367
2.2903,0.00068039
2.2951,0.00067713
2.2999,0.00067389
2.3048,0.00067066
2.3096,0.00066746
2.3145,0.00066427
2.3194,0.00066109
2.3242,0.00065794
2.3291,0.0006548
2.334,0.00065168
2.3388,0.00064857
2.3437,0.00064548
2.3486,0.00064241
2.3535,0.00063936
2.3584,0.00063632
2.3633,0.0006333
2.3682,0.00063029
2.3732,0.0006273
2.3781,0.00062433
2.383,0.00062137
2.3879,0.00061843
2.3929,0.00061551
2.3978,0.0006126
2.4028,0.00060971
2.4077,0.00060683
2.4127,0.00060396
2.4176,0.00060112
2.4226,0.00059829
2.4276,0.00059547
2.4325,0.00059267
2.4375,0.00058988
2.4425,0.00058711
2.4475,0.00058435
2.4525,0.00058161
2.4575,0.00057888
2.4625,0.00057617
2.4675,0.00057347
2.4725,0.00057079
2.4776,0.00056812
2.4826,0.00056547
2.4876,0.00056283
2.4927,0.0005602
2.4977,0.00055759
2.5028,0.00055499
2.5078,0.0005524
2.5129,0.00054983
2.5179,0.00054728
2.523,0.00054473
2.5281,0.0005422
2.5332,0.00053969
2.5382,0.00053718
2.5433,0.00053469
2.5484,0.00053222
2.5535,0.00052975
2.5586,0.0005273
2.5637,0.00052487
2.5688,0.00052244
2.574,0.00052003
2.5791,0.00051763
2.5842,0.00051524
2.5894,0.00051287
2.5945,0.00051051
2.5996,0.00050816
2.6048,0.00050583
2.6099,0.0005035
2.6151,0.00050119
2.6203,0.00049889
2.6254,0.00049661
2.6306,0.00049433
2.6358,0.00049207
2.641,0.00048982
2.6462,0.00048758
2.6514,0.00048535
2.6566,0.00048314
2.6618,0.00048093
2.667,0.00047874
2.6722,0.00047656
2.6774,0.00047439
2.6827,0.00047223
2.6879,0.00047009
2.6931,0.00046795
2.6984,0.00046583
2.7036,0.00046371
2.7089,0.00046161
2.7141,0.00045952
2.7194,0.00045744
2.7247,0.00045537
2.7299,0.00045331
2.7352,0.00045127
2.7405,0.00044923
2.7458,0.0004472
2.7511,0.00044519
2.7564,0.00044318
2.7617,0.00044119
2.767,0.0004392
2.7723,0.00043723
2.7776,0.00043527
2.7829,0.00043331
2.7883,0.00043137
2.7936,0.00042944
2.7989,0.00042751
2.8043,0.0004256
2.8096,0.0004237
2.815,0.0004218
2.8203,0.00041992
2.8257,0.00041805
2.8311,0.00041618
2.8365,0.00041433
2.8418,0.00041248
2.8472,0.00041065
2.8526,0.00040882
2.858,0.000407
2.8634,0.0004052
2.8688,0.0004034
2.8742,0.00040161
2.8796,0.00039983
2.8851,0.00039806
2.8905,0.0003963
2.8959,0.00039455
2.9013,0.0003928
2.9068,0.00039107
2.9122,0.00038934
2.9177,0.00038763
2.9231,0.00038592
2.9286,0.00038422
2.9341,0.00038253
2.9395,0.00038085
2.945,0.00037918
2.9505,0.00037751
2.956,0.00037586
2.9615,0.00037421
2.967,0.00037257
2.9725,0.00037094
2.978,0.00036932
2.9835,0.0003677
2.989,0.0003661
2.9945,0.0003645
3.0001,0.00036291
3.0056,0.00036133
3.0111,0.00035975
3.0167,0.00035819
3.0222,0.00035663
3.0278,0.00035508
3.0333,0.00035354
3.0389,0.000352
3.0445,0.00035048
3.05,0.00034896
3.0556,0.00034745
3.0612,0.00034594
3.0668,0.00034445
3.0724,0.00034296
3.078,0.00034148
3.0836,0.00034001
3.0892,0.00033854
3.0948,0.00033708
3.1004,0.00033563
3.1061,0.00033419
3.1117,0.00033275
3.1173,0.00033132
3.123,0.0003299
3.1286,0.00032848
3.1343,0.00032707
3.1399,0.00032567
3.1456,0.00032428
3.1512,0.00032289
3.1569,0.00032151
3.1626,0.00032014
3.1683,0.00031877
3.1739,0.00031741
3.1796,0.00031606
3.1853,0.00031471
3.191,0.00031337
3.1967,0.00031204
3.2024,0.00031071
3.2082,0.0003094
3.2139,0.00030808
3.2196,0.00030678
3.2253,0.00030548
3.2311,0.00030418
3.2368,0.00030289
3.2426,0.00030161
3.2483,0.00030034
3.2541,0.00029907
3.2598,0.00029781
3.2656,0.00029655
3.2714,0.0002953
3.2772,0.00029406
3.2829,0.00029282
3.2887,0.00029159
3.2945,0.00029037
3.3003,0.00028915
3.3061,0.00028794
3.3119,0.00028673
3.3177,0.00028553
3.3236,0.00028433
3.3294,0.00028314
3.3352,0.00028196
3.341,0.00028078
3.3469,0.00027961
3.3527,0.00027844
3.3586,0.00027728
3.3644,0.00027613
3.3703,0.00027498
3.3761,0.00027383
3.382,0.0002727
3.3879,0.00027156
3.3938,0.00027044
3.3997,0.00026932
3.4055,0.0002682
3.4114,0.00026709
3.4173,0.00026598
3.4232,0.00026488
3.4292,0.00026379
3.4351,0.0002627
3.441,0.00026162
3.4469,0.00026054
3.4528,0.00025946
3.4588,0.0002584
3.4647,0.00025733
3.4707,0.00025627
3.4766,0.00025522
3.4826,0.00025417
3.4885,0.00025313
3.4945,0.00025209
3.5005,0.00025106
3.5064,0.00025003
3.5124,0.00024901
3.5184,0.00024799
3.5244,0.00024698
3.5304,0.00024597
3.5364,0.00024497
3.5424,0.00024397
3.5484,0.00024297
3.5544,0.00024199
3.5605,0.000241
3.5665,0.00024002
3.5725,0.00023905
3.5786,0.00023808
3.5846,0.00023711
3.5906,0.00023615
3.5967,0.00023519
3.6028,0.00023424
3.6088,0.00023329
3.6149,0.00023235
3.621,0.00023141
3.627,0.00023048
3.6331,0.00022955
3.6392,0.00022862
3.6453,0.0002277
3.6514,0.00022679
3.6575,0.00022588
3.6636,0.00022497
3.6697,0.00022406
3.6758,0.00022316
3.682,0.00022227
3.6881,0.00022138
3.6942,0.00022049
3.7004,0.00021961
3.7065,0.00021873
3.7127,0.00021786
3.7188,0.00021699
3.725,0.00021612
3.7311,0.00021526
3.7373,0.0002144
3.7435,0.00021355
3.7497,0.0002127
3.7559,0.00021185
3.762,0.00021101
3.7682,0.00021017
3.7744,0.00020934
3.7806,0.00020851
3.7869,0.00020768
3.7931,0.00020686
3.7993,0.00020604
3.8055,0.00020523
3.8117,0.00020442
3.818,0.00020361
3.8242,0.00020281
3.8305,0.00020201
3.8367,0.00020121
3.843,0.00020042
3.8492,0.00019963
3.8555,0.00019885
3.8618,0.00019807
3.8681,0.00019729
3.8743,0.00019652
3.8806,0.00019575
3.8869,0.00019498
3.8932,0.00019422
3.8995,0.00019346
3.9058,0.0001927
3.9121,0.00019195
3.9185,0.0001912
3.9248,0.00019045
3.9311,0.00018971
3.9374,0.00018897
3.9438,0.00018823
3.9501,0.0001875
3.9565,0.00018677
3.9628,0.00018605
3.9692,0.00018533
3.9755,0.00018461
3.9819,0.00018389
3.9883,0.00018318
3.9947,0.00018247
4.001,0.00018176
4.0074,0.00018106
4.0138,0.00018036
4.0202,0.00017967
