0,0
0.005,0
0.01,0
0.015,0
0.02,0
0.025,0
0.03,0
0.035,0
0.04,0
0.045,0
0.05,0
0.055,0
0.06,0
0.065,0
0.07,0
0.075,0
0.08,0
0.085,0
0.09,0
0.095,0
0.1,0
0.105,0
0.11,0
0.115,0
0.12,0
0.125,0
0.13,0
0.135,0
0.14,0
0.145,0
0.15,0
0.155,0
0.16,0
0.165,0
0.17,5.5863e-301
0.175,9.2993e-268
0.18,5.7373e-239
0.185,6.4233e-214
0.19,4.8234e-192
0.195,7.1657e-173
0.2,5.1769e-156
0.205,3.8559e-141
0.21,5.5633e-128
0.215,2.6455e-116
0.22,6.5019e-106
0.225,1.2103e-096
0.23,2.3636e-088
0.235,6.4008e-081
0.24,3.054e-074
0.245,3.1557e-068
0.25,8.4395e-063
0.255,6.8178e-058
0.26,1.9029e-053
0.265,2.0629e-049
0.27,9.6216e-046
0.275,2.1119e-042
0.28,2.36e-039
0.285,1.4391e-036
0.29,5.0907e-034
0.295,1.1027e-031
0.3,1.5343e-029
0.305,1.431e-027
0.31,9.2914e-026
0.315,4.3443e-024
0.32,1.5074e-022
0.325,3.9877e-021
0.33,8.2396e-020
0.335,1.359e-018
0.34,1.8243e-017
0.345,2.0286e-016
0.35,1.8985e-015
0.355,1.5169e-014
0.36,1.0482e-013
0.365,6.3388e-013
0.37,3.3903e-012
0.375,1.6194e-011
0.38,6.9691e-011
0.385,2.7238e-010
0.39,9.7396e-010
0.395,3.2074e-009
0.4,9.7875e-009
0.405,2.783e-008
0.41,7.4116e-008
0.415,1.8573e-007
0.42,4.3985e-007
0.425,9.8831e-007
0.43,2.1146e-006
0.435,4.3227e-006
0.44,8.469e-006
0.445,1.5947e-005
0.45,2.8937e-005
0.455,5.0721e-005
0.46,8.6074e-005
0.465,0.00014171
0.47,0.00022679
0.475,0.00035344
0.48,0.00053726
0.485,0.00079783
0.49,0.001159
0.495,0.0016495
0.5,0.0023024
0.505,0.0031557
0.51,0.0042518
0.515,0.0056368
0.52,0.0073604
0.525,0.0094742
0.53,0.012031
0.535,0.015085
0.54,0.018688
0.545,0.022889
0.55,0.027736
0.555,0.03327
0.56,0.039527
0.565,0.046535
0.57,0.054318
0.575,0.062889
0.58,0.072254
0.585,0.082411
0.59,0.093348
0.595,0.10505
0.6,0.11748
0.605,0.13062
0.61,0.14443
0.615,0.15886
0.62,0.17388
0.625,0.18943
0.63,0.20547
0.635,0.22197
0.64,0.23888
0.645,0.25619
0.65,0.27388
0.655,0.29194
0.66,0.3104
0.665,0.32929
0.67,0.34867
0.675,0.36863
0.68,0.38929
0.685,0.4108
0.69,0.43334
0.695,0.45714
0.7,0.48245
0.705,0.5096
0.71,0.53891
0.715,0.57078
0.72,0.60563
0.725,0.64392
0.73,0.68613
0.735,0.73275
0.74,0.78428
0.745,0.84115
0.75,0.90377
0.755,0.97241
0.76,1.0472
0.765,1.128
0.77,1.2144
0.775,1.3056
0.78,1.4004
0.785,1.4973
0.79,1.5939
0.795,1.6879
0.8,1.7762
0.805,1.8558
0.81,1.9236
0.815,1.9767
0.82,2.0129
0.825,2.0303
0.83,2.0296
0.835,2.0161
0.84,1.9907
0.845,1.9543
0.85,1.9079
0.855,1.8529
0.86,1.7907
0.865,1.7228
0.87,1.6509
0.875,1.5764
0.88,1.5007
0.885,1.425
0.89,1.3504
0.895,1.2778
0.9,1.2079
0.905,1.1412
0.91,1.0781
0.915,1.0189
0.92,0.96356
0.925,0.91221
0.93,0.86475
0.935,0.82106
0.94,0.78097
0.945,0.74427
0.95,0.71075
0.955,0.68018
0.96,0.65233
0.965,0.62696
0.97,0.60387
0.975,0.58283
0.98,0.56365
0.985,0.54613
0.99,0.53011
0.995,0.51542
1,0.50191
1.005,0.48946
1.01,0.47793
1.015,0.46723
1.02,0.45724
1.025,0.44788
1.03,0.43907
1.035,0.43074
1.04,0.42284
1.045,0.41529
1.05,0.40807
1.055,0.40112
1.06,0.39442
1.065,0.38793
1.07,0.38162
1.075,0.37548
1.08,0.36949
1.085,0.36363
1.09,0.35789
1.095,0.35226
1.1,0.34672
1.105,0.34129
1.11,0.33593
1.115,0.33067
1.12,0.32548
1.125,0.32036
1.13,0.31533
1.135,0.31036
1.14,0.30547
1.145,0.30065
1.15,0.29589
1.155,0.2912
1.16,0.28658
1.165,0.28203
1.17,0.27755
1.175,0.27313
1.18,0.26877
1.185,0.26448
1.19,0.26026
1.195,0.2561
1.2,0.252
1.205,0.24796
1.21,0.24399
1.215,0.24008
1.22,0.23623
1.225,0.23244
1.23,0.22872
1.235,0.22505
1.24,0.22144
1.245,0.21788
1.25,0.21439
1.255,0.21095
1.26,0.20757
1.265,0.20424
1.27,0.20097
1.275,0.19775
1.28,0.19459
1.285,0.19148
1.29,0.18842
1.295,0.18541
1.3,0.18245
1.305,0.17954
1.31,0.17668
1.315,0.17386
1.32,0.1711
1.325,0.16838
1.33,0.16571
1.335,0.16308
1.34,0.1605
1.345,0.15796
1.35,0.15547
1.355,0.15302
1.36,0.15061
1.365,0.14824
1.37,0.14591
1.375,0.14362
1.38,0.14137
1.385,0.13916
1.39,0.13698
1.395,0.13485
1.4,0.13275
1.405,0.13068
1.41,0.12865
1.415,0.12666
1.42,0.1247
1.425,0.12277
1.43,0.12088
1.435,0.11902
1.44,0.11719
1.445,0.11539
1.45,0.11363
1.455,0.11189
1.46,0.11018
1.465,0.1085
1.47,0.10685
1.475,0.10523
1.48,0.10364
1.485,0.10207
1.49,0.10053
1.495,0.099019
1.5,0.097531
1.505,0.096069
1.51,0.094631
1.515,0.093217
1.52,0.091827
1.525,0.090461
1.53,0.089118
1.535,0.087797
1.54,0.086499
1.545,0.085222
1.55,0.083967
1.555,0.082733
1.56,0.081519
1.565,0.080326
1.57,0.079153
1.575,0.077999
1.58,0.076865
1.585,0.075749
1.59,0.074652
1.595,0.073573
1.6,0.072512
1.605,0.071469
1.61,0.070443
1.615,0.069434
1.62,0.068441
1.625,0.067465
1.63,0.066504
1.635,0.06556
1.64,0.06463
1.645,0.063716
1.65,0.062817
1.655,0.061933
1.66,0.061063
1.665,0.060207
1.67,0.059365
1.675,0.058536
1.68,0.057721
1.685,0.056919
1.69,0.05613
1.695,0.055354
1.7,0.05459
1.705,0.053838
1.71,0.053098
1.715,0.05237
1.72,0.051654
1.725,0.050949
1.73,0.050255
1.735,0.049572
1.74,0.0489
1.745,0.048239
1.75,0.047588
1.755,0.046947
1.76,0.046316
1.765,0.045695
1.77,0.045084
1.775,0.044482
1.78,0.04389
1.785,0.043307
1.79,0.042733
1.795,0.042167
1.8,0.041611
1.805,0.041063
1.81,0.040523
1.815,0.039992
1.82,0.039469
1.825,0.038954
1.83,0.038447
1.835,0.037947
1.84,0.037456
1.845,0.036971
1.85,0.036494
1.855,0.036024
1.86,0.035561
1.865,0.035105
1.87,0.034657
1.875,0.034214
1.88,0.033779
1.885,0.033349
1.89,0.032927
1.895,0.03251
1.9,0.0321
1.905,0.031696
1.91,0.031298
1.915,0.030905
1.92,0.030519
1.925,0.030138
1.93,0.029763
1.935,0.029393
1.94,0.029028
1.945,0.028669
1.95,0.028315
1.955,0.027967
1.96,0.027623
1.965,0.027284
1.97,0.026951
1.975,0.026622
1.98,0.026297
1.985,0.025978
1.99,0.025663
1.995,0.025352
2,0.025046
2.005,0.024744
2.01,0.024447
2.015,0.024153
2.02,0.023864
2.025,0.023579
2.03,0.023298
2.035,0.023021
2.04,0.022748
2.045,0.022479
2.05,0.022213
2.055,0.021951
2.06,0.021693
2.065,0.021438
2.07,0.021187
2.075,0.02094
2.08,0.020695
2.085,0.020455
2.09,0.020217
2.095,0.019983
2.1,0.019752
2.105,0.019524
2.11,0.019299
2.115,0.019077
2.12,0.018859
2.125,0.018643
2.13,0.01843
2.135,0.01822
2.14,0.018013
2.145,0.017808
2.15,0.017607
2.155,0.017408
2.16,0.017212
2.165,0.017018
2.17,0.016827
2.175,0.016639
2.18,0.016453
2.185,0.016269
2.19,0.016088
2.195,0.015909
2.2,0.015733
2.205,0.015559
2.21,0.015387
2.215,0.015217
2.22,0.01505
2.225,0.014885
2.23,0.014722
2.235,0.014561
2.24,0.014402
2.245,0.014246
2.25,0.014091
2.255,0.013938
2.26,0.013787
2.265,0.013639
2.27,0.013492
2.275,0.013347
2.28,0.013203
2.285,0.013062
2.29,0.012923
2.295,0.012785
2.3,0.012649
2.305,0.012514
2.31,0.012382
2.315,0.012251
2.32,0.012121
2.325,0.011994
2.33,0.011868
2.335,0.011743
2.34,0.01162
2.345,0.011499
2.35,0.011379
2.355,0.01126
2.36,0.011143
2.365,0.011028
2.37,0.010914
2.375,0.010801
2.38,0.01069
2.385,0.01058
2.39,0.010471
2.395,0.010364
2.4,0.010258
2.405,0.010153
2.41,0.01005
2.415,0.0099473
2.42,0.0098464
2.425,0.0097467
2.43,0.0096482
2.435,0.0095508
2.44,0.0094546
2.445,0.0093596
2.45,0.0092657
2.455,0.009173
2.46,0.0090813
2.465,0.0089907
2.47,0.0089013
2.475,0.0088128
2.48,0.0087254
2.485,0.0086391
2.49,0.0085537
2.495,0.0084694
2.5,0.008386
2.505,0.0083037
2.51,0.0082223
2.515,0.0081418
2.52,0.0080623
2.525,0.0079837
2.53,0.007906
2.535,0.0078292
2.54,0.0077533
2.545,0.0076783
2.55,0.0076042
2.555,0.0075309
2.56,0.0074584
2.565,0.0073868
2.57,0.007316
2.575,0.007246
2.58,0.0071768
2.585,0.0071083
2.59,0.0070407
2.595,0.0069738
2.6,0.0069077
2.605,0.0068423
2.61,0.0067777
2.615,0.0067138
2.62,0.0066506
2.625,0.0065881
2.63,0.0065264
2.635,0.0064653
2.64,0.0064049
2.645,0.0063451
2.65,0.0062861
2.655,0.0062277
2.66,0.0061699
2.665,0.0061128
2.67,0.0060563
2.675,0.0060004
2.68,0.0059451
2.685,0.0058905
2.69,0.0058364
2.695,0.005783
2.7,0.0057301
2.705,0.0056778
2.71,0.005626
2.715,0.0055749
2.72,0.0055243
2.725,0.0054742
2.73,0.0054247
2.735,0.0053757
2.74,0.0053272
2.745,0.0052793
2.75,0.0052318
2.755,0.0051849
2.76,0.0051385
2.765,0.0050926
2.77,0.0050471
2.775,0.0050022
2.78,0.0049577
2.785,0.0049137
2.79,0.0048702
2.795,0.0048271
2.8,0.0047845
2.805,0.0047423
2.81,0.0047006
2.815,0.0046593
2.82,0.0046185
2.825,0.004578
2.83,0.004538
2.835,0.0044984
2.84,0.0044593
2.845,0.0044205
2.85,0.0043821
2.855,0.0043442
2.86,0.0043066
2.865,0.0042694
2.87,0.0042326
2.875,0.0041962
2.88,0.0041601
2.885,0.0041244
2.89,0.0040891
2.895,0.0040542
2.9,0.0040196
2.905,0.0039853
2.91,0.0039514
2.915,0.0039179
2.92,0.0038846
2.925,0.0038518
2.93,0.0038192
2.935,0.003787
2.94,0.0037551
2.945,0.0037235
2.95,0.0036923
2.955,0.0036613
2.96,0.0036307
2.965,0.0036004
2.97,0.0035704
2.975,0.0035406
2.98,0.0035112
2.985,0.0034821
2.99,0.0034532
2.995,0.0034247
3,0.0033964
3.005,0.0033684
3.01,0.0033407
3.015,0.0033132
3.02,0.003286
3.025,0.0032591
3.03,0.0032325
3.035,0.0032061
3.04,0.0031799
3.045,0.003154
3.05,0.0031284
3.055,0.003103
3.06,0.0030779
3.065,0.003053
3.07,0.0030284
3.075,0.0030039
3.08,0.0029798
3.085,0.0029558
3.09,0.0029321
3.095,0.0029086
3.1,0.0028854
3.105,0.0028623
3.11,0.0028395
3.115,0.0028169
3.12,0.0027945
3.125,0.0027723
3.13,0.0027504
3.135,0.0027286
3.14,0.0027071
3.145,0.0026857
3.15,0.0026646
3.155,0.0026436
3.16,0.0026229
3.165,0.0026023
3.17,0.0025819
3.175,0.0025618
3.18,0.0025418
3.185,0.002522
3.19,0.0025024
3.195,0.0024829
3.2,0.0024637
3.205,0.0024446
3.21,0.0024257
3.215,0.002407
3.22,0.0023885
3.225,0.0023701
3.23,0.0023519
3.235,0.0023338
3.24,0.0023159
3.245,0.0022982
3.25,0.0022807
3.255,0.0022633
3.26,0.0022461
3.265,0.002229
3.27,0.0022121
3.275,0.0021953
3.28,0.0021787
3.285,0.0021622
3.29,0.0021459
3.295,0.0021297
3.3,0.0021137
3.305,0.0020978
3.31,0.0020821
3.315,0.0020665
3.32,0.0020511
3.325,0.0020357
3.33,0.0020206
3.335,0.0020055
3.34,0.0019906
3.345,0.0019758
3.35,0.0019612
3.355,0.0019467
3.36,0.0019323
3.365,0.001918
3.37,0.0019039
3.375,0.0018899
3.38,0.001876
3.385,0.0018622
3.39,0.0018486
3.395,0.001835
3.4,0.0018216
3.405,0.0018084
3.41,0.0017952
3.415,0.0017821
3.42,0.0017692
3.425,0.0017563
3.43,0.0017436
3.435,0.001731
3.44,0.0017185
3.445,0.0017061
3.45,0.0016938
3.455,0.0016816
3.46,0.0016696
3.465,0.0016576
3.47,0.0016457
3.475,0.001634
3.48,0.0016223
3.485,0.0016107
3.49,0.0015993
3.495,0.0015879
3.5,0.0015766
3.505,0.0015654
3.51,0.0015544
3.515,0.0015434
3.52,0.0015325
3.525,0.0015217
3.53,0.0015109
3.535,0.0015003
3.54,0.0014898
3.545,0.0014793
3.55,0.001469
3.555,0.0014587
3.56,0.0014485
3.565,0.0014384
3.57,0.0014284
3.575,0.0014185
3.58,0.0014086
3.585,0.0013989
3.59,0.0013892
3.595,0.0013796
3.6,0.00137
3.605,0.0013606
3.61,0.0013512
3.615,0.0013419
3.62,0.0013327
3.625,0.0013236
3.63,0.0013145
3.635,0.0013055
3.64,0.0012966
3.645,0.0012878
3.65,0.001279
3.655,0.0012703
3.66,0.0012616
3.665,0.0012531
3.67,0.0012446
3.675,0.0012362
3.68,0.0012278
3.685,0.0012195
3.69,0.0012113
3.695,0.0012032
3.7,0.0011951
3.705,0.0011871
3.71,0.0011791
3.715,0.0011712
3.72,0.0011634
3.725,0.0011556
3.73,0.0011479
3.735,0.0011402
3.74,0.0011327
3.745,0.0011251
3.75,0.0011177
3.755,0.0011103
3.76,0.0011029
3.765,0.0010956
3.77,0.0010884
3.775,0.0010812
3.78,0.0010741
3.785,0.0010671
3.79,0.0010601
3.795,0.0010531
3.8,0.0010462
3.805,0.0010394
3.81,0.0010326
3.815,0.0010259
3.82,0.0010192
3.825,0.0010125
3.83,0.001006
3.835,0.00099944
3.84,0.00099296
3.845,0.00098654
3.85,0.00098016
3.855,0.00097384
3.86,0.00096756
3.865,0.00096133
3.87,0.00095515
3.875,0.00094902
3.88,0.00094293
3.885,0.00093689
3.89,0.0009309
3.895,0.00092495
3.9,0.00091905
3.905,0.00091319
3.91,0.00090738
3.915,0.00090161
3.92,0.00089588
3.925,0.0008902
3.93,0.00088457
3.935,0.00087897
3.94,0.00087342
3.945,0.00086791
3.95,0.00086244
3.955,0.00085701
3.96,0.00085163
3.965,0.00084628
3.97,0.00084098
3.975,0.00083571
3.98,0.00083048
3.985,0.0008253
3.99,0.00082015
3.995,0.00081504
4,0.00080996
4.005,0.00080493
4.01,0.00079993
4.015,0.00079497
4.02,0.00079005
4.025,0.00078517
4.03,0.00078031
4.035,0.0007755
4.04,0.00077072
4.045,0.00076598
4.05,0.00076127
4.055,0.0007566
4.06,0.00075196
4.065,0.00074735
4.07,0.00074278
4.075,0.00073824
4.08,0.00073374
4.085,0.00072927
4.09,0.00072483
4.095,0.00072042
4.1,0.00071604
4.105,0.0007117
4.11,0.00070739
4.115,0.00070311
4.12,0.00069886
4.125,0.00069464
4.13,0.00069045
4.135,0.0006863
4.14,0.00068217
4.145,0.00067807
4.15,0.000674
4.155,0.00066996
4.16,0.00066595
4.165,0.00066197
4.17,0.00065802
4.175,0.00065409
4.18,0.0006502
4.185,0.00064633
4.19,0.00064249
4.195,0.00063867
4.2,0.00063489
4.205,0.00063113
4.21,0.00062739
4.215,0.00062369
4.22,0.00062
4.225,0.00061635
4.23,0.00061272
4.235,0.00060912
4.24,0.00060554
4.245,0.00060199
4.25,0.00059846
4.255,0.00059496
4.26,0.00059148
4.265,0.00058802
4.27,0.00058459
4.275,0.00058119
4.28,0.00057781
4.285,0.00057445
4.29,0.00057111
4.295,0.0005678
4.3,0.00056451
4.305,0.00056125
4.31,0.000558
4.315,0.00055478
4.32,0.00055158
4.325,0.00054841
4.33,0.00054525
4.335,0.00054212
4.34,0.00053901
4.345,0.00053592
4.35,0.00053285
4.355,0.0005298
4.36,0.00052677
4.365,0.00052377
4.37,0.00052078
4.375,0.00051781
4.38,0.00051487
4.385,0.00051194
4.39,0.00050904
4.395,0.00050615
4.4,0.00050329
4.405,0.00050044
4.41,0.00049762
4.415,0.00049481
4.42,0.00049202
4.425,0.00048925
4.43,0.0004865
4.435,0.00048376
4.44,0.00048105
4.445,0.00047835
4.45,0.00047567
4.455,0.00047301
4.46,0.00047037
4.465,0.00046775
4.47,0.00046514
4.475,0.00046255
4.48,0.00045998
4.485,0.00045742
4.49,0.00045488
4.495,0.00045236
4.5,0.00044986
4.505,0.00044737
4.51,0.0004449
4.515,0.00044244
4.52,0.00044
4.525,0.00043758
4.53,0.00043517
4.535,0.00043278
4.54,0.00043041
4.545,0.00042805
4.55,0.0004257
4.555,0.00042338
4.56,0.00042106
4.565,0.00041876
4.57,0.00041648
4.575,0.00041421
4.58,0.00041196
4.585,0.00040972
4.59,0.0004075
4.595,0.00040529
4.6,0.00040309
4.605,0.00040091
4.61,0.00039874
4.615,0.00039659
4.62,0.00039445
4.625,0.00039232
4.63,0.00039021
4.635,0.00038811
4.64,0.00038603
4.645,0.00038396
4.65,0.0003819
4.655,0.00037986
4.66,0.00037782
4.665,0.00037581
4.67,0.0003738
4.675,0.00037181
4.68,0.00036983
4.685,0.00036786
4.69,0.00036591
4.695,0.00036396
4.7,0.00036203
4.705,0.00036012
4.71,0.00035821
4.715,0.00035632
4.72,0.00035443
4.725,0.00035257
4.73,0.00035071
4.735,0.00034886
4.74,0.00034703
4.745,0.0003452
4.75,0.00034339
4.755,0.00034159
4.76,0.0003398
4.765,0.00033803
4.77,0.00033626
4.775,0.0003345
4.78,0.00033276
4.785,0.00033103
4.79,0.0003293
4.795,0.00032759
4.8,0.00032589
4.805,0.0003242
4.81,0.00032252
4.815,0.00032085
4.82,0.00031919
4.825,0.00031754
4.83,0.0003159
4.835,0.00031428
4.84,0.00031266
4.845,0.00031105
4.85,0.00030945
4.855,0.00030786
4.86,0.00030628
4.865,0.00030471
4.87,0.00030315
4.875,0.0003016
4.88,0.00030006
4.885,0.00029853
4.89,0.00029701
4.895,0.0002955
4.9,0.00029399
4.905,0.0002925
4.91,0.00029101
4.915,0.00028954
4.92,0.00028807
4.925,0.00028661
4.93,0.00028516
4.935,0.00028372
4.94,0.00028229
4.945,0.00028087
4.95,0.00027945
4.955,0.00027805
4.96,0.00027665
4.965,0.00027526
4.97,0.00027388
4.975,0.00027251
4.98,0.00027114
4.985,0.00026979
4.99,0.00026844
4.995,0.0002671
5,0.00026577
5.005,0.00026444
5.01,0.00026313
5.015,0.00026182
5.02,0.00026052
5.025,0.00025923
5.03,0.00025794
5.035,0.00025666
5.04,0.00025539
5.045,0.00025413
5.05,0.00025288
5.055,0.00025163
5.06,0.00025039
5.065,0.00024916
5.07,0.00024793
5.075,0.00024671
5.08,0.0002455
5.085,0.0002443
5.09,0.0002431
5.095,0.00024191
5.1,0.00024073
5.105,0.00023955
5.11,0.00023839
5.115,0.00023722
5.12,0.00023607
5.125,0.00023492
5.13,0.00023378
5.135,0.00023264
5.14,0.00023151
5.145,0.00023039
5.15,0.00022928
5.155,0.00022817
5.16,0.00022707
5.165,0.00022597
5.17,0.00022488
5.175,0.0002238
5.18,0.00022272
5.185,0.00022165
5.19,0.00022058
5.195,0.00021952
5.2,0.00021847
5.205,0.00021742
5.21,0.00021638
5.215,0.00021535
5.22,0.00021432
5.225,0.0002133
5.23,0.00021228
5.235,0.00021127
5.24,0.00021026
5.245,0.00020926
5.25,0.00020827
5.255,0.00020728
5.26,0.0002063
5.265,0.00020532
5.27,0.00020435
5.275,0.00020338
5.28,0.00020242
5.285,0.00020147
5.29,0.00020052
5.295,0.00019957
5.3,0.00019864
5.305,0.0001977
5.31,0.00019677
5.315,0.00019585
5.32,0.00019493
5.325,0.00019402
5.33,0.00019311
5.335,0.00019221
5.34,0.00019131
5.345,0.00019042
5.35,0.00018953
5.355,0.00018865
5.36,0.00018777
5.365,0.0001869
5.37,0.00018603
5.375,0.00018517
5.38,0.00018431
5.385,0.00018345
5.39,0.00018261
5.395,0.00018176
5.4,0.00018092
5.405,0.00018009
5.41,0.00017926
5.415,0.00017843
5.42,0.00017761
5.425,0.00017679
5.43,0.00017598
5.435,0.00017517
5.44,0.00017437
5.445,0.00017357
5.45,0.00017278
5.455,0.00017199
5.46,0.0001712
5.465,0.00017042
5.47,0.00016964
5.475,0.00016887
5.48,0.0001681
5.485,0.00016734
5.49,0.00016658
5.495,0.00016582
5.5,0.00016507
5.505,0.00016432
5.51,0.00016358
5.515,0.00016284
5.52,0.0001621
5.525,0.00016137
5.53,0.00016064
5.535,0.00015992
5.54,0.0001592
5.545,0.00015848
5.55,0.00015777
5.555,0.00015706
5.56,0.00015636
5.565,0.00015566
5.57,0.00015496
5.575,0.00015427
5.58,0.00015358
5.585,0.00015289
5.59,0.00015221
5.595,0.00015153
5.6,0.00015085
5.605,0.00015018
5.61,0.00014952
5.615,0.00014885
5.62,0.00014819
5.625,0.00014753
5.63,0.00014688
5.635,0.00014623
5.64,0.00014558
5.645,0.00014494
5.65,0.0001443
5.655,0.00014366
5.66,0.00014303
5.665,0.0001424
5.67,0.00014177
5.675,0.00014115
5.68,0.00014053
5.685,0.00013991
5.69,0.0001393
5.695,0.00013869
5.7,0.00013808
5.705,0.00013748
5.71,0.00013688
5.715,0.00013628
5.72,0.00013569
5.725,0.0001351
5.73,0.00013451
5.735,0.00013392
5.74,0.00013334
5.745,0.00013276
5.75,0.00013219
5.755,0.00013161
5.76,0.00013104
5.765,0.00013048
5.77,0.00012991
5.775,0.00012935
5.78,0.00012879
5.785,0.00012824
5.79,0.00012768
5.795,0.00012714
5.8,0.00012659
5.805,0.00012604
5.81,0.0001255
5.815,0.00012496
5.82,0.00012443
5.825,0.0001239
5.83,0.00012337
5.835,0.00012284
5.84,0.00012231
5.845,0.00012179
5.85,0.00012127
5.855,0.00012076
5.86,0.00012024
5.865,0.00011973
5.87,0.00011922
5.875,0.00011871
5.88,0.00011821
5.885,0.00011771
5.89,0.00011721
5.895,0.00011672
5.9,0.00011622
5.905,0.00011573
5.91,0.00011524
5.915,0.00011476
5.92,0.00011427
5.925,0.00011379
5.93,0.00011331
5.935,0.00011284
5.94,0.00011236
5.945,0.00011189
5.95,0.00011142
5.955,0.00011096
5.96,0.00011049
5.965,0.00011003
5.97,0.00010957
5.975,0.00010911
5.98,0.00010866
5.985,0.0001082
5.99,0.00010775
5.995,0.0001073
6,0.00010686
6.005,0.00010641
6.01,0.00010597
6.015,0.00010553
6.02,0.00010509
6.025,0.00010466
6.03,0.00010423
6.035,0.0001038
6.04,0.00010337
6.045,0.00010294
6.05,0.00010252
6.055,0.00010209
6.06,0.00010167
6.065,0.00010125
6.07,0.00010084
6.075,0.00010042
6.08,0.00010001
6.085,9.9602e-005
6.09,9.9194e-005
6.095,9.8788e-005
6.1,9.8384e-005
6.105,9.7982e-005
6.11,9.7582e-005
6.115,9.7184e-005
6.12,9.6788e-005
6.125,9.6393e-005
6.13,9.6001e-005
6.135,9.5611e-005
6.14,9.5222e-005
6.145,9.4835e-005
6.15,9.4451e-005
6.155,9.4068e-005
6.16,9.3687e-005
6.165,9.3308e-005
6.17,9.293e-005
6.175,9.2555e-005
6.18,9.2181e-005
6.185,9.1809e-005
6.19,9.1439e-005
6.195,9.1071e-005
6.2,9.0704e-005
6.205,9.0339e-005
6.21,8.9976e-005
6.215,8.9615e-005
6.22,8.9256e-005
6.225,8.8898e-005
6.23,8.8542e-005
6.235,8.8188e-005
6.24,8.7835e-005
6.245,8.7484e-005
6.25,8.7135e-005
6.255,8.6787e-005
6.26,8.6441e-005
6.265,8.6097e-005
6.27,8.5754e-005
6.275,8.5413e-005
6.28,8.5074e-005
