0,0
0.005,0
0.01,0
0.015,0
0.02,0
0.025,0
0.03,0
0.035,0
0.04,0
0.045,0
0.05,0
0.055,0
0.06,0
0.065,0
0.07,0
0.075,0
0.08,0
0.085,0
0.09,0
0.095,0
0.1,0
0.105,0
0.11,0
0.115,0
0.12,0
0.125,0
0.13,0
0.135,0
0.14,0
0.145,0
0.15,0
0.155,0
0.16,0
0.165,0
0.17,0
0.175,0
0.18,0
0.185,0
0.19,0
0.195,0
0.2,0
0.205,0
0.21,0
0.215,0
0.22,0
0.225,0
0.23,0
0.235,1.8865e-301
0.24,5.9298e-277
0.245,6.9642e-255
0.25,5.8592e-235
0.255,6.2081e-217
0.26,1.3528e-200
0.265,9.2965e-186
0.27,2.9272e-172
0.275,5.8588e-160
0.28,9.9368e-149
0.285,1.8394e-138
0.29,4.6467e-129
0.295,1.9516e-120
0.3,1.6235e-112
0.305,3.1251e-105
0.31,1.5983e-098
0.315,2.4572e-092
0.32,1.2676e-086
0.325,2.4219e-081
0.33,1.8719e-076
0.335,6.3356e-072
0.34,1.0085e-067
0.345,8.051e-064
0.35,3.4156e-060
0.355,8.1145e-057
0.36,1.1319e-053
0.365,9.6774e-051
0.37,5.2725e-048
0.375,1.8965e-045
0.38,4.6508e-043
0.385,8.0073e-041
0.39,9.9411e-039
0.395,9.1195e-037
0.4,6.321e-035
0.405,3.3787e-033
0.41,1.419e-031
0.415,4.7635e-030
0.42,1.2985e-028
0.425,2.916e-027
0.43,5.4672e-026
0.435,8.6636e-025
0.44,1.1735e-023
0.445,1.373e-022
0.45,1.401e-021
0.455,1.2579e-020
0.46,1.002e-019
0.465,7.135e-019
0.47,4.5743e-018
0.475,2.6577e-017
0.48,1.4078e-016
0.485,6.8382e-016
0.49,3.0616e-015
0.495,1.2696e-014
0.5,4.8992e-014
0.505,1.7665e-013
0.51,5.9756e-013
0.515,1.9033e-012
0.52,5.7279e-012
0.525,1.6339e-011
0.53,4.4313e-011
0.535,1.1458e-010
0.54,2.8321e-010
0.545,6.7082e-010
0.55,1.5261e-009
0.555,3.3421e-009
0.56,7.0592e-009
0.565,1.4409e-008
0.57,2.8473e-008
0.575,5.4562e-008
0.58,1.0155e-007
0.585,1.8385e-007
0.59,3.2422e-007
0.595,5.5767e-007
0.6,9.3676e-007
0.605,1.5385e-006
0.61,2.4732e-006
0.615,3.8955e-006
0.62,6.018e-006
0.625,9.1268e-006
0.63,1.36e-005
0.635,1.993e-005
0.64,2.8743e-005
0.645,4.0826e-005
0.65,5.7153e-005
0.655,7.8908e-005
0.66,0.00010751
0.665,0.00014465
0.67,0.00019228
0.675,0.00025268
0.68,0.0003284
0.685,0.00042235
0.69,0.00053773
0.695,0.00067809
0.7,0.00084723
0.705,0.0010493
0.71,0.0012886
0.715,0.0015697
0.72,0.0018975
0.725,0.0022767
0.73,0.0027123
0.735,0.0032094
0.74,0.0037728
0.745,0.0044074
0.75,0.0051178
0.755,0.0059085
0.76,0.0067837
0.765,0.0077473
0.77,0.0088026
0.775,0.0099527
0.78,0.0112
0.785,0.012547
0.79,0.013995
0.795,0.015544
0.8,0.017196
0.805,0.01895
0.81,0.020805
0.815,0.022761
0.82,0.024814
0.825,0.026964
0.83,0.029208
0.835,0.031541
0.84,0.033961
0.845,0.036465
0.85,0.039047
0.855,0.041704
0.86,0.044432
0.865,0.047227
0.87,0.050084
0.875,0.053
0.88,0.055972
0.885,0.058996
0.89,0.06207
0.895,0.065194
0.9,0.068366
0.905,0.071586
0.91,0.074857
0.915,0.078182
0.92,0.081564
0.925,0.085011
0.93,0.088531
0.935,0.092133
0.94,0.09583
0.945,0.099636
0.95,0.10357
0.955,0.10765
0.96,0.11189
0.965,0.11633
0.97,0.12099
0.975,0.1259
0.98,0.13109
0.985,0.1366
0.99,0.14246
0.995,0.14873
1,0.15543
1.005,0.16262
1.01,0.17034
1.015,0.17864
1.02,0.18757
1.025,0.19716
1.03,0.20745
1.035,0.21849
1.04,0.23029
1.045,0.24289
1.05,0.25627
1.055,0.27043
1.06,0.28534
1.065,0.30093
1.07,0.31714
1.075,0.33385
1.08,0.35093
1.085,0.36818
1.09,0.38542
1.095,0.40241
1.1,0.41889
1.105,0.43459
1.11,0.4492
1.115,0.46244
1.12,0.47403
1.125,0.48372
1.13,0.49126
1.135,0.4965
1.14,0.49929
1.145,0.49964
1.15,0.49823
1.155,0.49525
1.16,0.49075
1.165,0.48482
1.17,0.47754
1.175,0.46902
1.18,0.4594
1.185,0.4488
1.19,0.43736
1.195,0.42524
1.2,0.41258
1.205,0.39951
1.21,0.38618
1.215,0.37271
1.22,0.35921
1.225,0.34579
1.23,0.33255
1.235,0.31956
1.24,0.3069
1.245,0.29461
1.25,0.28275
1.255,0.27135
1.26,0.26043
1.265,0.25001
1.27,0.2401
1.275,0.2307
1.28,0.22181
1.285,0.21341
1.29,0.20551
1.295,0.19807
1.3,0.19109
1.305,0.18454
1.31,0.17841
1.315,0.17266
1.32,0.16729
1.325,0.16227
1.33,0.15758
1.335,0.1532
1.34,0.1491
1.345,0.14527
1.35,0.14169
1.355,0.13834
1.36,0.13521
1.365,0.13227
1.37,0.12951
1.375,0.12692
1.38,0.12448
1.385,0.12218
1.39,0.12001
1.395,0.11796
1.4,0.11601
1.405,0.11417
1.41,0.11241
1.415,0.11073
1.42,0.10913
1.425,0.10759
1.43,0.10611
1.435,0.10469
1.44,0.10332
1.445,0.10199
1.45,0.1007
1.455,0.099448
1.46,0.09823
1.465,0.097042
1.47,0.095881
1.475,0.094745
1.48,0.093632
1.485,0.09254
1.49,0.091467
1.495,0.090412
1.5,0.089373
1.505,0.08835
1.51,0.087341
1.515,0.086345
1.52,0.085362
1.525,0.08439
1.53,0.083431
1.535,0.082482
1.54,0.081544
1.545,0.080617
1.55,0.079699
1.555,0.078792
1.56,0.077894
1.565,0.077005
1.57,0.076125
1.575,0.075255
1.58,0.074394
1.585,0.073541
1.59,0.072698
1.595,0.071863
1.6,0.071037
1.605,0.070219
1.61,0.06941
1.615,0.06861
1.62,0.067818
1.625,0.067035
1.63,0.06626
1.635,0.065493
1.64,0.064735
1.645,0.063985
1.65,0.063244
1.655,0.06251
1.66,0.061785
1.665,0.061067
1.67,0.060358
1.675,0.059657
1.68,0.058963
1.685,0.058278
1.69,0.0576
1.695,0.05693
1.7,0.056268
1.705,0.055614
1.71,0.054967
1.715,0.054327
1.72,0.053695
1.725,0.053071
1.73,0.052454
1.735,0.051844
1.74,0.051241
1.745,0.050646
1.75,0.050057
1.755,0.049476
1.76,0.048901
1.765,0.048334
1.77,0.047773
1.775,0.047219
1.78,0.046671
1.785,0.046131
1.79,0.045596
1.795,0.045069
1.8,0.044548
1.805,0.044033
1.81,0.043524
1.815,0.043021
1.82,0.042525
1.825,0.042035
1.83,0.041551
1.835,0.041072
1.84,0.0406
1.845,0.040134
1.85,0.039673
1.855,0.039218
1.86,0.038768
1.865,0.038324
1.87,0.037886
1.875,0.037452
1.88,0.037025
1.885,0.036602
1.89,0.036185
1.895,0.035773
1.9,0.035366
1.905,0.034964
1.91,0.034567
1.915,0.034175
1.92,0.033788
1.925,0.033406
1.93,0.033028
1.935,0.032656
1.94,0.032287
1.945,0.031924
1.95,0.031565
1.955,0.03121
1.96,0.03086
1.965,0.030514
1.97,0.030172
1.975,0.029835
1.98,0.029502
1.985,0.029173
1.99,0.028848
1.995,0.028527
2,0.02821
2.005,0.027897
2.01,0.027587
2.015,0.027282
2.02,0.026981
2.025,0.026683
2.03,0.026389
2.035,0.026098
2.04,0.025811
2.045,0.025528
2.05,0.025248
2.055,0.024971
2.06,0.024698
2.065,0.024429
2.07,0.024163
2.075,0.023899
2.08,0.02364
2.085,0.023383
2.09,0.02313
2.095,0.022879
2.1,0.022632
2.105,0.022388
2.11,0.022146
2.115,0.021908
2.12,0.021673
2.125,0.02144
2.13,0.02121
2.135,0.020983
2.14,0.020759
2.145,0.020538
2.15,0.020319
2.155,0.020103
2.16,0.01989
2.165,0.019679
2.17,0.01947
2.175,0.019265
2.18,0.019061
2.185,0.018861
2.19,0.018662
2.195,0.018466
2.2,0.018272
2.205,0.018081
2.21,0.017892
2.215,0.017705
2.22,0.017521
2.225,0.017338
2.23,0.017158
2.235,0.01698
2.24,0.016804
2.245,0.01663
2.25,0.016459
2.255,0.016289
2.26,0.016121
2.265,0.015956
2.27,0.015792
2.275,0.01563
2.28,0.01547
2.285,0.015312
2.29,0.015156
2.295,0.015002
2.3,0.01485
2.305,0.014699
2.31,0.01455
2.315,0.014403
2.32,0.014257
2.325,0.014114
2.33,0.013972
2.335,0.013831
2.34,0.013692
2.345,0.013555
2.35,0.01342
2.355,0.013286
2.36,0.013153
2.365,0.013022
2.37,0.012893
2.375,0.012765
2.38,0.012639
2.385,0.012514
2.39,0.01239
2.395,0.012268
2.4,0.012147
2.405,0.012028
2.41,0.01191
2.415,0.011793
2.42,0.011678
2.425,0.011564
2.43,0.011451
2.435,0.01134
2.44,0.01123
2.445,0.011121
2.45,0.011013
2.455,0.010907
2.46,0.010802
2.465,0.010698
2.47,0.010595
2.475,0.010493
2.48,0.010392
2.485,0.010293
2.49,0.010194
2.495,0.010097
2.5,0.010001
2.505,0.0099059
2.51,0.0098119
2.515,0.0097189
2.52,0.0096269
2.525,0.009536
2.53,0.009446
2.535,0.009357
2.54,0.0092691
2.545,0.0091821
2.55,0.009096
2.555,0.0090109
2.56,0.0089267
2.565,0.0088435
2.57,0.0087611
2.575,0.0086797
2.58,0.0085991
2.585,0.0085195
2.59,0.0084407
2.595,0.0083627
2.6,0.0082856
2.605,0.0082093
2.61,0.0081339
2.615,0.0080592
2.62,0.0079854
2.625,0.0079123
2.63,0.0078401
2.635,0.0077686
2.64,0.0076979
2.645,0.0076279
2.65,0.0075587
2.655,0.0074903
2.66,0.0074225
2.665,0.0073555
2.67,0.0072892
2.675,0.0072236
2.68,0.0071587
2.685,0.0070944
2.69,0.0070309
2.695,0.006968
2.7,0.0069058
2.705,0.0068442
2.71,0.0067833
2.715,0.006723
2.72,0.0066634
2.725,0.0066044
2.73,0.006546
2.735,0.0064882
2.74,0.006431
2.745,0.0063744
2.75,0.0063183
2.755,0.0062629
2.76,0.006208
2.765,0.0061537
2.77,0.0061
2.775,0.0060468
2.78,0.0059942
2.785,0.0059421
2.79,0.0058905
2.795,0.0058395
2.8,0.005789
2.805,0.005739
2.81,0.0056895
2.815,0.0056405
2.82,0.005592
2.825,0.0055441
2.83,0.0054965
2.835,0.0054495
2.84,0.005403
2.845,0.0053569
2.85,0.0053113
2.855,0.0052661
2.86,0.0052214
2.865,0.0051772
2.87,0.0051334
2.875,0.00509
2.88,0.005047
2.885,0.0050045
2.89,0.0049624
2.895,0.0049208
2.9,0.0048795
2.905,0.0048387
2.91,0.0047982
2.915,0.0047582
2.92,0.0047186
2.925,0.0046793
2.93,0.0046404
2.935,0.0046019
2.94,0.0045638
2.945,0.0045261
2.95,0.0044887
2.955,0.0044517
2.96,0.0044151
2.965,0.0043788
2.97,0.0043429
2.975,0.0043073
2.98,0.0042721
2.985,0.0042372
2.99,0.0042026
2.995,0.0041684
3,0.0041345
3.005,0.0041009
3.01,0.0040677
3.015,0.0040348
3.02,0.0040022
3.025,0.0039699
3.03,0.0039379
3.035,0.0039062
3.04,0.0038748
3.045,0.0038437
3.05,0.003813
3.055,0.0037825
3.06,0.0037523
3.065,0.0037223
3.07,0.0036927
3.075,0.0036634
3.08,0.0036343
3.085,0.0036055
3.09,0.0035769
3.095,0.0035487
3.1,0.0035207
3.105,0.0034929
3.11,0.0034655
3.115,0.0034382
3.12,0.0034113
3.125,0.0033846
3.13,0.0033581
3.135,0.0033319
3.14,0.0033059
3.145,0.0032802
3.15,0.0032547
3.155,0.0032294
3.16,0.0032044
3.165,0.0031796
3.17,0.003155
3.175,0.0031306
3.18,0.0031065
3.185,0.0030826
3.19,0.0030589
3.195,0.0030354
3.2,0.0030122
3.205,0.0029891
3.21,0.0029663
3.215,0.0029437
3.22,0.0029213
3.225,0.002899
3.23,0.002877
3.235,0.0028552
3.24,0.0028336
3.245,0.0028122
3.25,0.0027909
3.255,0.0027699
3.26,0.002749
3.265,0.0027283
3.27,0.0027079
3.275,0.0026876
3.28,0.0026674
3.285,0.0026475
3.29,0.0026277
3.295,0.0026081
3.3,0.0025887
3.305,0.0025695
3.31,0.0025504
3.315,0.0025315
3.32,0.0025128
3.325,0.0024942
3.33,0.0024758
3.335,0.0024575
3.34,0.0024394
3.345,0.0024215
3.35,0.0024037
3.355,0.0023861
3.36,0.0023687
3.365,0.0023514
3.37,0.0023342
3.375,0.0023172
3.38,0.0023003
3.385,0.0022836
3.39,0.002267
3.395,0.0022506
3.4,0.0022343
3.405,0.0022181
3.41,0.0022021
3.415,0.0021863
3.42,0.0021705
3.425,0.0021549
3.43,0.0021395
3.435,0.0021241
3.44,0.0021089
3.445,0.0020938
3.45,0.0020789
3.455,0.0020641
3.46,0.0020494
3.465,0.0020348
3.47,0.0020204
3.475,0.002006
3.48,0.0019918
3.485,0.0019778
3.49,0.0019638
3.495,0.00195
3.5,0.0019362
3.505,0.0019226
3.51,0.0019091
3.515,0.0018957
3.52,0.0018824
3.525,0.0018693
3.53,0.0018562
3.535,0.0018433
3.54,0.0018304
3.545,0.0018177
3.55,0.0018051
3.555,0.0017925
3.56,0.0017801
3.565,0.0017678
3.57,0.0017556
3.575,0.0017435
3.58,0.0017315
3.585,0.0017195
3.59,0.0017077
3.595,0.001696
3.6,0.0016844
3.605,0.0016729
3.61,0.0016614
3.615,0.0016501
3.62,0.0016388
3.625,0.0016277
3.63,0.0016166
3.635,0.0016056
3.64,0.0015947
3.645,0.0015839
3.65,0.0015732
3.655,0.0015626
3.66,0.001552
3.665,0.0015416
3.67,0.0015312
3.675,0.0015209
3.68,0.0015107
3.685,0.0015006
3.69,0.0014905
3.695,0.0014806
3.7,0.0014707
3.705,0.0014609
3.71,0.0014511
3.715,0.0014415
3.72,0.0014319
3.725,0.0014224
3.73,0.001413
3.735,0.0014036
3.74,0.0013944
3.745,0.0013852
3.75,0.001376
3.755,0.001367
3.76,0.001358
3.765,0.0013491
3.77,0.0013402
3.775,0.0013314
3.78,0.0013227
3.785,0.0013141
3.79,0.0013055
3.795,0.001297
3.8,0.0012886
3.805,0.0012802
3.81,0.0012719
3.815,0.0012636
3.82,0.0012555
3.825,0.0012473
3.83,0.0012393
3.835,0.0012313
3.84,0.0012234
3.845,0.0012155
3.85,0.0012077
3.855,0.0011999
3.86,0.0011922
3.865,0.0011846
3.87,0.001177
3.875,0.0011695
3.88,0.001162
3.885,0.0011546
3.89,0.0011473
3.895,0.00114
3.9,0.0011328
3.905,0.0011256
3.91,0.0011185
3.915,0.0011114
3.92,0.0011044
3.925,0.0010974
3.93,0.0010905
3.935,0.0010836
3.94,0.0010768
3.945,0.0010701
3.95,0.0010634
3.955,0.0010567
3.96,0.0010501
3.965,0.0010435
3.97,0.001037
3.975,0.0010306
3.98,0.0010241
3.985,0.0010178
3.99,0.0010115
3.995,0.0010052
4,0.00099897
4.005,0.00099279
4.01,0.00098665
4.015,0.00098057
4.02,0.00097452
4.025,0.00096852
4.03,0.00096257
4.035,0.00095666
4.04,0.00095079
4.045,0.00094497
4.05,0.00093918
4.055,0.00093345
4.06,0.00092775
4.065,0.00092209
4.07,0.00091648
4.075,0.0009109
4.08,0.00090537
4.085,0.00089988
4.09,0.00089442
4.095,0.00088901
4.1,0.00088363
4.105,0.0008783
4.11,0.000873
4.115,0.00086774
4.12,0.00086252
4.125,0.00085733
4.13,0.00085219
4.135,0.00084708
4.14,0.000842
4.145,0.00083697
4.15,0.00083197
4.155,0.000827
4.16,0.00082207
4.165,0.00081718
4.17,0.00081232
4.175,0.00080749
4.18,0.0008027
4.185,0.00079794
4.19,0.00079322
4.195,0.00078853
4.2,0.00078387
4.205,0.00077925
4.21,0.00077466
4.215,0.0007701
4.22,0.00076557
4.225,0.00076108
4.23,0.00075661
4.235,0.00075218
4.24,0.00074778
4.245,0.00074341
4.25,0.00073907
4.255,0.00073476
4.26,0.00073048
4.265,0.00072623
4.27,0.00072201
4.275,0.00071782
4.28,0.00071366
4.285,0.00070953
4.29,0.00070542
4.295,0.00070134
4.3,0.0006973
4.305,0.00069328
4.31,0.00068929
4.315,0.00068532
4.32,0.00068138
4.325,0.00067747
4.33,0.00067359
4.335,0.00066973
4.34,0.0006659
4.345,0.0006621
4.35,0.00065832
4.355,0.00065457
4.36,0.00065084
4.365,0.00064714
4.37,0.00064346
4.375,0.00063981
4.38,0.00063618
4.385,0.00063258
4.39,0.000629
4.395,0.00062545
4.4,0.00062192
4.405,0.00061841
4.41,0.00061493
4.415,0.00061147
4.42,0.00060804
4.425,0.00060463
4.43,0.00060124
4.435,0.00059787
4.44,0.00059453
4.445,0.0005912
4.45,0.00058791
4.455,0.00058463
4.46,0.00058137
4.465,0.00057814
4.47,0.00057493
4.475,0.00057173
4.48,0.00056857
4.485,0.00056542
4.49,0.00056229
4.495,0.00055918
4.5,0.00055609
4.505,0.00055303
4.51,0.00054998
4.515,0.00054696
4.52,0.00054395
4.525,0.00054096
4.53,0.000538
4.535,0.00053505
4.54,0.00053212
4.545,0.00052921
4.55,0.00052632
4.555,0.00052345
4.56,0.0005206
4.565,0.00051777
4.57,0.00051495
4.575,0.00051215
4.58,0.00050937
4.585,0.00050661
4.59,0.00050387
4.595,0.00050115
4.6,0.00049844
4.605,0.00049575
4.61,0.00049308
4.615,0.00049042
4.62,0.00048778
4.625,0.00048516
4.63,0.00048256
4.635,0.00047997
4.64,0.0004774
4.645,0.00047484
4.65,0.00047231
4.655,0.00046978
4.66,0.00046728
4.665,0.00046479
4.67,0.00046232
4.675,0.00045986
4.68,0.00045741
4.685,0.00045499
4.69,0.00045258
4.695,0.00045018
4.7,0.0004478
4.705,0.00044543
4.71,0.00044308
4.715,0.00044074
4.72,0.00043842
4.725,0.00043612
4.73,0.00043382
4.735,0.00043155
4.74,0.00042928
4.745,0.00042703
4.75,0.0004248
4.755,0.00042258
4.76,0.00042037
4.765,0.00041818
4.77,0.000416
4.775,0.00041383
4.78,0.00041168
4.785,0.00040954
4.79,0.00040741
4.795,0.0004053
4.8,0.0004032
4.805,0.00040111
4.81,0.00039904
4.815,0.00039698
4.82,0.00039493
4.825,0.00039289
4.83,0.00039087
4.835,0.00038886
4.84,0.00038686
4.845,0.00038488
4.85,0.0003829
4.855,0.00038094
4.86,0.00037899
4.865,0.00037705
4.87,0.00037513
4.875,0.00037321
4.88,0.00037131
4.885,0.00036942
4.89,0.00036754
4.895,0.00036567
4.9,0.00036382
4.905,0.00036197
4.91,0.00036014
4.915,0.00035832
4.92,0.0003565
4.925,0.0003547
4.93,0.00035291
4.935,0.00035113
4.94,0.00034937
4.945,0.00034761
4.95,0.00034586
4.955,0.00034412
4.96,0.0003424
4.965,0.00034068
4.97,0.00033898
4.975,0.00033728
4.98,0.0003356
4.985,0.00033392
4.99,0.00033226
4.995,0.0003306
5,0.00032896
5.005,0.00032732
5.01,0.0003257
5.015,0.00032408
5.02,0.00032247
5.025,0.00032088
5.03,0.00031929
5.035,0.00031771
5.04,0.00031614
5.045,0.00031458
5.05,0.00031303
5.055,0.00031149
5.06,0.00030996
5.065,0.00030844
5.07,0.00030692
5.075,0.00030542
5.08,0.00030392
5.085,0.00030243
5.09,0.00030095
5.095,0.00029948
5.1,0.00029802
5.105,0.00029657
5.11,0.00029513
5.115,0.00029369
5.12,0.00029226
5.125,0.00029084
5.13,0.00028943
5.135,0.00028803
5.14,0.00028663
5.145,0.00028525
5.15,0.00028387
5.155,0.0002825
5.16,0.00028114
5.165,0.00027978
5.17,0.00027843
5.175,0.00027709
5.18,0.00027576
5.185,0.00027444
5.19,0.00027312
5.195,0.00027181
5.2,0.00027051
5.205,0.00026922
5.21,0.00026793
5.215,0.00026665
5.22,0.00026538
5.225,0.00026412
5.23,0.00026286
5.235,0.00026161
5.24,0.00026037
5.245,0.00025913
5.25,0.0002579
5.255,0.00025668
5.26,0.00025547
5.265,0.00025426
5.27,0.00025306
5.275,0.00025186
5.28,0.00025067
5.285,0.00024949
5.29,0.00024832
5.295,0.00024715
5.3,0.00024599
5.305,0.00024484
5.31,0.00024369
5.315,0.00024255
5.32,0.00024141
5.325,0.00024028
5.33,0.00023916
5.335,0.00023804
5.34,0.00023693
5.345,0.00023583
5.35,0.00023473
5.355,0.00023364
5.36,0.00023255
5.365,0.00023147
5.37,0.0002304
5.375,0.00022933
5.38,0.00022827
5.385,0.00022722
5.39,0.00022617
5.395,0.00022512
5.4,0.00022408
5.405,0.00022305
5.41,0.00022203
5.415,0.000221
5.42,0.00021999
5.425,0.00021898
5.43,0.00021797
5.435,0.00021698
5.44,0.00021598
5.445,0.00021499
5.45,0.00021401
5.455,0.00021303
5.46,0.00021206
5.465,0.0002111
5.47,0.00021014
5.475,0.00020918
5.48,0.00020823
5.485,0.00020728
5.49,0.00020634
5.495,0.00020541
5.5,0.00020448
5.505,0.00020355
5.51,0.00020263
5.515,0.00020172
5.52,0.00020081
5.525,0.0001999
5.53,0.000199
5.535,0.0001981
5.54,0.00019721
5.545,0.00019633
5.55,0.00019545
5.555,0.00019457
5.56,0.0001937
5.565,0.00019283
5.57,0.00019197
5.575,0.00019111
5.58,0.00019026
5.585,0.00018941
5.59,0.00018857
5.595,0.00018773
5.6,0.00018689
5.605,0.00018606
5.61,0.00018523
5.615,0.00018441
5.62,0.00018359
5.625,0.00018278
5.63,0.00018197
5.635,0.00018117
5.64,0.00018037
5.645,0.00017957
5.65,0.00017878
5.655,0.00017799
5.66,0.00017721
5.665,0.00017643
5.67,0.00017565
5.675,0.00017488
5.68,0.00017412
5.685,0.00017335
5.69,0.00017259
5.695,0.00017184
5.7,0.00017109
5.705,0.00017034
5.71,0.0001696
5.715,0.00016886
5.72,0.00016812
5.725,0.00016739
5.73,0.00016666
5.735,0.00016594
5.74,0.00016522
5.745,0.0001645
5.75,0.00016379
5.755,0.00016308
5.76,0.00016237
5.765,0.00016167
5.77,0.00016097
5.775,0.00016028
5.78,0.00015959
5.785,0.0001589
5.79,0.00015822
5.795,0.00015754
5.8,0.00015686
5.805,0.00015619
5.81,0.00015552
5.815,0.00015485
5.82,0.00015419
5.825,0.00015353
5.83,0.00015287
5.835,0.00015222
5.84,0.00015157
5.845,0.00015092
5.85,0.00015028
5.855,0.00014964
5.86,0.000149
5.865,0.00014837
5.87,0.00014774
5.875,0.00014711
5.88,0.00014649
5.885,0.00014587
5.89,0.00014525
5.895,0.00014464
5.9,0.00014403
5.905,0.00014342
5.91,0.00014282
5.915,0.00014221
5.92,0.00014161
5.925,0.00014102
5.93,0.00014043
5.935,0.00013984
5.94,0.00013925
5.945,0.00013867
5.95,0.00013809
5.955,0.00013751
5.96,0.00013693
5.965,0.00013636
5.97,0.00013579
5.975,0.00013522
5.98,0.00013466
5.985,0.0001341
5.99,0.00013354
5.995,0.00013299
6,0.00013243
6.005,0.00013188
6.01,0.00013134
6.015,0.00013079
6.02,0.00013025
6.025,0.00012971
6.03,0.00012918
6.035,0.00012864
6.04,0.00012811
6.045,0.00012758
6.05,0.00012706
6.055,0.00012654
6.06,0.00012601
6.065,0.0001255
6.07,0.00012498
6.075,0.00012447
6.08,0.00012396
6.085,0.00012345
6.09,0.00012294
6.095,0.00012244
6.1,0.00012194
6.105,0.00012144
6.11,0.00012095
6.115,0.00012046
6.12,0.00011996
6.125,0.00011948
6.13,0.00011899
6.135,0.00011851
6.14,0.00011803
6.145,0.00011755
6.15,0.00011707
6.155,0.0001166
6.16,0.00011612
6.165,0.00011565
6.17,0.00011519
6.175,0.00011472
6.18,0.00011426
6.185,0.0001138
6.19,0.00011334
6.195,0.00011288
6.2,0.00011243
6.205,0.00011198
6.21,0.00011153
6.215,0.00011108
6.22,0.00011064
6.225,0.00011019
6.23,0.00010975
6.235,0.00010931
6.24,0.00010888
6.245,0.00010844
6.25,0.00010801
6.255,0.00010758
6.26,0.00010715
6.265,0.00010672
6.27,0.0001063
6.275,0.00010588
6.28,0.00010546
