0,0
0.005,0
0.01,0
0.015,0
0.02,0
0.025,0
0.03,0
0.035,0
0.04,0
0.045,0
0.05,0
0.055,0
0.06,0
0.065,0
0.07,0
0.075,0
0.08,0
0.085,0
0.09,0
0.095,0
0.1,0
0.105,0
0.11,0
0.115,0
0.12,0
0.125,0
0.13,0
0.135,0
0.14,0
0.145,0
0.15,0
0.155,0
0.16,0
0.165,0
0.17,0
0.175,0
0.18,0
0.185,0
0.19,0
0.195,0
0.2,0
0.205,0
0.21,0
0.215,4.2948e-294
0.22,4.4594e-268
0.225,7.3444e-245
0.23,4.3295e-224
0.235,1.833e-205
0.24,1.0137e-188
0.245,1.2257e-173
0.25,5.0579e-160
0.255,1.0478e-147
0.26,1.5239e-136
0.265,2.0847e-126
0.27,3.4631e-117
0.275,8.7395e-109
0.28,4.0784e-101
0.285,4.1849e-094
0.29,1.1e-087
0.295,8.4782e-082
0.3,2.1598e-076
0.305,2.0225e-071
0.31,7.6527e-067
0.315,1.273e-062
0.32,1.0038e-058
0.325,4.0134e-055
0.33,8.6438e-052
0.335,1.0587e-048
0.34,7.7419e-046
0.345,3.5324e-043
0.35,1.0462e-040
0.355,2.0848e-038
0.36,2.8871e-036
0.365,2.8613e-034
0.37,2.0842e-032
0.375,1.1431e-030
0.38,4.8258e-029
0.385,1.5999e-027
0.39,4.242e-026
0.395,9.1471e-025
0.4,1.6287e-023
0.405,2.4284e-022
0.41,3.0708e-021
0.415,3.3323e-020
0.42,3.1366e-019
0.425,2.5866e-018
0.43,1.8857e-017
0.435,1.2256e-016
0.44,7.1562e-016
0.445,3.781e-015
0.45,1.8196e-014
0.455,8.0246e-014
0.46,3.2613e-013
0.465,1.2278e-012
0.47,4.3031e-012
0.475,1.4101e-011
0.48,4.3385e-011
0.485,1.2582e-010
0.49,3.4516e-010
0.495,8.9869e-010
0.5,2.2277e-009
0.505,5.2728e-009
0.51,1.1949e-008
0.515,2.5989e-008
0.52,5.4382e-008
0.525,1.0972e-007
0.53,2.1389e-007
0.535,4.0361e-007
0.54,7.386e-007
0.545,1.313e-006
0.55,2.2708e-006
0.555,3.8268e-006
0.56,6.2924e-006
0.565,1.0108e-005
0.57,1.5885e-005
0.575,2.4445e-005
0.58,3.6881e-005
0.585,5.4607e-005
0.59,7.9422e-005
0.595,0.00011357
0.6,0.00015981
0.605,0.00022146
0.61,0.00030246
0.615,0.00040742
0.62,0.00054162
0.625,0.00071105
0.63,0.00092243
0.635,0.0011831
0.64,0.0015011
0.645,0.0018851
0.65,0.0023441
0.655,0.0028876
0.66,0.0035255
0.665,0.0042676
0.67,0.005124
0.675,0.0061045
0.68,0.0072187
0.685,0.0084757
0.69,0.0098842
0.695,0.011452
0.7,0.013186
0.705,0.015093
0.71,0.017178
0.715,0.019445
0.72,0.021896
0.725,0.024533
0.73,0.027356
0.735,0.030366
0.74,0.033559
0.745,0.036932
0.75,0.040482
0.755,0.044202
0.76,0.048086
0.765,0.052128
0.77,0.05632
0.775,0.060653
0.78,0.06512
0.785,0.069712
0.79,0.07442
0.795,0.079238
0.8,0.084158
0.805,0.089174
0.81,0.094282
0.815,0.099479
0.82,0.10476
0.825,0.11014
0.83,0.11561
0.835,0.12118
0.84,0.12686
0.845,0.13268
0.85,0.13863
0.855,0.14477
0.86,0.1511
0.865,0.15766
0.87,0.1645
0.875,0.17166
0.88,0.17919
0.885,0.18715
0.89,0.19561
0.895,0.20463
0.9,0.21428
0.905,0.22466
0.91,0.23585
0.915,0.24793
0.92,0.26099
0.925,0.27514
0.93,0.29046
0.935,0.30704
0.94,0.32494
0.945,0.34424
0.95,0.36496
0.955,0.38713
0.96,0.41071
0.965,0.43565
0.97,0.46182
0.975,0.48904
0.98,0.51708
0.985,0.54561
0.99,0.57426
0.995,0.60258
1,0.63006
1.005,0.65614
1.01,0.68024
1.015,0.70179
1.02,0.72021
1.025,0.73502
1.03,0.74579
1.035,0.7522
1.04,0.75408
1.045,0.75236
1.05,0.74776
1.055,0.7404
1.06,0.73041
1.065,0.71798
1.07,0.70335
1.075,0.68677
1.08,0.66852
1.085,0.64888
1.09,0.62816
1.095,0.60662
1.1,0.58455
1.105,0.5622
1.11,0.53981
1.115,0.51759
1.12,0.49571
1.125,0.47434
1.13,0.45361
1.135,0.43361
1.14,0.41442
1.145,0.39611
1.15,0.3787
1.155,0.36222
1.16,0.34667
1.165,0.33204
1.17,0.31832
1.175,0.30548
1.18,0.29349
1.185,0.28231
1.19,0.27189
1.195,0.26221
1.2,0.25321
1.205,0.24485
1.21,0.2371
1.215,0.2299
1.22,0.22321
1.225,0.21701
1.23,0.21124
1.235,0.20588
1.24,0.20089
1.245,0.19624
1.25,0.1919
1.255,0.18784
1.26,0.18403
1.265,0.18046
1.27,0.1771
1.275,0.17393
1.28,0.17094
1.285,0.1681
1.29,0.16539
1.295,0.16281
1.3,0.16035
1.305,0.15798
1.31,0.15571
1.315,0.15351
1.32,0.15139
1.325,0.14933
1.33,0.14734
1.335,0.14539
1.34,0.14349
1.345,0.14163
1.35,0.13982
1.355,0.13803
1.36,0.13628
1.365,0.13456
1.37,0.13287
1.375,0.13121
1.38,0.12956
1.385,0.12794
1.39,0.12634
1.395,0.12476
1.4,0.12321
1.405,0.12167
1.41,0.12014
1.415,0.11864
1.42,0.11715
1.425,0.11568
1.43,0.11423
1.435,0.1128
1.44,0.11138
1.445,0.10997
1.45,0.10858
1.455,0.10721
1.46,0.10586
1.465,0.10452
1.47,0.10319
1.475,0.10188
1.48,0.10059
1.485,0.099311
1.49,0.098048
1.495,0.096799
1.5,0.095566
1.505,0.094348
1.51,0.093145
1.515,0.091957
1.52,0.090783
1.525,0.089624
1.53,0.088479
1.535,0.087348
1.54,0.086232
1.545,0.08513
1.55,0.084041
1.555,0.082967
1.56,0.081906
1.565,0.080859
1.57,0.079826
1.575,0.078806
1.58,0.077799
1.585,0.076805
1.59,0.075824
1.595,0.074856
1.6,0.073901
1.605,0.072958
1.61,0.072028
1.615,0.07111
1.62,0.070204
1.625,0.069311
1.63,0.068429
1.635,0.067559
1.64,0.066701
1.645,0.065854
1.65,0.065018
1.655,0.064194
1.66,0.063381
1.665,0.062578
1.67,0.061787
1.675,0.061006
1.68,0.060236
1.685,0.059476
1.69,0.058727
1.695,0.057987
1.7,0.057258
1.705,0.056539
1.71,0.055829
1.715,0.055129
1.72,0.054439
1.725,0.053758
1.73,0.053086
1.735,0.052423
1.74,0.05177
1.745,0.051125
1.75,0.050489
1.755,0.049862
1.76,0.049244
1.765,0.048634
1.77,0.048032
1.775,0.047438
1.78,0.046853
1.785,0.046275
1.79,0.045705
1.795,0.045144
1.8,0.044589
1.805,0.044043
1.81,0.043504
1.815,0.042972
1.82,0.042447
1.825,0.04193
1.83,0.041419
1.835,0.040916
1.84,0.040419
1.845,0.039929
1.85,0.039446
1.855,0.038969
1.86,0.038499
1.865,0.038035
1.87,0.037578
1.875,0.037127
1.88,0.036681
1.885,0.036242
1.89,0.035809
1.895,0.035382
1.9,0.03496
1.905,0.034544
1.91,0.034134
1.915,0.033729
1.92,0.033329
1.925,0.032935
1.93,0.032547
1.935,0.032163
1.94,0.031785
1.945,0.031412
1.95,0.031043
1.955,0.03068
1.96,0.030321
1.965,0.029967
1.97,0.029618
1.975,0.029274
1.98,0.028934
1.985,0.028599
1.99,0.028268
1.995,0.027941
2,0.027619
2.005,0.027301
2.01,0.026988
2.015,0.026678
2.02,0.026373
2.025,0.026071
2.03,0.025773
2.035,0.02548
2.04,0.02519
2.045,0.024904
2.05,0.024622
2.055,0.024343
2.06,0.024068
2.065,0.023797
2.07,0.023529
2.075,0.023265
2.08,0.023004
2.085,0.022746
2.09,0.022492
2.095,0.022241
2.1,0.021993
2.105,0.021749
2.11,0.021507
2.115,0.021269
2.12,0.021034
2.125,0.020802
2.13,0.020573
2.135,0.020346
2.14,0.020123
2.145,0.019902
2.15,0.019684
2.155,0.019469
2.16,0.019257
2.165,0.019048
2.17,0.018841
2.175,0.018636
2.18,0.018435
2.185,0.018235
2.19,0.018039
2.195,0.017844
2.2,0.017653
2.205,0.017463
2.21,0.017276
2.215,0.017091
2.22,0.016909
2.225,0.016729
2.23,0.016551
2.235,0.016375
2.24,0.016202
2.245,0.01603
2.25,0.015861
2.255,0.015694
2.26,0.015529
2.265,0.015366
2.27,0.015205
2.275,0.015046
2.28,0.014888
2.285,0.014733
2.29,0.01458
2.295,0.014428
2.3,0.014279
2.305,0.014131
2.31,0.013985
2.315,0.013841
2.32,0.013698
2.325,0.013557
2.33,0.013418
2.335,0.013281
2.34,0.013145
2.345,0.013011
2.35,0.012878
2.355,0.012747
2.36,0.012618
2.365,0.01249
2.37,0.012364
2.375,0.012239
2.38,0.012115
2.385,0.011994
2.39,0.011873
2.395,0.011754
2.4,0.011636
2.405,0.01152
2.41,0.011405
2.415,0.011292
2.42,0.01118
2.425,0.011069
2.43,0.010959
2.435,0.010851
2.44,0.010744
2.445,0.010638
2.45,0.010533
2.455,0.01043
2.46,0.010328
2.465,0.010227
2.47,0.010127
2.475,0.010028
2.48,0.0099304
2.485,0.0098339
2.49,0.0097386
2.495,0.0096443
2.5,0.0095511
2.505,0.009459
2.51,0.0093679
2.515,0.0092779
2.52,0.0091889
2.525,0.0091008
2.53,0.0090138
2.535,0.0089278
2.54,0.0088427
2.545,0.0087586
2.55,0.0086754
2.555,0.0085932
2.56,0.0085119
2.565,0.0084314
2.57,0.0083519
2.575,0.0082733
2.58,0.0081955
2.585,0.0081187
2.59,0.0080426
2.595,0.0079674
2.6,0.0078931
2.605,0.0078195
2.61,0.0077468
2.615,0.0076748
2.62,0.0076037
2.625,0.0075333
2.63,0.0074637
2.635,0.0073949
2.64,0.0073268
2.645,0.0072594
2.65,0.0071928
2.655,0.0071269
2.66,0.0070618
2.665,0.0069973
2.67,0.0069335
2.675,0.0068704
2.68,0.006808
2.685,0.0067463
2.69,0.0066852
2.695,0.0066248
2.7,0.006565
2.705,0.0065059
2.71,0.0064474
2.715,0.0063895
2.72,0.0063322
2.725,0.0062756
2.73,0.0062195
2.735,0.0061641
2.74,0.0061092
2.745,0.0060549
2.75,0.0060012
2.755,0.005948
2.76,0.0058954
2.765,0.0058434
2.77,0.0057919
2.775,0.0057409
2.78,0.0056904
2.785,0.0056405
2.79,0.0055911
2.795,0.0055423
2.8,0.0054939
2.805,0.005446
2.81,0.0053986
2.815,0.0053518
2.82,0.0053054
2.825,0.0052594
2.83,0.005214
2.835,0.005169
2.84,0.0051245
2.845,0.0050804
2.85,0.0050368
2.855,0.0049936
2.86,0.0049508
2.865,0.0049085
2.87,0.0048667
2.875,0.0048252
2.88,0.0047842
2.885,0.0047436
2.89,0.0047033
2.895,0.0046635
2.9,0.0046241
2.905,0.0045851
2.91,0.0045465
2.915,0.0045083
2.92,0.0044704
2.925,0.004433
2.93,0.0043959
2.935,0.0043591
2.94,0.0043228
2.945,0.0042868
2.95,0.0042511
2.955,0.0042158
2.96,0.0041809
2.965,0.0041463
2.97,0.004112
2.975,0.0040781
2.98,0.0040445
2.985,0.0040112
2.99,0.0039783
2.995,0.0039457
3,0.0039134
3.005,0.0038814
3.01,0.0038497
3.015,0.0038184
3.02,0.0037873
3.025,0.0037565
3.03,0.0037261
3.035,0.0036959
3.04,0.003666
3.045,0.0036364
3.05,0.0036071
3.055,0.0035781
3.06,0.0035493
3.065,0.0035209
3.07,0.0034927
3.075,0.0034647
3.08,0.0034371
3.085,0.0034096
3.09,0.0033825
3.095,0.0033556
3.1,0.003329
3.105,0.0033026
3.11,0.0032765
3.115,0.0032506
3.12,0.0032249
3.125,0.0031995
3.13,0.0031744
3.135,0.0031494
3.14,0.0031247
3.145,0.0031003
3.15,0.003076
3.155,0.003052
3.16,0.0030282
3.165,0.0030047
3.17,0.0029813
3.175,0.0029582
3.18,0.0029353
3.185,0.0029126
3.19,0.0028901
3.195,0.0028678
3.2,0.0028457
3.205,0.0028238
3.21,0.0028021
3.215,0.0027806
3.22,0.0027594
3.225,0.0027383
3.23,0.0027174
3.235,0.0026966
3.24,0.0026761
3.245,0.0026558
3.25,0.0026356
3.255,0.0026157
3.26,0.0025959
3.265,0.0025763
3.27,0.0025568
3.275,0.0025376
3.28,0.0025185
3.285,0.0024996
3.29,0.0024808
3.295,0.0024622
3.3,0.0024438
3.305,0.0024256
3.31,0.0024075
3.315,0.0023896
3.32,0.0023718
3.325,0.0023542
3.33,0.0023367
3.335,0.0023194
3.34,0.0023023
3.345,0.0022853
3.35,0.0022684
3.355,0.0022517
3.36,0.0022352
3.365,0.0022188
3.37,0.0022025
3.375,0.0021864
3.38,0.0021704
3.385,0.0021546
3.39,0.0021389
3.395,0.0021233
3.4,0.0021079
3.405,0.0020926
3.41,0.0020774
3.415,0.0020624
3.42,0.0020475
3.425,0.0020327
3.43,0.0020181
3.435,0.0020035
3.44,0.0019891
3.445,0.0019749
3.45,0.0019607
3.455,0.0019467
3.46,0.0019328
3.465,0.001919
3.47,0.0019053
3.475,0.0018917
3.48,0.0018783
3.485,0.001865
3.49,0.0018518
3.495,0.0018387
3.5,0.0018257
3.505,0.0018128
3.51,0.0018
3.515,0.0017873
3.52,0.0017748
3.525,0.0017623
3.53,0.00175
3.535,0.0017377
3.54,0.0017256
3.545,0.0017135
3.55,0.0017016
3.555,0.0016897
3.56,0.001678
3.565,0.0016663
3.57,0.0016548
3.575,0.0016433
3.58,0.001632
3.585,0.0016207
3.59,0.0016095
3.595,0.0015984
3.6,0.0015874
3.605,0.0015765
3.61,0.0015657
3.615,0.001555
3.62,0.0015444
3.625,0.0015338
3.63,0.0015234
3.635,0.001513
3.64,0.0015027
3.645,0.0014925
3.65,0.0014823
3.655,0.0014723
3.66,0.0014623
3.665,0.0014524
3.67,0.0014426
3.675,0.0014329
3.68,0.0014233
3.685,0.0014137
3.69,0.0014042
3.695,0.0013948
3.7,0.0013855
3.705,0.0013762
3.71,0.001367
3.715,0.0013579
3.72,0.0013488
3.725,0.0013399
3.73,0.001331
3.735,0.0013221
3.74,0.0013134
3.745,0.0013047
3.75,0.0012961
3.755,0.0012875
3.76,0.001279
3.765,0.0012706
3.77,0.0012622
3.775,0.0012539
3.78,0.0012457
3.785,0.0012376
3.79,0.0012295
3.795,0.0012214
3.8,0.0012135
3.805,0.0012056
3.81,0.0011977
3.815,0.0011899
3.82,0.0011822
3.825,0.0011745
3.83,0.0011669
3.835,0.0011594
3.84,0.0011519
3.845,0.0011445
3.85,0.0011371
3.855,0.0011298
3.86,0.0011225
3.865,0.0011153
3.87,0.0011082
3.875,0.0011011
3.88,0.001094
3.885,0.001087
3.89,0.0010801
3.895,0.0010732
3.9,0.0010664
3.905,0.0010596
3.91,0.0010529
3.915,0.0010462
3.92,0.0010396
3.925,0.001033
3.93,0.0010265
3.935,0.00102
3.94,0.0010136
3.945,0.0010072
3.95,0.0010009
3.955,0.00099463
3.96,0.00098839
3.965,0.00098221
3.97,0.00097607
3.975,0.00096997
3.98,0.00096392
3.985,0.00095792
3.99,0.00095196
3.995,0.00094604
4,0.00094017
4.005,0.00093435
4.01,0.00092856
4.015,0.00092282
4.02,0.00091712
4.025,0.00091146
4.03,0.00090585
4.035,0.00090027
4.04,0.00089474
4.045,0.00088925
4.05,0.0008838
4.055,0.00087839
4.06,0.00087301
4.065,0.00086768
4.07,0.00086239
4.075,0.00085713
4.08,0.00085191
4.085,0.00084673
4.09,0.00084159
4.095,0.00083649
4.1,0.00083142
4.105,0.00082639
4.11,0.0008214
4.115,0.00081644
4.12,0.00081152
4.125,0.00080663
4.13,0.00080178
4.135,0.00079696
4.14,0.00079218
4.145,0.00078743
4.15,0.00078272
4.155,0.00077804
4.16,0.00077339
4.165,0.00076878
4.17,0.0007642
4.175,0.00075965
4.18,0.00075514
4.185,0.00075066
4.19,0.0007462
4.195,0.00074178
4.2,0.0007374
4.205,0.00073304
4.21,0.00072871
4.215,0.00072442
4.22,0.00072015
4.225,0.00071591
4.23,0.00071171
4.235,0.00070753
4.24,0.00070339
4.245,0.00069927
4.25,0.00069518
4.255,0.00069112
4.26,0.00068709
4.265,0.00068308
4.27,0.00067911
4.275,0.00067516
4.28,0.00067124
4.285,0.00066734
4.29,0.00066348
4.295,0.00065964
4.3,0.00065582
4.305,0.00065204
4.31,0.00064828
4.315,0.00064454
4.32,0.00064083
4.325,0.00063715
4.33,0.00063349
4.335,0.00062986
4.34,0.00062625
4.345,0.00062267
4.35,0.00061911
4.355,0.00061558
4.36,0.00061207
4.365,0.00060858
4.37,0.00060512
4.375,0.00060168
4.38,0.00059826
4.385,0.00059487
4.39,0.0005915
4.395,0.00058815
4.4,0.00058483
4.405,0.00058153
4.41,0.00057825
4.415,0.00057499
4.42,0.00057176
4.425,0.00056854
4.43,0.00056535
4.435,0.00056218
4.44,0.00055903
4.445,0.00055591
4.45,0.0005528
4.455,0.00054971
4.46,0.00054665
4.465,0.0005436
4.47,0.00054058
4.475,0.00053757
4.48,0.00053459
4.485,0.00053163
4.49,0.00052868
4.495,0.00052575
4.5,0.00052285
4.505,0.00051996
4.51,0.00051709
4.515,0.00051425
4.52,0.00051141
4.525,0.0005086
4.53,0.00050581
4.535,0.00050304
4.54,0.00050028
4.545,0.00049754
4.55,0.00049482
4.555,0.00049212
4.56,0.00048943
4.565,0.00048677
4.57,0.00048412
4.575,0.00048148
4.58,0.00047887
4.585,0.00047627
4.59,0.00047369
4.595,0.00047112
4.6,0.00046858
4.605,0.00046604
4.61,0.00046353
4.615,0.00046103
4.62,0.00045855
4.625,0.00045608
4.63,0.00045363
4.635,0.00045119
4.64,0.00044877
4.645,0.00044637
4.65,0.00044398
4.655,0.00044161
4.66,0.00043925
4.665,0.00043691
4.67,0.00043458
4.675,0.00043226
4.68,0.00042997
4.685,0.00042768
4.69,0.00042541
4.695,0.00042316
4.7,0.00042092
4.705,0.00041869
4.71,0.00041648
4.715,0.00041428
4.72,0.00041209
4.725,0.00040992
4.73,0.00040777
4.735,0.00040562
4.74,0.00040349
4.745,0.00040138
4.75,0.00039927
4.755,0.00039718
4.76,0.00039511
4.765,0.00039304
4.77,0.00039099
4.775,0.00038895
4.78,0.00038693
4.785,0.00038492
4.79,0.00038292
4.795,0.00038093
4.8,0.00037895
4.805,0.00037699
4.81,0.00037504
4.815,0.0003731
4.82,0.00037117
4.825,0.00036926
4.83,0.00036735
4.835,0.00036546
4.84,0.00036358
4.845,0.00036171
4.85,0.00035986
4.855,0.00035801
4.86,0.00035618
4.865,0.00035435
4.87,0.00035254
4.875,0.00035074
4.88,0.00034895
4.885,0.00034717
4.89,0.00034541
4.895,0.00034365
4.9,0.0003419
4.905,0.00034017
4.91,0.00033844
4.915,0.00033673
4.92,0.00033502
4.925,0.00033333
4.93,0.00033165
4.935,0.00032997
4.94,0.00032831
4.945,0.00032666
4.95,0.00032501
4.955,0.00032338
4.96,0.00032176
4.965,0.00032014
4.97,0.00031854
4.975,0.00031695
4.98,0.00031536
4.985,0.00031378
4.99,0.00031222
4.995,0.00031066
5,0.00030911
5.005,0.00030758
5.01,0.00030605
5.015,0.00030453
5.02,0.00030302
5.025,0.00030152
5.03,0.00030002
5.035,0.00029854
5.04,0.00029706
5.045,0.0002956
5.05,0.00029414
5.055,0.00029269
5.06,0.00029125
5.065,0.00028982
5.07,0.00028839
5.075,0.00028698
5.08,0.00028557
5.085,0.00028417
5.09,0.00028278
5.095,0.0002814
5.1,0.00028002
5.105,0.00027866
5.11,0.0002773
5.115,0.00027595
5.12,0.00027461
5.125,0.00027327
5.13,0.00027195
5.135,0.00027063
5.14,0.00026932
5.145,0.00026801
5.15,0.00026671
5.155,0.00026543
5.16,0.00026414
5.165,0.00026287
5.17,0.0002616
5.175,0.00026034
5.18,0.00025909
5.185,0.00025785
5.19,0.00025661
5.195,0.00025538
5.2,0.00025416
5.205,0.00025294
5.21,0.00025173
5.215,0.00025053
5.22,0.00024933
5.225,0.00024814
5.23,0.00024696
5.235,0.00024579
5.24,0.00024462
5.245,0.00024346
5.25,0.0002423
5.255,0.00024115
5.26,0.00024001
5.265,0.00023887
5.27,0.00023774
5.275,0.00023662
5.28,0.0002355
5.285,0.00023439
5.29,0.00023329
5.295,0.00023219
5.3,0.0002311
5.305,0.00023002
5.31,0.00022894
5.315,0.00022786
5.32,0.0002268
5.325,0.00022573
5.33,0.00022468
5.335,0.00022363
5.34,0.00022259
5.345,0.00022155
5.35,0.00022052
5.355,0.00021949
5.36,0.00021847
5.365,0.00021746
5.37,0.00021645
5.375,0.00021544
5.38,0.00021445
5.385,0.00021345
5.39,0.00021247
5.395,0.00021148
5.4,0.00021051
5.405,0.00020954
5.41,0.00020857
5.415,0.00020761
5.42,0.00020666
5.425,0.00020571
5.43,0.00020477
5.435,0.00020383
5.44,0.00020289
5.445,0.00020196
5.45,0.00020104
5.455,0.00020012
5.46,0.00019921
5.465,0.0001983
5.47,0.0001974
5.475,0.0001965
5.48,0.0001956
5.485,0.00019472
5.49,0.00019383
5.495,0.00019295
5.5,0.00019208
5.505,0.00019121
5.51,0.00019034
5.515,0.00018948
5.52,0.00018863
5.525,0.00018778
5.53,0.00018693
5.535,0.00018609
5.54,0.00018525
5.545,0.00018442
5.55,0.00018359
5.555,0.00018277
5.56,0.00018195
5.565,0.00018113
5.57,0.00018032
5.575,0.00017952
5.58,0.00017871
5.585,0.00017792
5.59,0.00017712
5.595,0.00017633
5.6,0.00017555
5.605,0.00017477
5.61,0.00017399
5.615,0.00017322
5.62,0.00017245
5.625,0.00017169
5.63,0.00017093
5.635,0.00017017
5.64,0.00016942
5.645,0.00016867
5.65,0.00016793
5.655,0.00016719
5.66,0.00016645
5.665,0.00016572
5.67,0.00016499
5.675,0.00016426
5.68,0.00016354
5.685,0.00016283
5.69,0.00016211
5.695,0.0001614
5.7,0.0001607
5.705,0.00016
5.71,0.0001593
5.715,0.0001586
5.72,0.00015791
5.725,0.00015722
5.73,0.00015654
5.735,0.00015586
5.74,0.00015518
5.745,0.00015451
5.75,0.00015384
5.755,0.00015317
5.76,0.00015251
5.765,0.00015185
5.77,0.00015119
5.775,0.00015054
5.78,0.00014989
5.785,0.00014925
5.79,0.0001486
5.795,0.00014796
5.8,0.00014733
5.805,0.00014669
5.81,0.00014607
5.815,0.00014544
5.82,0.00014482
5.825,0.0001442
5.83,0.00014358
5.835,0.00014297
5.84,0.00014236
5.845,0.00014175
5.85,0.00014114
5.855,0.00014054
5.86,0.00013995
5.865,0.00013935
5.87,0.00013876
5.875,0.00013817
5.88,0.00013758
5.885,0.000137
5.89,0.00013642
5.895,0.00013584
5.9,0.00013527
5.905,0.0001347
5.91,0.00013413
5.915,0.00013357
5.92,0.000133
5.925,0.00013244
5.93,0.00013189
5.935,0.00013133
5.94,0.00013078
5.945,0.00013023
5.95,0.00012969
5.955,0.00012914
5.96,0.0001286
5.965,0.00012807
5.97,0.00012753
5.975,0.000127
5.98,0.00012647
5.985,0.00012594
5.99,0.00012542
5.995,0.0001249
6,0.00012438
6.005,0.00012386
6.01,0.00012335
6.015,0.00012283
6.02,0.00012233
6.025,0.00012182
6.03,0.00012132
6.035,0.00012081
6.04,0.00012032
6.045,0.00011982
6.05,0.00011933
6.055,0.00011883
6.06,0.00011835
6.065,0.00011786
6.07,0.00011737
6.075,0.00011689
6.08,0.00011641
6.085,0.00011594
6.09,0.00011546
6.095,0.00011499
6.1,0.00011452
6.105,0.00011405
6.11,0.00011359
6.115,0.00011312
6.12,0.00011266
6.125,0.0001122
6.13,0.00011175
6.135,0.00011129
6.14,0.00011084
6.145,0.00011039
6.15,0.00010994
6.155,0.0001095
6.16,0.00010905
6.165,0.00010861
6.17,0.00010817
6.175,0.00010774
6.18,0.0001073
6.185,0.00010687
6.19,0.00010644
6.195,0.00010601
6.2,0.00010558
6.205,0.00010516
6.21,0.00010474
6.215,0.00010432
6.22,0.0001039
6.225,0.00010348
6.23,0.00010307
6.235,0.00010266
6.24,0.00010225
6.245,0.00010184
6.25,0.00010143
6.255,0.00010103
6.26,0.00010062
6.265,0.00010022
6.27,9.9824e-005
6.275,9.9428e-005
6.28,9.9033e-005
