0,0
0.005,0
0.01,0
0.015,0
0.02,0
0.025,0
0.03,0
0.035,0
0.04,0
0.045,0
0.05,0
0.055,0
0.06,0
0.065,0
0.07,0
0.075,0
0.08,0
0.085,0
0.09,0
0.095,0
0.1,0
0.105,0
0.11,0
0.115,0
0.12,0
0.125,0
0.13,0
0.135,0
0.14,0
0.145,0
0.15,1.4097e-285
0.155,3.9663e-250
0.16,5.7016e-220
0.165,3.4755e-194
0.17,4.9157e-172
0.175,6.3753e-153
0.18,2.3191e-136
0.185,5.9083e-122
0.19,2.2386e-109
0.195,2.3521e-098
0.2,1.1506e-088
0.205,4.0396e-080
0.21,1.4638e-072
0.215,7.4359e-066
0.22,6.8612e-060
0.225,1.4332e-054
0.23,8.1758e-050
0.235,1.4958e-045
0.24,1.0074e-041
0.245,2.813e-038
0.25,3.6085e-035
0.255,2.3245e-032
0.26,8.1241e-030
0.265,1.6479e-027
0.27,2.0578e-025
0.275,1.6656e-023
0.28,9.1446e-022
0.285,3.5439e-020
0.29,1.0042e-018
0.295,2.1465e-017
0.3,3.5576e-016
0.305,4.6854e-015
0.31,5.0116e-014
0.315,4.439e-013
0.32,3.3128e-012
0.325,2.1157e-011
0.33,1.1725e-010
0.335,5.7094e-010
0.34,2.4703e-009
0.345,9.5941e-009
0.35,3.3752e-008
0.355,1.0845e-007
0.36,3.2063e-007
0.365,8.7817e-007
0.37,2.2419e-006
0.375,5.3643e-006
0.38,1.2091e-005
0.385,2.5794e-005
0.39,5.2292e-005
0.395,0.00010114
0.4,0.00018728
0.405,0.00033306
0.41,0.00057057
0.415,0.00094408
0.42,0.0015125
0.425,0.0023516
0.43,0.0035556
0.435,0.0052382
0.44,0.0075323
0.445,0.01059
0.45,0.014577
0.455,0.019676
0.46,0.026073
0.465,0.033962
0.47,0.043532
0.475,0.054965
0.48,0.068427
0.485,0.084067
0.49,0.10201
0.495,0.12234
0.5,0.14514
0.505,0.17042
0.51,0.19819
0.515,0.2284
0.52,0.26099
0.525,0.29585
0.53,0.33286
0.535,0.37188
0.54,0.41275
0.545,0.45531
0.55,0.4994
0.555,0.54488
0.56,0.59164
0.565,0.63961
0.57,0.68875
0.575,0.73912
0.58,0.79085
0.585,0.84415
0.59,0.89938
0.595,0.957
0.6,1.0176
0.605,1.082
0.61,1.151
0.615,1.2258
0.62,1.3076
0.625,1.3979
0.63,1.4982
0.635,1.6102
0.64,1.7357
0.645,1.8765
0.65,2.0341
0.655,2.21
0.66,2.4049
0.665,2.619
0.67,2.8512
0.675,3.0991
0.68,3.3585
0.685,3.6235
0.69,3.886
0.695,4.1365
0.7,4.364
0.705,4.5575
0.71,4.7063
0.715,4.8019
0.72,4.8385
0.725,4.823
0.73,4.7693
0.735,4.6799
0.74,4.5583
0.745,4.4091
0.75,4.2374
0.755,4.0489
0.76,3.8491
0.765,3.6433
0.77,3.436
0.775,3.2315
0.78,3.033
0.785,2.843
0.79,2.6634
0.795,2.4954
0.8,2.3397
0.805,2.1963
0.81,2.0652
0.815,1.946
0.82,1.838
0.825,1.7405
0.83,1.6527
0.835,1.5737
0.84,1.5028
0.845,1.4391
0.85,1.3819
0.855,1.3304
0.86,1.284
0.865,1.242
0.87,1.204
0.875,1.1694
0.88,1.1378
0.885,1.1087
0.89,1.0818
0.895,1.0568
0.9,1.0335
0.905,1.0115
0.91,0.99072
0.915,0.97095
0.92,0.95205
0.925,0.93389
0.93,0.91636
0.935,0.89939
0.94,0.8829
0.945,0.86683
0.95,0.85114
0.955,0.83579
0.96,0.82075
0.965,0.80599
0.97,0.7915
0.975,0.77726
0.98,0.76327
0.985,0.74951
0.99,0.73598
0.995,0.72266
1,0.70957
1.005,0.69669
1.01,0.68403
1.015,0.67157
1.02,0.65933
1.025,0.64729
1.03,0.63545
1.035,0.62382
1.04,0.61239
1.045,0.60115
1.05,0.59012
1.055,0.57928
1.06,0.56864
1.065,0.55818
1.07,0.54792
1.075,0.53784
1.08,0.52795
1.085,0.51824
1.09,0.50871
1.095,0.49936
1.1,0.49018
1.105,0.48118
1.11,0.47234
1.115,0.46368
1.12,0.45517
1.125,0.44684
1.13,0.43866
1.135,0.43063
1.14,0.42276
1.145,0.41505
1.15,0.40748
1.155,0.40006
1.16,0.39278
1.165,0.38565
1.17,0.37865
1.175,0.37179
1.18,0.36507
1.185,0.35847
1.19,0.35201
1.195,0.34567
1.2,0.33946
1.205,0.33336
1.21,0.32739
1.215,0.32153
1.22,0.31579
1.225,0.31017
1.23,0.30465
1.235,0.29924
1.24,0.29394
1.245,0.28874
1.25,0.28364
1.255,0.27864
1.26,0.27374
1.265,0.26894
1.27,0.26423
1.275,0.25962
1.28,0.25509
1.285,0.25065
1.29,0.2463
1.295,0.24203
1.3,0.23785
1.305,0.23375
1.31,0.22972
1.315,0.22578
1.32,0.22191
1.325,0.21812
1.33,0.2144
1.335,0.21075
1.34,0.20718
1.345,0.20367
1.35,0.20023
1.355,0.19685
1.36,0.19354
1.365,0.1903
1.37,0.18711
1.375,0.18399
1.38,0.18093
1.385,0.17792
1.39,0.17497
1.395,0.17208
1.4,0.16925
1.405,0.16646
1.41,0.16373
1.415,0.16105
1.42,0.15842
1.425,0.15584
1.43,0.15331
1.435,0.15083
1.44,0.14839
1.445,0.146
1.45,0.14365
1.455,0.14135
1.46,0.13908
1.465,0.13686
1.47,0.13469
1.475,0.13255
1.48,0.13045
1.485,0.12839
1.49,0.12636
1.495,0.12438
1.5,0.12243
1.505,0.12051
1.51,0.11864
1.515,0.11679
1.52,0.11498
1.525,0.1132
1.53,0.11145
1.535,0.10974
1.54,0.10805
1.545,0.10639
1.55,0.10477
1.555,0.10317
1.56,0.1016
1.565,0.10006
1.57,0.098551
1.575,0.097065
1.58,0.095605
1.585,0.09417
1.59,0.092761
1.595,0.091376
1.6,0.090015
1.605,0.088678
1.61,0.087365
1.615,0.086074
1.62,0.084805
1.625,0.083559
1.63,0.082333
1.635,0.081129
1.64,0.079946
1.645,0.078783
1.65,0.077639
1.655,0.076515
1.66,0.075411
1.665,0.074324
1.67,0.073257
1.675,0.072207
1.68,0.071175
1.685,0.07016
1.69,0.069163
1.695,0.068181
1.7,0.067217
1.705,0.066268
1.71,0.065335
1.715,0.064418
1.72,0.063516
1.725,0.062628
1.73,0.061756
1.735,0.060897
1.74,0.060053
1.745,0.059222
1.75,0.058405
1.755,0.057601
1.76,0.05681
1.765,0.056033
1.77,0.055267
1.775,0.054514
1.78,0.053773
1.785,0.053044
1.79,0.052327
1.795,0.051621
1.8,0.050926
1.805,0.050242
1.81,0.04957
1.815,0.048907
1.82,0.048256
1.825,0.047614
1.83,0.046983
1.835,0.046361
1.84,0.045749
1.845,0.045147
1.85,0.044554
1.855,0.043971
1.86,0.043396
1.865,0.04283
1.87,0.042273
1.875,0.041725
1.88,0.041185
1.885,0.040653
1.89,0.04013
1.895,0.039614
1.9,0.039106
1.905,0.038606
1.91,0.038114
1.915,0.037628
1.92,0.037151
1.925,0.03668
1.93,0.036217
1.935,0.03576
1.94,0.03531
1.945,0.034867
1.95,0.034431
1.955,0.034001
1.96,0.033577
1.965,0.03316
1.97,0.032749
1.975,0.032344
1.98,0.031944
1.985,0.031551
1.99,0.031163
1.995,0.030781
2,0.030405
2.005,0.030034
2.01,0.029668
2.015,0.029308
2.02,0.028953
2.025,0.028603
2.03,0.028258
2.035,0.027918
2.04,0.027583
2.045,0.027253
2.05,0.026927
2.055,0.026606
2.06,0.026289
2.065,0.025977
2.07,0.02567
2.075,0.025366
2.08,0.025067
2.085,0.024772
2.09,0.024482
2.095,0.024195
2.1,0.023912
2.105,0.023633
2.11,0.023359
2.115,0.023087
2.12,0.02282
2.125,0.022556
2.13,0.022296
2.135,0.02204
2.14,0.021787
2.145,0.021537
2.15,0.021291
2.155,0.021048
2.16,0.020809
2.165,0.020573
2.17,0.02034
2.175,0.02011
2.18,0.019883
2.185,0.019659
2.19,0.019438
2.195,0.01922
2.2,0.019006
2.205,0.018793
2.21,0.018584
2.215,0.018378
2.22,0.018174
2.225,0.017973
2.23,0.017775
2.235,0.017579
2.24,0.017386
2.245,0.017195
2.25,0.017007
2.255,0.016821
2.26,0.016638
2.265,0.016457
2.27,0.016278
2.275,0.016102
2.28,0.015928
2.285,0.015756
2.29,0.015586
2.295,0.015419
2.3,0.015254
2.305,0.01509
2.31,0.014929
2.315,0.01477
2.32,0.014613
2.325,0.014458
2.33,0.014305
2.335,0.014154
2.34,0.014005
2.345,0.013858
2.35,0.013712
2.355,0.013568
2.36,0.013426
2.365,0.013286
2.37,0.013148
2.375,0.013011
2.38,0.012876
2.385,0.012743
2.39,0.012611
2.395,0.012481
2.4,0.012353
2.405,0.012226
2.41,0.012101
2.415,0.011977
2.42,0.011855
2.425,0.011734
2.43,0.011615
2.435,0.011497
2.44,0.011381
2.445,0.011265
2.45,0.011152
2.455,0.01104
2.46,0.010929
2.465,0.010819
2.47,0.010711
2.475,0.010604
2.48,0.010498
2.485,0.010394
2.49,0.01029
2.495,0.010188
2.5,0.010088
2.505,0.0099881
2.51,0.0098897
2.515,0.0097925
2.52,0.0096963
2.525,0.0096013
2.53,0.0095075
2.535,0.0094147
2.54,0.009323
2.545,0.0092323
2.55,0.0091428
2.555,0.0090542
2.56,0.0089667
2.565,0.0088802
2.57,0.0087947
2.575,0.0087101
2.58,0.0086266
2.585,0.008544
2.59,0.0084623
2.595,0.0083816
2.6,0.0083018
2.605,0.0082229
2.61,0.0081448
2.615,0.0080677
2.62,0.0079915
2.625,0.0079161
2.63,0.0078415
2.635,0.0077678
2.64,0.007695
2.645,0.0076229
2.65,0.0075517
2.655,0.0074812
2.66,0.0074115
2.665,0.0073426
2.67,0.0072745
2.675,0.0072071
2.68,0.0071405
2.685,0.0070746
2.69,0.0070094
2.695,0.006945
2.7,0.0068812
2.705,0.0068182
2.71,0.0067558
2.715,0.0066942
2.72,0.0066332
2.725,0.0065728
2.73,0.0065131
2.735,0.0064541
2.74,0.0063957
2.745,0.006338
2.75,0.0062808
2.755,0.0062243
2.76,0.0061684
2.765,0.0061131
2.77,0.0060583
2.775,0.0060042
2.78,0.0059507
2.785,0.0058977
2.79,0.0058452
2.795,0.0057934
2.8,0.0057421
2.805,0.0056913
2.81,0.0056411
2.815,0.0055913
2.82,0.0055422
2.825,0.0054935
2.83,0.0054453
2.835,0.0053977
2.84,0.0053505
2.845,0.0053039
2.85,0.0052577
2.855,0.005212
2.86,0.0051668
2.865,0.005122
2.87,0.0050778
2.875,0.0050339
2.88,0.0049906
2.885,0.0049476
2.89,0.0049051
2.895,0.0048631
2.9,0.0048215
2.905,0.0047803
2.91,0.0047395
2.915,0.0046991
2.92,0.0046592
2.925,0.0046197
2.93,0.0045805
2.935,0.0045418
2.94,0.0045034
2.945,0.0044655
2.95,0.0044279
2.955,0.0043907
2.96,0.0043539
2.965,0.0043174
2.97,0.0042813
2.975,0.0042456
2.98,0.0042102
2.985,0.0041752
2.99,0.0041405
2.995,0.0041062
3,0.0040722
3.005,0.0040385
3.01,0.0040052
3.015,0.0039722
3.02,0.0039395
3.025,0.0039072
3.03,0.0038752
3.035,0.0038434
3.04,0.003812
3.045,0.0037809
3.05,0.0037501
3.055,0.0037197
3.06,0.0036895
3.065,0.0036596
3.07,0.0036299
3.075,0.0036006
3.08,0.0035716
3.085,0.0035428
3.09,0.0035143
3.095,0.0034861
3.1,0.0034582
3.105,0.0034305
3.11,0.0034031
3.115,0.0033759
3.12,0.003349
3.125,0.0033224
3.13,0.003296
3.135,0.0032699
3.14,0.003244
3.145,0.0032184
3.15,0.003193
3.155,0.0031679
3.16,0.0031429
3.165,0.0031183
3.17,0.0030938
3.175,0.0030696
3.18,0.0030456
3.185,0.0030218
3.19,0.0029983
3.195,0.002975
3.2,0.0029518
3.205,0.0029289
3.21,0.0029063
3.215,0.0028838
3.22,0.0028615
3.225,0.0028395
3.23,0.0028176
3.235,0.002796
3.24,0.0027745
3.245,0.0027532
3.25,0.0027322
3.255,0.0027113
3.26,0.0026906
3.265,0.0026701
3.27,0.0026498
3.275,0.0026297
3.28,0.0026098
3.285,0.00259
3.29,0.0025705
3.295,0.0025511
3.3,0.0025318
3.305,0.0025128
3.31,0.0024939
3.315,0.0024752
3.32,0.0024567
3.325,0.0024383
3.33,0.0024201
3.335,0.002402
3.34,0.0023841
3.345,0.0023664
3.35,0.0023488
3.355,0.0023314
3.36,0.0023142
3.365,0.0022971
3.37,0.0022801
3.375,0.0022633
3.38,0.0022466
3.385,0.0022301
3.39,0.0022138
3.395,0.0021975
3.4,0.0021815
3.405,0.0021655
3.41,0.0021497
3.415,0.0021341
3.42,0.0021185
3.425,0.0021032
3.43,0.0020879
3.435,0.0020728
3.44,0.0020578
3.445,0.0020429
3.45,0.0020282
3.455,0.0020136
3.46,0.0019991
3.465,0.0019848
3.47,0.0019705
3.475,0.0019564
3.48,0.0019424
3.485,0.0019286
3.49,0.0019148
3.495,0.0019012
3.5,0.0018877
3.505,0.0018743
3.51,0.001861
3.515,0.0018478
3.52,0.0018347
3.525,0.0018218
3.53,0.0018089
3.535,0.0017962
3.54,0.0017836
3.545,0.001771
3.55,0.0017586
3.555,0.0017463
3.56,0.0017341
3.565,0.001722
3.57,0.00171
3.575,0.0016981
3.58,0.0016863
3.585,0.0016746
3.59,0.001663
3.595,0.0016515
3.6,0.00164
3.605,0.0016287
3.61,0.0016175
3.615,0.0016063
3.62,0.0015953
3.625,0.0015843
3.63,0.0015735
3.635,0.0015627
3.64,0.001552
3.645,0.0015414
3.65,0.0015309
3.655,0.0015205
3.66,0.0015101
3.665,0.0014999
3.67,0.0014897
3.675,0.0014796
3.68,0.0014696
3.685,0.0014597
3.69,0.0014498
3.695,0.0014401
3.7,0.0014304
3.705,0.0014208
3.71,0.0014112
3.715,0.0014018
3.72,0.0013924
3.725,0.0013831
3.73,0.0013738
3.735,0.0013647
3.74,0.0013556
3.745,0.0013466
3.75,0.0013376
3.755,0.0013288
3.76,0.00132
3.765,0.0013112
3.77,0.0013026
3.775,0.001294
3.78,0.0012855
3.785,0.001277
3.79,0.0012686
3.795,0.0012603
3.8,0.001252
3.805,0.0012438
3.81,0.0012357
3.815,0.0012277
3.82,0.0012196
3.825,0.0012117
3.83,0.0012038
3.835,0.001196
3.84,0.0011883
3.845,0.0011806
3.85,0.0011729
3.855,0.0011653
3.86,0.0011578
3.865,0.0011504
3.87,0.001143
3.875,0.0011356
3.88,0.0011283
3.885,0.0011211
3.89,0.0011139
3.895,0.0011068
3.9,0.0010997
3.905,0.0010927
3.91,0.0010857
3.915,0.0010788
3.92,0.001072
3.925,0.0010652
3.93,0.0010584
3.935,0.0010517
3.94,0.0010451
3.945,0.0010385
3.95,0.0010319
3.955,0.0010254
3.96,0.001019
3.965,0.0010126
3.97,0.0010062
3.975,0.00099992
3.98,0.00099366
3.985,0.00098745
3.99,0.00098129
3.995,0.00097517
4,0.0009691
4.005,0.00096307
4.01,0.00095708
4.015,0.00095115
4.02,0.00094525
4.025,0.0009394
4.03,0.00093359
4.035,0.00092783
4.04,0.00092211
4.045,0.00091643
4.05,0.00091079
4.055,0.0009052
4.06,0.00089964
4.065,0.00089413
4.07,0.00088865
4.075,0.00088322
4.08,0.00087783
4.085,0.00087247
4.09,0.00086716
4.095,0.00086188
4.1,0.00085665
4.105,0.00085145
4.11,0.00084628
4.115,0.00084116
4.12,0.00083607
4.125,0.00083102
4.13,0.00082601
4.135,0.00082103
4.14,0.00081609
4.145,0.00081118
4.15,0.00080631
4.155,0.00080148
4.16,0.00079668
4.165,0.00079191
4.17,0.00078718
4.175,0.00078248
4.18,0.00077782
4.185,0.00077319
4.19,0.00076859
4.195,0.00076402
4.2,0.00075949
4.205,0.00075499
4.21,0.00075052
4.215,0.00074608
4.22,0.00074168
4.225,0.0007373
4.23,0.00073296
4.235,0.00072865
4.24,0.00072436
4.245,0.00072011
4.25,0.00071589
4.255,0.00071169
4.26,0.00070753
4.265,0.0007034
4.27,0.00069929
4.275,0.00069522
4.28,0.00069117
4.285,0.00068715
4.29,0.00068316
4.295,0.00067919
4.3,0.00067525
4.305,0.00067135
4.31,0.00066746
4.315,0.00066361
4.32,0.00065978
4.325,0.00065598
4.33,0.0006522
4.335,0.00064845
4.34,0.00064473
4.345,0.00064103
4.35,0.00063736
4.355,0.00063371
4.36,0.00063009
4.365,0.00062649
4.37,0.00062292
4.375,0.00061937
4.38,0.00061584
4.385,0.00061234
4.39,0.00060887
4.395,0.00060541
4.4,0.00060198
4.405,0.00059858
4.41,0.00059519
4.415,0.00059183
4.42,0.0005885
4.425,0.00058518
4.43,0.00058189
4.435,0.00057862
4.44,0.00057537
4.445,0.00057214
4.45,0.00056894
4.455,0.00056575
4.46,0.00056259
4.465,0.00055945
4.47,0.00055633
4.475,0.00055323
4.48,0.00055015
4.485,0.0005471
4.49,0.00054406
4.495,0.00054104
4.5,0.00053805
4.505,0.00053507
4.51,0.00053211
4.515,0.00052917
4.52,0.00052625
4.525,0.00052335
4.53,0.00052047
4.535,0.00051761
4.54,0.00051477
4.545,0.00051195
4.55,0.00050914
4.555,0.00050636
4.56,0.00050359
4.565,0.00050084
4.57,0.00049811
4.575,0.00049539
4.58,0.00049269
4.585,0.00049002
4.59,0.00048735
4.595,0.00048471
4.6,0.00048208
4.605,0.00047947
4.61,0.00047688
4.615,0.0004743
4.62,0.00047174
4.625,0.0004692
4.63,0.00046668
4.635,0.00046416
4.64,0.00046167
4.645,0.00045919
4.65,0.00045673
4.655,0.00045428
4.66,0.00045185
4.665,0.00044944
4.67,0.00044704
4.675,0.00044466
4.68,0.00044229
4.685,0.00043993
4.69,0.00043759
4.695,0.00043527
4.7,0.00043296
4.705,0.00043067
4.71,0.00042839
4.715,0.00042612
4.72,0.00042387
4.725,0.00042163
4.73,0.00041941
4.735,0.0004172
4.74,0.00041501
4.745,0.00041283
4.75,0.00041066
4.755,0.00040851
4.76,0.00040637
4.765,0.00040424
4.77,0.00040213
4.775,0.00040003
4.78,0.00039794
4.785,0.00039587
4.79,0.00039381
4.795,0.00039176
4.8,0.00038972
4.805,0.0003877
4.81,0.00038569
4.815,0.00038369
4.82,0.00038171
4.825,0.00037974
4.83,0.00037778
4.835,0.00037583
4.84,0.00037389
4.845,0.00037197
4.85,0.00037005
4.855,0.00036815
4.86,0.00036626
4.865,0.00036439
4.87,0.00036252
4.875,0.00036067
4.88,0.00035882
4.885,0.00035699
4.89,0.00035517
4.895,0.00035336
4.9,0.00035156
4.905,0.00034978
4.91,0.000348
4.915,0.00034623
4.92,0.00034448
4.925,0.00034273
4.93,0.000341
4.935,0.00033928
4.94,0.00033757
4.945,0.00033586
4.95,0.00033417
4.955,0.00033249
4.96,0.00033082
4.965,0.00032916
4.97,0.0003275
4.975,0.00032586
4.98,0.00032423
4.985,0.00032261
4.99,0.000321
4.995,0.00031939
5,0.0003178
5.005,0.00031622
5.01,0.00031464
5.015,0.00031308
5.02,0.00031152
5.025,0.00030998
5.03,0.00030844
5.035,0.00030691
5.04,0.00030539
5.045,0.00030388
5.05,0.00030238
5.055,0.00030089
5.06,0.00029941
5.065,0.00029793
5.07,0.00029647
5.075,0.00029501
5.08,0.00029356
5.085,0.00029212
5.09,0.00029069
5.095,0.00028927
5.1,0.00028785
5.105,0.00028645
5.11,0.00028505
5.115,0.00028366
5.12,0.00028228
5.125,0.0002809
5.13,0.00027954
5.135,0.00027818
5.14,0.00027683
5.145,0.00027549
5.15,0.00027415
5.155,0.00027283
5.16,0.00027151
5.165,0.0002702
5.17,0.00026889
5.175,0.0002676
5.18,0.00026631
5.185,0.00026503
5.19,0.00026375
5.195,0.00026249
5.2,0.00026123
5.205,0.00025998
5.21,0.00025873
5.215,0.00025749
5.22,0.00025626
5.225,0.00025504
5.23,0.00025382
5.235,0.00025262
5.24,0.00025141
5.245,0.00025022
5.25,0.00024903
5.255,0.00024785
5.26,0.00024667
5.265,0.0002455
5.27,0.00024434
5.275,0.00024318
5.28,0.00024204
5.285,0.00024089
5.29,0.00023976
5.295,0.00023863
5.3,0.00023751
5.305,0.00023639
5.31,0.00023528
5.315,0.00023417
5.32,0.00023308
5.325,0.00023198
5.33,0.0002309
5.335,0.00022982
5.34,0.00022875
5.345,0.00022768
5.35,0.00022662
5.355,0.00022556
5.36,0.00022451
5.365,0.00022347
5.37,0.00022243
5.375,0.0002214
5.38,0.00022037
5.385,0.00021935
5.39,0.00021833
5.395,0.00021732
5.4,0.00021632
5.405,0.00021532
5.41,0.00021433
5.415,0.00021334
5.42,0.00021236
5.425,0.00021138
5.43,0.00021041
5.435,0.00020945
5.44,0.00020849
5.445,0.00020753
5.45,0.00020658
5.455,0.00020564
5.46,0.0002047
5.465,0.00020376
5.47,0.00020283
5.475,0.00020191
5.48,0.00020099
5.485,0.00020008
5.49,0.00019917
5.495,0.00019826
5.5,0.00019736
5.505,0.00019647
5.51,0.00019558
5.515,0.00019469
5.52,0.00019381
5.525,0.00019294
5.53,0.00019207
5.535,0.0001912
5.54,0.00019034
5.545,0.00018949
5.55,0.00018863
5.555,0.00018779
5.56,0.00018694
5.565,0.00018611
5.57,0.00018527
5.575,0.00018444
5.58,0.00018362
5.585,0.0001828
5.59,0.00018198
5.595,0.00018117
5.6,0.00018036
5.605,0.00017956
5.61,0.00017876
5.615,0.00017797
5.62,0.00017718
5.625,0.00017639
5.63,0.00017561
5.635,0.00017483
5.64,0.00017406
5.645,0.00017329
5.65,0.00017253
5.655,0.00017176
5.66,0.00017101
5.665,0.00017025
5.67,0.0001695
5.675,0.00016876
5.68,0.00016802
5.685,0.00016728
5.69,0.00016655
5.695,0.00016582
5.7,0.00016509
5.705,0.00016437
5.71,0.00016365
5.715,0.00016294
5.72,0.00016223
5.725,0.00016152
5.73,0.00016082
5.735,0.00016012
5.74,0.00015942
5.745,0.00015873
5.75,0.00015804
5.755,0.00015735
5.76,0.00015667
5.765,0.00015599
5.77,0.00015532
5.775,0.00015465
5.78,0.00015398
5.785,0.00015332
5.79,0.00015266
5.795,0.000152
5.8,0.00015135
5.805,0.00015069
5.81,0.00015005
5.815,0.0001494
5.82,0.00014876
5.825,0.00014813
5.83,0.00014749
5.835,0.00014686
5.84,0.00014623
5.845,0.00014561
5.85,0.00014499
5.855,0.00014437
5.86,0.00014376
5.865,0.00014314
5.87,0.00014254
5.875,0.00014193
5.88,0.00014133
5.885,0.00014073
5.89,0.00014013
5.895,0.00013954
5.9,0.00013895
5.905,0.00013836
5.91,0.00013778
5.915,0.0001372
5.92,0.00013662
5.925,0.00013604
5.93,0.00013547
5.935,0.0001349
5.94,0.00013433
5.945,0.00013377
5.95,0.00013321
5.955,0.00013265
5.96,0.0001321
5.965,0.00013154
5.97,0.00013099
5.975,0.00013045
5.98,0.0001299
5.985,0.00012936
5.99,0.00012882
5.995,0.00012829
6,0.00012775
6.005,0.00012722
6.01,0.00012669
6.015,0.00012617
6.02,0.00012564
6.025,0.00012512
6.03,0.00012461
6.035,0.00012409
6.04,0.00012358
6.045,0.00012307
6.05,0.00012256
6.055,0.00012206
6.06,0.00012155
6.065,0.00012105
6.07,0.00012056
6.075,0.00012006
6.08,0.00011957
6.085,0.00011908
6.09,0.00011859
6.095,0.0001181
6.1,0.00011762
6.105,0.00011714
6.11,0.00011666
6.115,0.00011619
6.12,0.00011571
6.125,0.00011524
6.13,0.00011477
6.135,0.0001143
6.14,0.00011384
6.145,0.00011338
6.15,0.00011292
6.155,0.00011246
6.16,0.000112
6.165,0.00011155
6.17,0.0001111
6.175,0.00011065
6.18,0.0001102
6.185,0.00010976
6.19,0.00010932
6.195,0.00010888
6.2,0.00010844
6.205,0.000108
6.21,0.00010757
6.215,0.00010714
6.22,0.00010671
6.225,0.00010628
6.23,0.00010585
6.235,0.00010543
6.24,0.00010501
6.245,0.00010459
6.25,0.00010417
6.255,0.00010375
6.26,0.00010334
6.265,0.00010293
6.27,0.00010252
6.275,0.00010211
6.28,0.00010171
