0,0
0.005,0
0.01,0
0.015,0
0.02,0
0.025,0
0.03,0
0.035,0
0.04,0
0.045,0
0.05,0
0.055,0
0.06,0
0.065,0
0.07,0
0.075,0
0.08,0
0.085,0
0.09,0
0.095,0
0.1,0
0.105,0
0.11,0
0.115,0
0.12,0
0.125,0
0.13,0
0.135,0
0.14,0
0.145,0
0.15,0
0.155,0
0.16,0
0.165,0
0.17,1.8166e-292
0.175,3.719e-260
0.18,3.7303e-232
0.185,8.594e-208
0.19,1.6219e-186
0.195,7.1799e-168
0.2,1.7882e-151
0.205,5.204e-137
0.21,3.2679e-124
0.215,7.4258e-113
0.22,9.4575e-103
0.225,9.7903e-094
0.23,1.131e-085
0.235,1.9125e-078
0.24,5.9755e-072
0.245,4.2161e-066
0.25,7.9896e-061
0.255,4.726e-056
0.26,9.9435e-052
0.265,8.3392e-048
0.27,3.0794e-044
0.275,5.4629e-041
0.28,5.0263e-038
0.285,2.5658e-035
0.29,7.7121e-033
0.295,1.4386e-030
0.3,1.745e-028
0.305,1.4344e-026
0.31,8.2911e-025
0.315,3.482e-023
0.32,1.0942e-021
0.325,2.641e-020
0.33,5.0128e-019
0.335,7.6418e-018
0.34,9.5359e-017
0.345,9.9082e-016
0.35,8.7055e-015
0.355,6.5587e-014
0.36,4.2907e-013
0.365,2.4654e-012
0.37,1.2572e-011
0.375,5.7432e-011
0.38,2.3706e-010
0.385,8.9103e-010
0.39,3.0715e-009
0.395,9.7737e-009
0.4,2.8879e-008
0.405,7.9667e-008
0.41,2.0621e-007
0.415,5.031e-007
0.42,1.1618e-006
0.425,2.5492e-006
0.43,5.3334e-006
0.435,1.0675e-005
0.44,2.0501e-005
0.445,3.7882e-005
0.45,6.7523e-005
0.455,0.00011638
0.46,0.00019437
0.465,0.00031521
0.47,0.00049729
0.475,0.00076453
0.48,0.0011473
0.485,0.001683
0.49,0.0024167
0.495,0.0034015
0.5,0.0046984
0.505,0.0063758
0.51,0.0085091
0.515,0.01118
0.52,0.014473
0.525,0.018476
0.53,0.02328
0.535,0.028972
0.54,0.035637
0.545,0.043353
0.55,0.052193
0.555,0.062218
0.56,0.073481
0.565,0.086021
0.57,0.099865
0.575,0.11502
0.58,0.1315
0.585,0.14927
0.59,0.16832
0.595,0.18859
0.6,0.21004
0.605,0.23261
0.61,0.25623
0.615,0.28082
0.62,0.30632
0.625,0.33264
0.63,0.35972
0.635,0.3875
0.64,0.41594
0.645,0.44501
0.65,0.4747
0.655,0.50504
0.66,0.53609
0.665,0.56795
0.67,0.60076
0.675,0.63471
0.68,0.67004
0.685,0.70708
0.69,0.74618
0.695,0.78778
0.7,0.83239
0.705,0.88059
0.71,0.93302
0.715,0.99038
0.72,1.0534
0.725,1.123
0.73,1.1999
0.735,1.2849
0.74,1.3788
0.745,1.4823
0.75,1.5958
0.755,1.7194
0.76,1.853
0.765,1.9958
0.77,2.1465
0.775,2.3031
0.78,2.4627
0.785,2.6218
0.79,2.7758
0.795,2.9201
0.8,3.0493
0.805,3.1584
0.81,3.2427
0.815,3.2983
0.82,3.3227
0.825,3.3181
0.83,3.2927
0.835,3.2479
0.84,3.1851
0.845,3.1061
0.85,3.0132
0.855,2.9088
0.86,2.7956
0.865,2.6761
0.87,2.5527
0.875,2.4279
0.88,2.3034
0.885,2.1812
0.89,2.0626
0.895,1.9486
0.9,1.8402
0.905,1.7379
0.91,1.642
0.915,1.5526
0.92,1.4698
0.925,1.3935
0.93,1.3232
0.935,1.2589
0.94,1.2001
0.945,1.1464
0.95,1.0975
0.955,1.053
0.96,1.0125
0.965,0.97566
0.97,0.9421
0.975,0.91151
0.98,0.88357
0.985,0.85801
0.99,0.83457
0.995,0.81301
1,0.79312
1.005,0.77468
1.01,0.75754
1.015,0.74153
1.02,0.7265
1.025,0.71234
1.03,0.69894
1.035,0.68618
1.04,0.674
1.045,0.66232
1.05,0.65106
1.055,0.64019
1.06,0.62965
1.065,0.61939
1.07,0.6094
1.075,0.59964
1.08,0.59009
1.085,0.58072
1.09,0.57153
1.095,0.5625
1.1,0.55362
1.105,0.54488
1.11,0.53627
1.115,0.52779
1.12,0.51944
1.125,0.51121
1.13,0.5031
1.135,0.49511
1.14,0.48723
1.145,0.47946
1.15,0.47181
1.155,0.46427
1.16,0.45683
1.165,0.44951
1.17,0.4423
1.175,0.43519
1.18,0.4282
1.185,0.42131
1.19,0.41452
1.195,0.40784
1.2,0.40126
1.205,0.39479
1.21,0.38841
1.215,0.38214
1.22,0.37597
1.225,0.3699
1.23,0.36392
1.235,0.35804
1.24,0.35226
1.245,0.34657
1.25,0.34098
1.255,0.33547
1.26,0.33006
1.265,0.32474
1.27,0.31951
1.275,0.31436
1.28,0.3093
1.285,0.30433
1.29,0.29944
1.295,0.29463
1.3,0.2899
1.305,0.28525
1.31,0.28068
1.315,0.27619
1.32,0.27178
1.325,0.26744
1.33,0.26318
1.335,0.25899
1.34,0.25487
1.345,0.25082
1.35,0.24684
1.355,0.24293
1.36,0.23908
1.365,0.23531
1.37,0.23159
1.375,0.22794
1.38,0.22436
1.385,0.22083
1.39,0.21737
1.395,0.21397
1.4,0.21062
1.405,0.20734
1.41,0.20411
1.415,0.20093
1.42,0.19781
1.425,0.19475
1.43,0.19173
1.435,0.18877
1.44,0.18586
1.445,0.183
1.45,0.18019
1.455,0.17743
1.46,0.17471
1.465,0.17204
1.47,0.16942
1.475,0.16684
1.48,0.16431
1.485,0.16181
1.49,0.15937
1.495,0.15696
1.5,0.1546
1.505,0.15227
1.51,0.14998
1.515,0.14774
1.52,0.14553
1.525,0.14336
1.53,0.14122
1.535,0.13913
1.54,0.13706
1.545,0.13504
1.55,0.13304
1.555,0.13108
1.56,0.12916
1.565,0.12726
1.57,0.1254
1.575,0.12357
1.58,0.12176
1.585,0.11999
1.59,0.11825
1.595,0.11654
1.6,0.11486
1.605,0.1132
1.61,0.11157
1.615,0.10997
1.62,0.10839
1.625,0.10684
1.63,0.10532
1.635,0.10382
1.64,0.10235
1.645,0.1009
1.65,0.099471
1.655,0.098068
1.66,0.096688
1.665,0.09533
1.67,0.093994
1.675,0.09268
1.68,0.091388
1.685,0.090116
1.69,0.088864
1.695,0.087633
1.7,0.086422
1.705,0.08523
1.71,0.084057
1.715,0.082902
1.72,0.081767
1.725,0.080649
1.73,0.079549
1.735,0.078467
1.74,0.077401
1.745,0.076353
1.75,0.075321
1.755,0.074305
1.76,0.073305
1.765,0.072321
1.77,0.071352
1.775,0.070399
1.78,0.06946
1.785,0.068536
1.79,0.067626
1.795,0.066731
1.8,0.065849
1.805,0.064981
1.81,0.064126
1.815,0.063284
1.82,0.062456
1.825,0.06164
1.83,0.060836
1.835,0.060045
1.84,0.059265
1.845,0.058498
1.85,0.057742
1.855,0.056998
1.86,0.056265
1.865,0.055543
1.87,0.054832
1.875,0.054131
1.88,0.053441
1.885,0.052762
1.89,0.052092
1.895,0.051433
1.9,0.050783
1.905,0.050143
1.91,0.049512
1.915,0.048891
1.92,0.048279
1.925,0.047676
1.93,0.047082
1.935,0.046496
1.94,0.045919
1.945,0.04535
1.95,0.04479
1.955,0.044238
1.96,0.043694
1.965,0.043158
1.97,0.042629
1.975,0.042108
1.98,0.041595
1.985,0.041089
1.99,0.04059
1.995,0.040099
2,0.039614
2.005,0.039137
2.01,0.038666
2.015,0.038202
2.02,0.037744
2.025,0.037293
2.03,0.036848
2.035,0.036409
2.04,0.035977
2.045,0.035551
2.05,0.03513
2.055,0.034716
2.06,0.034307
2.065,0.033904
2.07,0.033507
2.075,0.033115
2.08,0.032729
2.085,0.032347
2.09,0.031971
2.095,0.031601
2.1,0.031235
2.105,0.030874
2.11,0.030519
2.115,0.030168
2.12,0.029822
2.125,0.02948
2.13,0.029143
2.135,0.028811
2.14,0.028483
2.145,0.02816
2.15,0.027841
2.155,0.027526
2.16,0.027216
2.165,0.02691
2.17,0.026607
2.175,0.026309
2.18,0.026015
2.185,0.025724
2.19,0.025438
2.195,0.025155
2.2,0.024876
2.205,0.024601
2.21,0.024329
2.215,0.024061
2.22,0.023796
2.225,0.023535
2.23,0.023277
2.235,0.023022
2.24,0.022771
2.245,0.022523
2.25,0.022279
2.255,0.022037
2.26,0.021799
2.265,0.021563
2.27,0.021331
2.275,0.021101
2.28,0.020875
2.285,0.020651
2.29,0.020431
2.295,0.020213
2.3,0.019997
2.305,0.019785
2.31,0.019575
2.315,0.019368
2.32,0.019163
2.325,0.018961
2.33,0.018762
2.335,0.018565
2.34,0.01837
2.345,0.018178
2.35,0.017989
2.355,0.017801
2.36,0.017616
2.365,0.017434
2.37,0.017253
2.375,0.017075
2.38,0.016899
2.385,0.016725
2.39,0.016553
2.395,0.016383
2.4,0.016216
2.405,0.01605
2.41,0.015887
2.415,0.015725
2.42,0.015565
2.425,0.015408
2.43,0.015252
2.435,0.015098
2.44,0.014946
2.445,0.014796
2.45,0.014647
2.455,0.0145
2.46,0.014355
2.465,0.014212
2.47,0.014071
2.475,0.013931
2.48,0.013793
2.485,0.013656
2.49,0.013521
2.495,0.013388
2.5,0.013256
2.505,0.013126
2.51,0.012997
2.515,0.01287
2.52,0.012744
2.525,0.01262
2.53,0.012497
2.535,0.012376
2.54,0.012256
2.545,0.012137
2.55,0.01202
2.555,0.011904
2.56,0.011789
2.565,0.011676
2.57,0.011564
2.575,0.011453
2.58,0.011344
2.585,0.011236
2.59,0.011129
2.595,0.011023
2.6,0.010919
2.605,0.010815
2.61,0.010713
2.615,0.010612
2.62,0.010512
2.625,0.010413
2.63,0.010316
2.635,0.010219
2.64,0.010124
2.645,0.010029
2.65,0.0099357
2.655,0.0098434
2.66,0.0097521
2.665,0.0096617
2.67,0.0095724
2.675,0.0094841
2.68,0.0093967
2.685,0.0093103
2.69,0.0092249
2.695,0.0091403
2.7,0.0090567
2.705,0.008974
2.71,0.0088923
2.715,0.0088114
2.72,0.0087313
2.725,0.0086522
2.73,0.0085739
2.735,0.0084964
2.74,0.0084198
2.745,0.008344
2.75,0.0082691
2.755,0.0081949
2.76,0.0081215
2.765,0.0080489
2.77,0.0079771
2.775,0.007906
2.78,0.0078357
2.785,0.0077662
2.79,0.0076973
2.795,0.0076292
2.8,0.0075619
2.805,0.0074952
2.81,0.0074292
2.815,0.007364
2.82,0.0072994
2.825,0.0072355
2.83,0.0071722
2.835,0.0071097
2.84,0.0070477
2.845,0.0069864
2.85,0.0069258
2.855,0.0068658
2.86,0.0068064
2.865,0.0067476
2.87,0.0066894
2.875,0.0066318
2.88,0.0065748
2.885,0.0065184
2.89,0.0064626
2.895,0.0064074
2.9,0.0063527
2.905,0.0062985
2.91,0.0062449
2.915,0.0061919
2.92,0.0061394
2.925,0.0060874
2.93,0.006036
2.935,0.0059851
2.94,0.0059347
2.945,0.0058847
2.95,0.0058353
2.955,0.0057864
2.96,0.005738
2.965,0.0056901
2.97,0.0056426
2.975,0.0055956
2.98,0.0055491
2.985,0.0055031
2.99,0.0054575
2.995,0.0054123
3,0.0053676
3.005,0.0053234
3.01,0.0052795
3.015,0.0052362
3.02,0.0051932
3.025,0.0051506
3.03,0.0051085
3.035,0.0050668
3.04,0.0050255
3.045,0.0049846
3.05,0.0049441
3.055,0.004904
3.06,0.0048642
3.065,0.0048249
3.07,0.0047859
3.075,0.0047473
3.08,0.0047091
3.085,0.0046713
3.09,0.0046338
3.095,0.0045967
3.1,0.0045599
3.105,0.0045235
3.11,0.0044874
3.115,0.0044517
3.12,0.0044163
3.125,0.0043812
3.13,0.0043465
3.135,0.0043121
3.14,0.0042781
3.145,0.0042443
3.15,0.0042109
3.155,0.0041778
3.16,0.004145
3.165,0.0041125
3.17,0.0040803
3.175,0.0040484
3.18,0.0040169
3.185,0.0039856
3.19,0.0039546
3.195,0.0039239
3.2,0.0038934
3.205,0.0038633
3.21,0.0038334
3.215,0.0038038
3.22,0.0037745
3.225,0.0037455
3.23,0.0037167
3.235,0.0036882
3.24,0.0036599
3.245,0.0036319
3.25,0.0036042
3.255,0.0035767
3.26,0.0035495
3.265,0.0035225
3.27,0.0034957
3.275,0.0034692
3.28,0.003443
3.285,0.003417
3.29,0.0033912
3.295,0.0033656
3.3,0.0033403
3.305,0.0033152
3.31,0.0032903
3.315,0.0032657
3.32,0.0032413
3.325,0.0032171
3.33,0.0031931
3.335,0.0031693
3.34,0.0031457
3.345,0.0031224
3.35,0.0030992
3.355,0.0030763
3.36,0.0030535
3.365,0.003031
3.37,0.0030087
3.375,0.0029865
3.38,0.0029646
3.385,0.0029428
3.39,0.0029213
3.395,0.0028999
3.4,0.0028787
3.405,0.0028577
3.41,0.0028369
3.415,0.0028162
3.42,0.0027958
3.425,0.0027755
3.43,0.0027554
3.435,0.0027355
3.44,0.0027157
3.445,0.0026961
3.45,0.0026767
3.455,0.0026574
3.46,0.0026384
3.465,0.0026194
3.47,0.0026007
3.475,0.0025821
3.48,0.0025636
3.485,0.0025454
3.49,0.0025272
3.495,0.0025093
3.5,0.0024914
3.505,0.0024738
3.51,0.0024563
3.515,0.0024389
3.52,0.0024217
3.525,0.0024046
3.53,0.0023877
3.535,0.0023709
3.54,0.0023542
3.545,0.0023377
3.55,0.0023214
3.555,0.0023051
3.56,0.002289
3.565,0.0022731
3.57,0.0022572
3.575,0.0022415
3.58,0.002226
3.585,0.0022105
3.59,0.0021952
3.595,0.00218
3.6,0.002165
3.605,0.0021501
3.61,0.0021352
3.615,0.0021206
3.62,0.002106
3.625,0.0020915
3.63,0.0020772
3.635,0.002063
3.64,0.0020489
3.645,0.0020349
3.65,0.0020211
3.655,0.0020073
3.66,0.0019937
3.665,0.0019802
3.67,0.0019667
3.675,0.0019534
3.68,0.0019402
3.685,0.0019271
3.69,0.0019141
3.695,0.0019013
3.7,0.0018885
3.705,0.0018758
3.71,0.0018632
3.715,0.0018507
3.72,0.0018384
3.725,0.0018261
3.73,0.0018139
3.735,0.0018018
3.74,0.0017899
3.745,0.001778
3.75,0.0017662
3.755,0.0017545
3.76,0.0017429
3.765,0.0017313
3.77,0.0017199
3.775,0.0017086
3.78,0.0016973
3.785,0.0016862
3.79,0.0016751
3.795,0.0016641
3.8,0.0016532
3.805,0.0016424
3.81,0.0016317
3.815,0.0016211
3.82,0.0016105
3.825,0.0016
3.83,0.0015896
3.835,0.0015793
3.84,0.0015691
3.845,0.0015589
3.85,0.0015489
3.855,0.0015389
3.86,0.0015289
3.865,0.0015191
3.87,0.0015093
3.875,0.0014996
3.88,0.00149
3.885,0.0014805
3.89,0.001471
3.895,0.0014616
3.9,0.0014523
3.905,0.001443
3.91,0.0014338
3.915,0.0014247
3.92,0.0014157
3.925,0.0014067
3.93,0.0013978
3.935,0.0013889
3.94,0.0013802
3.945,0.0013715
3.95,0.0013628
3.955,0.0013542
3.96,0.0013457
3.965,0.0013373
3.97,0.0013289
3.975,0.0013206
3.98,0.0013123
3.985,0.0013041
3.99,0.001296
3.995,0.0012879
4,0.0012799
4.005,0.0012719
4.01,0.001264
4.015,0.0012562
4.02,0.0012484
4.025,0.0012407
4.03,0.001233
4.035,0.0012254
4.04,0.0012179
4.045,0.0012104
4.05,0.0012029
4.055,0.0011956
4.06,0.0011882
4.065,0.0011809
4.07,0.0011737
4.075,0.0011666
4.08,0.0011594
4.085,0.0011524
4.09,0.0011454
4.095,0.0011384
4.1,0.0011315
4.105,0.0011246
4.11,0.0011178
4.115,0.001111
4.12,0.0011043
4.125,0.0010977
4.13,0.001091
4.135,0.0010845
4.14,0.0010779
4.145,0.0010715
4.15,0.001065
4.155,0.0010587
4.16,0.0010523
4.165,0.001046
4.17,0.0010398
4.175,0.0010336
4.18,0.0010274
4.185,0.0010213
4.19,0.0010152
4.195,0.0010092
4.2,0.0010032
4.205,0.00099728
4.21,0.00099138
4.215,0.00098552
4.22,0.00097971
4.225,0.00097393
4.23,0.0009682
4.235,0.0009625
4.24,0.00095685
4.245,0.00095124
4.25,0.00094566
4.255,0.00094013
4.26,0.00093463
4.265,0.00092917
4.27,0.00092375
4.275,0.00091837
4.28,0.00091303
4.285,0.00090772
4.29,0.00090245
4.295,0.00089721
4.3,0.00089202
4.305,0.00088686
4.31,0.00088173
4.315,0.00087664
4.32,0.00087159
4.325,0.00086657
4.33,0.00086158
4.335,0.00085663
4.34,0.00085171
4.345,0.00084683
4.35,0.00084198
4.355,0.00083716
4.36,0.00083238
4.365,0.00082763
4.37,0.00082291
4.375,0.00081823
4.38,0.00081357
4.385,0.00080895
4.39,0.00080436
4.395,0.0007998
4.4,0.00079527
4.405,0.00079077
4.41,0.00078631
4.415,0.00078187
4.42,0.00077746
4.425,0.00077308
4.43,0.00076874
4.435,0.00076442
4.44,0.00076013
4.445,0.00075587
4.45,0.00075164
4.455,0.00074743
4.46,0.00074326
4.465,0.00073911
4.47,0.00073499
4.475,0.0007309
4.48,0.00072683
4.485,0.00072279
4.49,0.00071878
4.495,0.0007148
4.5,0.00071084
4.505,0.00070691
4.51,0.000703
4.515,0.00069912
4.52,0.00069527
4.525,0.00069144
4.53,0.00068764
4.535,0.00068386
4.54,0.00068011
4.545,0.00067638
4.55,0.00067267
4.555,0.00066899
4.56,0.00066534
4.565,0.00066171
4.57,0.0006581
4.575,0.00065451
4.58,0.00065095
4.585,0.00064741
4.59,0.0006439
4.595,0.00064041
4.6,0.00063694
4.605,0.00063349
4.61,0.00063007
4.615,0.00062666
4.62,0.00062328
4.625,0.00061993
4.63,0.00061659
4.635,0.00061327
4.64,0.00060998
4.645,0.00060671
4.65,0.00060345
4.655,0.00060022
4.66,0.00059701
4.665,0.00059382
4.67,0.00059066
4.675,0.00058751
4.68,0.00058438
4.685,0.00058127
4.69,0.00057818
4.695,0.00057511
4.7,0.00057206
4.705,0.00056903
4.71,0.00056602
4.715,0.00056303
4.72,0.00056005
4.725,0.0005571
4.73,0.00055416
4.735,0.00055125
4.74,0.00054835
4.745,0.00054547
4.75,0.00054261
4.755,0.00053976
4.76,0.00053694
4.765,0.00053413
4.77,0.00053134
4.775,0.00052856
4.78,0.00052581
4.785,0.00052307
4.79,0.00052034
4.795,0.00051764
4.8,0.00051495
4.805,0.00051228
4.81,0.00050963
4.815,0.00050699
4.82,0.00050436
4.825,0.00050176
4.83,0.00049917
4.835,0.0004966
4.84,0.00049404
4.845,0.0004915
4.85,0.00048897
4.855,0.00048646
4.86,0.00048396
4.865,0.00048148
4.87,0.00047902
4.875,0.00047657
4.88,0.00047414
4.885,0.00047172
4.89,0.00046931
4.895,0.00046692
4.9,0.00046455
4.905,0.00046219
4.91,0.00045984
4.915,0.00045751
4.92,0.00045519
4.925,0.00045288
4.93,0.00045059
4.935,0.00044832
4.94,0.00044605
4.945,0.00044381
4.95,0.00044157
4.955,0.00043935
4.96,0.00043714
4.965,0.00043495
4.97,0.00043276
4.975,0.0004306
4.98,0.00042844
4.985,0.0004263
4.99,0.00042417
4.995,0.00042205
5,0.00041995
5.005,0.00041785
5.01,0.00041577
5.015,0.00041371
5.02,0.00041165
5.025,0.00040961
5.03,0.00040758
5.035,0.00040556
5.04,0.00040355
5.045,0.00040156
5.05,0.00039958
5.055,0.00039761
5.06,0.00039565
5.065,0.0003937
5.07,0.00039176
5.075,0.00038984
5.08,0.00038793
5.085,0.00038602
5.09,0.00038413
5.095,0.00038225
5.1,0.00038038
5.105,0.00037853
5.11,0.00037668
5.115,0.00037484
5.12,0.00037302
5.125,0.0003712
5.13,0.0003694
5.135,0.0003676
5.14,0.00036582
5.145,0.00036405
5.15,0.00036229
5.155,0.00036053
5.16,0.00035879
5.165,0.00035706
5.17,0.00035534
5.175,0.00035362
5.18,0.00035192
5.185,0.00035023
5.19,0.00034855
5.195,0.00034687
5.2,0.00034521
5.205,0.00034356
5.21,0.00034191
5.215,0.00034028
5.22,0.00033865
5.225,0.00033703
5.23,0.00033543
5.235,0.00033383
5.24,0.00033224
5.245,0.00033066
5.25,0.00032909
5.255,0.00032753
5.26,0.00032598
5.265,0.00032443
5.27,0.0003229
5.275,0.00032137
5.28,0.00031985
5.285,0.00031834
5.29,0.00031684
5.295,0.00031535
5.3,0.00031387
5.305,0.00031239
5.31,0.00031092
5.315,0.00030947
5.32,0.00030801
5.325,0.00030657
5.33,0.00030514
5.335,0.00030371
5.34,0.00030229
5.345,0.00030088
5.35,0.00029948
5.355,0.00029808
5.36,0.0002967
5.365,0.00029532
5.37,0.00029395
5.375,0.00029258
5.38,0.00029123
5.385,0.00028988
5.39,0.00028854
5.395,0.0002872
5.4,0.00028588
5.405,0.00028456
5.41,0.00028325
5.415,0.00028194
5.42,0.00028064
5.425,0.00027935
5.43,0.00027807
5.435,0.00027679
5.44,0.00027553
5.445,0.00027426
5.45,0.00027301
5.455,0.00027176
5.46,0.00027052
5.465,0.00026928
5.47,0.00026806
5.475,0.00026683
5.48,0.00026562
5.485,0.00026441
5.49,0.00026321
5.495,0.00026202
5.5,0.00026083
5.505,0.00025965
5.51,0.00025847
5.515,0.0002573
5.52,0.00025614
5.525,0.00025498
5.53,0.00025383
5.535,0.00025269
5.54,0.00025155
5.545,0.00025042
5.55,0.00024929
5.555,0.00024817
5.56,0.00024706
5.565,0.00024595
5.57,0.00024485
5.575,0.00024376
5.58,0.00024267
5.585,0.00024158
5.59,0.00024051
5.595,0.00023943
5.6,0.00023837
5.605,0.00023731
5.61,0.00023625
5.615,0.0002352
5.62,0.00023416
5.625,0.00023312
5.63,0.00023209
5.635,0.00023106
5.64,0.00023004
5.645,0.00022902
5.65,0.00022801
5.655,0.000227
5.66,0.000226
5.665,0.00022501
5.67,0.00022402
5.675,0.00022303
5.68,0.00022205
5.685,0.00022108
5.69,0.00022011
5.695,0.00021915
5.7,0.00021819
5.705,0.00021723
5.71,0.00021628
5.715,0.00021534
5.72,0.0002144
5.725,0.00021347
5.73,0.00021254
5.735,0.00021161
5.74,0.00021069
5.745,0.00020978
5.75,0.00020887
5.755,0.00020796
5.76,0.00020706
5.765,0.00020617
5.77,0.00020527
5.775,0.00020439
5.78,0.00020351
5.785,0.00020263
5.79,0.00020176
5.795,0.00020089
5.8,0.00020002
5.805,0.00019916
5.81,0.00019831
5.815,0.00019746
5.82,0.00019661
5.825,0.00019577
5.83,0.00019493
5.835,0.0001941
5.84,0.00019327
5.845,0.00019244
5.85,0.00019162
5.855,0.00019081
5.86,0.00018999
5.865,0.00018919
5.87,0.00018838
5.875,0.00018758
5.88,0.00018679
5.885,0.00018599
5.89,0.00018521
5.895,0.00018442
5.9,0.00018364
5.905,0.00018287
5.91,0.00018209
5.915,0.00018133
5.92,0.00018056
5.925,0.0001798
5.93,0.00017905
5.935,0.00017829
5.94,0.00017754
5.945,0.0001768
5.95,0.00017606
5.955,0.00017532
5.96,0.00017459
5.965,0.00017386
5.97,0.00017313
5.975,0.00017241
5.98,0.00017169
5.985,0.00017097
5.99,0.00017026
5.995,0.00016955
6,0.00016885
6.005,0.00016814
6.01,0.00016745
6.015,0.00016675
6.02,0.00016606
6.025,0.00016537
6.03,0.00016469
6.035,0.00016401
6.04,0.00016333
6.045,0.00016266
6.05,0.00016199
6.055,0.00016132
6.06,0.00016065
6.065,0.00015999
6.07,0.00015934
6.075,0.00015868
6.08,0.00015803
6.085,0.00015738
6.09,0.00015674
6.095,0.0001561
6.1,0.00015546
6.105,0.00015482
6.11,0.00015419
6.115,0.00015356
6.12,0.00015293
6.125,0.00015231
6.13,0.00015169
6.135,0.00015107
6.14,0.00015046
6.145,0.00014985
6.15,0.00014924
6.155,0.00014864
6.16,0.00014803
6.165,0.00014744
6.17,0.00014684
6.175,0.00014625
6.18,0.00014566
6.185,0.00014507
6.19,0.00014448
6.195,0.0001439
6.2,0.00014332
6.205,0.00014275
6.21,0.00014217
6.215,0.0001416
6.22,0.00014103
6.225,0.00014047
6.23,0.00013991
6.235,0.00013935
6.24,0.00013879
6.245,0.00013823
6.25,0.00013768
6.255,0.00013713
6.26,0.00013659
6.265,0.00013604
6.27,0.0001355
6.275,0.00013496
6.28,0.00013443
