0,0
0.005,0
0.01,0
0.015,0
0.02,0
0.025,0
0.03,0
0.035,0
0.04,0
0.045,0
0.05,0
0.055,0
0.06,0
0.065,0
0.07,0
0.075,0
0.08,0
0.085,0
0.09,0
0.095,0
0.1,0
0.105,0
0.11,0
0.115,0
0.12,1.8975e-275
0.125,1.8749e-233
0.13,4.329e-199
0.135,9.3671e-171
0.14,3.1798e-147
0.145,1.4869e-127
0.15,5.1953e-111
0.155,5.1147e-097
0.16,4.0565e-085
0.165,5.9899e-075
0.17,3.2273e-066
0.175,1.093e-058
0.18,3.6221e-052
0.185,1.6872e-046
0.19,1.4882e-041
0.195,3.1811e-037
0.2,2.0227e-033
0.205,4.5408e-030
0.21,4.1551e-027
0.215,1.7495e-024
0.22,3.7553e-022
0.225,4.4832e-020
0.23,3.2063e-018
0.235,1.4638e-016
0.24,4.5051e-015
0.245,9.797e-014
0.25,1.5677e-012
0.255,1.9122e-011
0.26,1.8329e-010
0.265,1.418e-009
0.27,9.0629e-009
0.275,4.8837e-008
0.28,2.2589e-007
0.285,9.1114e-007
0.29,3.2496e-006
0.295,1.0375e-005
0.3,2.9976e-005
0.305,7.9141e-005
0.31,0.00019258
0.315,0.00043521
0.32,0.00091976
0.325,0.0018289
0.33,0.0034404
0.335,0.0061531
0.34,0.010509
0.345,0.017208
0.35,0.027111
0.355,0.041235
0.36,0.060719
0.365,0.086794
0.37,0.12073
0.375,0.16377
0.38,0.21708
0.385,0.28168
0.39,0.3584
0.395,0.44783
0.4,0.55027
0.405,0.66576
0.41,0.79406
0.415,0.93464
0.42,1.0868
0.425,1.2495
0.43,1.4218
0.435,1.6027
0.44,1.7911
0.445,1.9863
0.45,2.1877
0.455,2.3954
0.46,2.6101
0.465,2.833
0.47,3.0666
0.475,3.3142
0.48,3.5805
0.485,3.8716
0.49,4.1947
0.495,4.5588
0.5,4.9738
0.505,5.451
0.51,6.0021
0.515,6.6385
0.52,7.3694
0.525,8.2006
0.53,9.1308
0.535,10.149
0.54,11.23
0.545,12.334
0.55,13.405
0.555,14.374
0.56,15.169
0.565,15.72
0.57,15.977
0.575,15.943
0.58,15.704
0.585,15.281
0.59,14.701
0.595,13.996
0.6,13.203
0.605,12.358
0.61,11.495
0.615,10.642
0.62,9.8207
0.625,9.048
0.63,8.3337
0.635,7.6832
0.64,7.0979
0.645,6.5762
0.65,6.1148
0.655,5.709
0.66,5.3534
0.665,5.0427
0.67,4.7713
0.675,4.5342
0.68,4.3266
0.685,4.1442
0.69,3.9833
0.695,3.8403
0.7,3.7124
0.705,3.597
0.71,3.492
0.715,3.3956
0.72,3.3061
0.725,3.2224
0.73,3.1434
0.735,3.0682
0.74,2.9962
0.745,2.927
0.75,2.8599
0.755,2.7949
0.76,2.7316
0.765,2.6698
0.77,2.6094
0.775,2.5504
0.78,2.4926
0.785,2.436
0.79,2.3806
0.795,2.3263
0.8,2.2732
0.805,2.2211
0.81,2.1702
0.815,2.1203
0.82,2.0715
0.825,2.0238
0.83,1.9771
0.835,1.9315
0.84,1.8868
0.845,1.8432
0.85,1.8006
0.855,1.7589
0.86,1.7183
0.865,1.6785
0.87,1.6397
0.875,1.6018
0.88,1.5648
0.885,1.5287
0.89,1.4935
0.895,1.4591
0.9,1.4255
0.905,1.3928
0.91,1.3608
0.915,1.3296
0.92,1.2992
0.925,1.2695
0.93,1.2406
0.935,1.2123
0.94,1.1848
0.945,1.1579
0.95,1.1317
0.955,1.1062
0.96,1.0812
0.965,1.0569
0.97,1.0332
0.975,1.0101
0.98,0.98751
0.985,0.96551
0.99,0.94405
0.995,0.92312
1,0.90271
1.005,0.8828
1.01,0.86338
1.015,0.84443
1.02,0.82596
1.025,0.80793
1.03,0.79035
1.035,0.7732
1.04,0.75647
1.045,0.74015
1.05,0.72422
1.055,0.70868
1.06,0.69352
1.065,0.67873
1.07,0.6643
1.075,0.65021
1.08,0.63647
1.085,0.62305
1.09,0.60996
1.095,0.59719
1.1,0.58472
1.105,0.57254
1.11,0.56066
1.115,0.54906
1.12,0.53774
1.125,0.52668
1.13,0.51589
1.135,0.50534
1.14,0.49505
1.145,0.485
1.15,0.47519
1.155,0.4656
1.16,0.45624
1.165,0.44709
1.17,0.43816
1.175,0.42943
1.18,0.42091
1.185,0.41258
1.19,0.40444
1.195,0.39649
1.2,0.38871
1.205,0.38112
1.21,0.3737
1.215,0.36645
1.22,0.35936
1.225,0.35243
1.23,0.34565
1.235,0.33903
1.24,0.33255
1.245,0.32622
1.25,0.32003
1.255,0.31398
1.26,0.30806
1.265,0.30227
1.27,0.29661
1.275,0.29107
1.28,0.28566
1.285,0.28036
1.29,0.27517
1.295,0.2701
1.3,0.26514
1.305,0.26028
1.31,0.25553
1.315,0.25088
1.32,0.24633
1.325,0.24188
1.33,0.23752
1.335,0.23325
1.34,0.22908
1.345,0.22499
1.35,0.22099
1.355,0.21707
1.36,0.21323
1.365,0.20947
1.37,0.20579
1.375,0.20219
1.38,0.19866
1.385,0.1952
1.39,0.19181
1.395,0.1885
1.4,0.18525
1.405,0.18206
1.41,0.17895
1.415,0.17589
1.42,0.1729
1.425,0.16996
1.43,0.16709
1.435,0.16427
1.44,0.16151
1.445,0.1588
1.45,0.15614
1.455,0.15354
1.46,0.15099
1.465,0.14849
1.47,0.14604
1.475,0.14364
1.48,0.14128
1.485,0.13897
1.49,0.13671
1.495,0.13448
1.5,0.1323
1.505,0.13017
1.51,0.12807
1.515,0.12601
1.52,0.12399
1.525,0.12201
1.53,0.12007
1.535,0.11817
1.54,0.1163
1.545,0.11446
1.55,0.11266
1.555,0.1109
1.56,0.10916
1.565,0.10746
1.57,0.10579
1.575,0.10415
1.58,0.10254
1.585,0.10096
1.59,0.099408
1.595,0.097885
1.6,0.09639
1.605,0.094922
1.61,0.09348
1.615,0.092065
1.62,0.090675
1.625,0.089309
1.63,0.087969
1.635,0.086652
1.64,0.085358
1.645,0.084087
1.65,0.082839
1.655,0.081613
1.66,0.080409
1.665,0.079225
1.67,0.078062
1.675,0.07692
1.68,0.075797
1.685,0.074694
1.69,0.07361
1.695,0.072545
1.7,0.071498
1.705,0.070468
1.71,0.069457
1.715,0.068463
1.72,0.067485
1.725,0.066525
1.73,0.06558
1.735,0.064652
1.74,0.063739
1.745,0.062842
1.75,0.061959
1.755,0.061091
1.76,0.060238
1.765,0.059399
1.77,0.058574
1.775,0.057762
1.78,0.056964
1.785,0.056179
1.79,0.055407
1.795,0.054647
1.8,0.0539
1.805,0.053165
1.81,0.052442
1.815,0.051731
1.82,0.051031
1.825,0.050343
1.83,0.049665
1.835,0.048998
1.84,0.048342
1.845,0.047697
1.85,0.047062
1.855,0.046436
1.86,0.045821
1.865,0.045216
1.87,0.04462
1.875,0.044033
1.88,0.043456
1.885,0.042887
1.89,0.042327
1.895,0.041777
1.9,0.041234
1.905,0.0407
1.91,0.040175
1.915,0.039657
1.92,0.039147
1.925,0.038646
1.93,0.038151
1.935,0.037665
1.94,0.037185
1.945,0.036713
1.95,0.036249
1.955,0.035791
1.96,0.03534
1.965,0.034896
1.97,0.034458
1.975,0.034027
1.98,0.033603
1.985,0.033185
1.99,0.032773
1.995,0.032367
2,0.031967
2.005,0.031573
2.01,0.031185
2.015,0.030802
2.02,0.030425
2.025,0.030054
2.03,0.029688
2.035,0.029327
2.04,0.028972
2.045,0.028622
2.05,0.028276
2.055,0.027936
2.06,0.027601
2.065,0.02727
2.07,0.026944
2.075,0.026623
2.08,0.026306
2.085,0.025994
2.09,0.025686
2.095,0.025383
2.1,0.025084
2.105,0.024789
2.11,0.024498
2.115,0.024212
2.12,0.023929
2.125,0.02365
2.13,0.023375
2.135,0.023104
2.14,0.022837
2.145,0.022573
2.15,0.022314
2.155,0.022057
2.16,0.021804
2.165,0.021555
2.17,0.021309
2.175,0.021066
2.18,0.020827
2.185,0.020591
2.19,0.020358
2.195,0.020128
2.2,0.019901
2.205,0.019678
2.21,0.019457
2.215,0.01924
2.22,0.019025
2.225,0.018813
2.23,0.018604
2.235,0.018398
2.24,0.018194
2.245,0.017993
2.25,0.017795
2.255,0.017599
2.26,0.017406
2.265,0.017216
2.27,0.017028
2.275,0.016842
2.28,0.016659
2.285,0.016478
2.29,0.0163
2.295,0.016124
2.3,0.01595
2.305,0.015778
2.31,0.015609
2.315,0.015442
2.32,0.015277
2.325,0.015114
2.33,0.014953
2.335,0.014794
2.34,0.014637
2.345,0.014482
2.35,0.01433
2.355,0.014179
2.36,0.01403
2.365,0.013882
2.37,0.013737
2.375,0.013594
2.38,0.013452
2.385,0.013312
2.39,0.013174
2.395,0.013037
2.4,0.012902
2.405,0.012769
2.41,0.012638
2.415,0.012508
2.42,0.01238
2.425,0.012253
2.43,0.012128
2.435,0.012004
2.44,0.011882
2.445,0.011761
2.45,0.011642
2.455,0.011524
2.46,0.011408
2.465,0.011293
2.47,0.01118
2.475,0.011068
2.48,0.010957
2.485,0.010847
2.49,0.010739
2.495,0.010632
2.5,0.010527
2.505,0.010422
2.51,0.010319
2.515,0.010217
2.52,0.010117
2.525,0.010017
2.53,0.0099187
2.535,0.0098215
2.54,0.0097255
2.545,0.0096306
2.55,0.0095367
2.555,0.009444
2.56,0.0093524
2.565,0.0092618
2.57,0.0091723
2.575,0.0090838
2.58,0.0089963
2.585,0.0089099
2.59,0.0088244
2.595,0.0087399
2.6,0.0086564
2.605,0.0085738
2.61,0.0084922
2.615,0.0084115
2.62,0.0083317
2.625,0.0082529
2.63,0.0081749
2.635,0.0080978
2.64,0.0080216
2.645,0.0079462
2.65,0.0078717
2.655,0.007798
2.66,0.0077251
2.665,0.0076531
2.67,0.0075818
2.675,0.0075114
2.68,0.0074417
2.685,0.0073728
2.69,0.0073047
2.695,0.0072373
2.7,0.0071707
2.705,0.0071048
2.71,0.0070396
2.715,0.0069752
2.72,0.0069114
2.725,0.0068484
2.73,0.006786
2.735,0.0067243
2.74,0.0066633
2.745,0.006603
2.75,0.0065433
2.755,0.0064842
2.76,0.0064258
2.765,0.006368
2.77,0.0063109
2.775,0.0062543
2.78,0.0061984
2.785,0.006143
2.79,0.0060883
2.795,0.0060341
2.8,0.0059805
2.805,0.0059275
2.81,0.005875
2.815,0.0058231
2.82,0.0057718
2.825,0.005721
2.83,0.0056707
2.835,0.0056209
2.84,0.0055717
2.845,0.005523
2.85,0.0054748
2.855,0.0054271
2.86,0.0053799
2.865,0.0053332
2.87,0.005287
2.875,0.0052412
2.88,0.005196
2.885,0.0051512
2.89,0.0051068
2.895,0.0050629
2.9,0.0050195
2.905,0.0049765
2.91,0.004934
2.915,0.0048919
2.92,0.0048502
2.925,0.004809
2.93,0.0047681
2.935,0.0047277
2.94,0.0046877
2.945,0.0046481
2.95,0.0046089
2.955,0.0045701
2.96,0.0045317
2.965,0.0044936
2.97,0.004456
2.975,0.0044187
2.98,0.0043818
2.985,0.0043453
2.99,0.0043091
2.995,0.0042733
3,0.0042379
3.005,0.0042028
3.01,0.004168
3.015,0.0041336
3.02,0.0040996
3.025,0.0040659
3.03,0.0040325
3.035,0.0039994
3.04,0.0039667
3.045,0.0039342
3.05,0.0039021
3.055,0.0038703
3.06,0.0038389
3.065,0.0038077
3.07,0.0037768
3.075,0.0037463
3.08,0.003716
3.085,0.003686
3.09,0.0036563
3.095,0.0036269
3.1,0.0035978
3.105,0.0035689
3.11,0.0035404
3.115,0.0035121
3.12,0.0034841
3.125,0.0034563
3.13,0.0034288
3.135,0.0034016
3.14,0.0033746
3.145,0.0033479
3.15,0.0033215
3.155,0.0032953
3.16,0.0032693
3.165,0.0032436
3.17,0.0032181
3.175,0.0031929
3.18,0.0031679
3.185,0.0031431
3.19,0.0031186
3.195,0.0030943
3.2,0.0030702
3.205,0.0030464
3.21,0.0030227
3.215,0.0029993
3.22,0.0029761
3.225,0.0029532
3.23,0.0029304
3.235,0.0029078
3.24,0.0028855
3.245,0.0028634
3.25,0.0028414
3.255,0.0028197
3.26,0.0027981
3.265,0.0027768
3.27,0.0027557
3.275,0.0027347
3.28,0.0027139
3.285,0.0026934
3.29,0.002673
3.295,0.0026528
3.3,0.0026328
3.305,0.0026129
3.31,0.0025933
3.315,0.0025738
3.32,0.0025545
3.325,0.0025354
3.33,0.0025164
3.335,0.0024976
3.34,0.002479
3.345,0.0024605
3.35,0.0024422
3.355,0.0024241
3.36,0.0024061
3.365,0.0023883
3.37,0.0023707
3.375,0.0023532
3.38,0.0023358
3.385,0.0023187
3.39,0.0023016
3.395,0.0022847
3.4,0.002268
3.405,0.0022514
3.41,0.002235
3.415,0.0022187
3.42,0.0022025
3.425,0.0021865
3.43,0.0021706
3.435,0.0021549
3.44,0.0021393
3.445,0.0021238
3.45,0.0021085
3.455,0.0020933
3.46,0.0020782
3.465,0.0020633
3.47,0.0020484
3.475,0.0020338
3.48,0.0020192
3.485,0.0020048
3.49,0.0019905
3.495,0.0019763
3.5,0.0019622
3.505,0.0019483
3.51,0.0019344
3.515,0.0019207
3.52,0.0019071
3.525,0.0018937
3.53,0.0018803
3.535,0.001867
3.54,0.0018539
3.545,0.0018409
3.55,0.001828
3.555,0.0018151
3.56,0.0018024
3.565,0.0017898
3.57,0.0017774
3.575,0.001765
3.58,0.0017527
3.585,0.0017405
3.59,0.0017284
3.595,0.0017164
3.6,0.0017046
3.605,0.0016928
3.61,0.0016811
3.615,0.0016695
3.62,0.001658
3.625,0.0016466
3.63,0.0016353
3.635,0.0016241
3.64,0.001613
3.645,0.001602
3.65,0.001591
3.655,0.0015802
3.66,0.0015694
3.665,0.0015588
3.67,0.0015482
3.675,0.0015377
3.68,0.0015273
3.685,0.0015169
3.69,0.0015067
3.695,0.0014965
3.7,0.0014865
3.705,0.0014765
3.71,0.0014665
3.715,0.0014567
3.72,0.001447
3.725,0.0014373
3.73,0.0014277
3.735,0.0014181
3.74,0.0014087
3.745,0.0013993
3.75,0.00139
3.755,0.0013808
3.76,0.0013716
3.765,0.0013626
3.77,0.0013536
3.775,0.0013446
3.78,0.0013358
3.785,0.001327
3.79,0.0013182
3.795,0.0013096
3.8,0.001301
3.805,0.0012925
3.81,0.001284
3.815,0.0012756
3.82,0.0012673
3.825,0.0012591
3.83,0.0012509
3.835,0.0012427
3.84,0.0012347
3.845,0.0012267
3.85,0.0012187
3.855,0.0012108
3.86,0.001203
3.865,0.0011953
3.87,0.0011876
3.875,0.0011799
3.88,0.0011723
3.885,0.0011648
3.89,0.0011574
3.895,0.00115
3.9,0.0011426
3.905,0.0011353
3.91,0.0011281
3.915,0.0011209
3.92,0.0011138
3.925,0.0011067
3.93,0.0010997
3.935,0.0010927
3.94,0.0010858
3.945,0.0010789
3.95,0.0010721
3.955,0.0010654
3.96,0.0010587
3.965,0.001052
3.97,0.0010454
3.975,0.0010389
3.98,0.0010323
3.985,0.0010259
3.99,0.0010195
3.995,0.0010131
4,0.0010068
4.005,0.0010005
4.01,0.00099432
4.015,0.00098814
4.02,0.00098202
4.025,0.00097593
4.03,0.0009699
4.035,0.00096391
4.04,0.00095796
4.045,0.00095205
4.05,0.00094619
4.055,0.00094038
4.06,0.0009346
4.065,0.00092887
4.07,0.00092318
4.075,0.00091754
4.08,0.00091193
4.085,0.00090636
4.09,0.00090084
4.095,0.00089536
4.1,0.00088991
4.105,0.00088451
4.11,0.00087914
4.115,0.00087382
4.12,0.00086853
4.125,0.00086328
4.13,0.00085807
4.135,0.00085289
4.14,0.00084776
4.145,0.00084266
4.15,0.0008376
4.155,0.00083257
4.16,0.00082758
4.165,0.00082263
4.17,0.00081771
4.175,0.00081283
4.18,0.00080798
4.185,0.00080317
4.19,0.00079839
4.195,0.00079364
4.2,0.00078893
4.205,0.00078425
4.21,0.00077961
4.215,0.000775
4.22,0.00077042
4.225,0.00076587
4.23,0.00076136
4.235,0.00075687
4.24,0.00075242
4.245,0.000748
4.25,0.00074362
4.255,0.00073926
4.26,0.00073493
4.265,0.00073064
4.27,0.00072637
4.275,0.00072213
4.28,0.00071793
4.285,0.00071375
4.29,0.0007096
4.295,0.00070548
4.3,0.00070139
4.305,0.00069733
4.31,0.00069329
4.315,0.00068929
4.32,0.00068531
4.325,0.00068136
4.33,0.00067743
4.335,0.00067354
4.34,0.00066967
4.345,0.00066582
4.35,0.00066201
4.355,0.00065822
4.36,0.00065445
4.365,0.00065071
4.37,0.000647
4.375,0.00064331
4.38,0.00063965
4.385,0.00063601
4.39,0.0006324
4.395,0.00062881
4.4,0.00062525
4.405,0.00062171
4.41,0.00061819
4.415,0.0006147
4.42,0.00061123
4.425,0.00060779
4.43,0.00060437
4.435,0.00060097
4.44,0.0005976
4.445,0.00059424
4.45,0.00059091
4.455,0.0005876
4.46,0.00058432
4.465,0.00058106
4.47,0.00057781
4.475,0.00057459
4.48,0.0005714
4.485,0.00056822
4.49,0.00056506
4.495,0.00056193
4.5,0.00055881
4.505,0.00055572
4.51,0.00055265
4.515,0.0005496
4.52,0.00054656
4.525,0.00054355
4.53,0.00054056
4.535,0.00053759
4.54,0.00053463
4.545,0.0005317
4.55,0.00052878
4.555,0.00052589
4.56,0.00052301
4.565,0.00052016
4.57,0.00051732
4.575,0.0005145
4.58,0.0005117
4.585,0.00050891
4.59,0.00050615
4.595,0.0005034
4.6,0.00050067
4.605,0.00049796
4.61,0.00049527
4.615,0.00049259
4.62,0.00048993
4.625,0.00048729
4.63,0.00048466
4.635,0.00048206
4.64,0.00047946
4.645,0.00047689
4.65,0.00047433
4.655,0.00047179
4.66,0.00046927
4.665,0.00046676
4.67,0.00046426
4.675,0.00046179
4.68,0.00045933
4.685,0.00045688
4.69,0.00045445
4.695,0.00045204
4.7,0.00044964
4.705,0.00044725
4.71,0.00044489
4.715,0.00044253
4.72,0.00044019
4.725,0.00043787
4.73,0.00043556
4.735,0.00043327
4.74,0.00043099
4.745,0.00042872
4.75,0.00042647
4.755,0.00042423
4.76,0.00042201
4.765,0.0004198
4.77,0.00041761
4.775,0.00041543
4.78,0.00041326
4.785,0.0004111
4.79,0.00040896
4.795,0.00040684
4.8,0.00040472
4.805,0.00040262
4.81,0.00040053
4.815,0.00039846
4.82,0.0003964
4.825,0.00039435
4.83,0.00039231
4.835,0.00039029
4.84,0.00038827
4.845,0.00038628
4.85,0.00038429
4.855,0.00038231
4.86,0.00038035
4.865,0.0003784
4.87,0.00037646
4.875,0.00037454
4.88,0.00037262
4.885,0.00037072
4.89,0.00036883
4.895,0.00036695
4.9,0.00036508
4.905,0.00036323
4.91,0.00036138
4.915,0.00035955
4.92,0.00035772
4.925,0.00035591
4.93,0.00035411
4.935,0.00035232
4.94,0.00035054
4.945,0.00034877
4.95,0.00034702
4.955,0.00034527
4.96,0.00034353
4.965,0.00034181
4.97,0.00034009
4.975,0.00033838
4.98,0.00033669
4.985,0.00033501
4.99,0.00033333
4.995,0.00033167
5,0.00033001
5.005,0.00032837
5.01,0.00032673
5.015,0.00032511
5.02,0.00032349
5.025,0.00032188
5.03,0.00032029
5.035,0.0003187
5.04,0.00031712
5.045,0.00031556
5.05,0.000314
5.055,0.00031245
5.06,0.00031091
5.065,0.00030938
5.07,0.00030785
5.075,0.00030634
5.08,0.00030484
5.085,0.00030334
5.09,0.00030185
5.095,0.00030038
5.1,0.00029891
5.105,0.00029745
5.11,0.00029599
5.115,0.00029455
5.12,0.00029311
5.125,0.00029169
5.13,0.00029027
5.135,0.00028886
5.14,0.00028746
5.145,0.00028606
5.15,0.00028468
5.155,0.0002833
5.16,0.00028193
5.165,0.00028057
5.17,0.00027921
5.175,0.00027787
5.18,0.00027653
5.185,0.0002752
5.19,0.00027388
5.195,0.00027256
5.2,0.00027125
5.205,0.00026995
5.21,0.00026866
5.215,0.00026738
5.22,0.0002661
5.225,0.00026483
5.23,0.00026356
5.235,0.00026231
5.24,0.00026106
5.245,0.00025982
5.25,0.00025858
5.255,0.00025735
5.26,0.00025613
5.265,0.00025492
5.27,0.00025371
5.275,0.00025251
5.28,0.00025132
5.285,0.00025013
5.29,0.00024895
5.295,0.00024778
5.3,0.00024661
5.305,0.00024545
5.31,0.0002443
5.315,0.00024315
5.32,0.00024201
5.325,0.00024088
5.33,0.00023975
5.335,0.00023863
5.34,0.00023752
5.345,0.00023641
5.35,0.00023531
5.355,0.00023421
5.36,0.00023312
5.365,0.00023203
5.37,0.00023096
5.375,0.00022988
5.38,0.00022882
5.385,0.00022776
5.39,0.0002267
5.395,0.00022566
5.4,0.00022461
5.405,0.00022358
5.41,0.00022254
5.415,0.00022152
5.42,0.0002205
5.425,0.00021949
5.43,0.00021848
5.435,0.00021747
5.44,0.00021648
5.445,0.00021548
5.45,0.0002145
5.455,0.00021352
5.46,0.00021254
5.465,0.00021157
5.47,0.00021061
5.475,0.00020965
5.48,0.00020869
5.485,0.00020774
5.49,0.0002068
5.495,0.00020586
5.5,0.00020492
5.505,0.000204
5.51,0.00020307
5.515,0.00020215
5.52,0.00020124
5.525,0.00020033
5.53,0.00019943
5.535,0.00019853
5.54,0.00019763
5.545,0.00019674
5.55,0.00019586
5.555,0.00019498
5.56,0.0001941
5.565,0.00019323
5.57,0.00019237
5.575,0.00019151
5.58,0.00019065
5.585,0.0001898
5.59,0.00018895
5.595,0.00018811
5.6,0.00018727
5.605,0.00018644
5.61,0.00018561
5.615,0.00018478
5.62,0.00018396
5.625,0.00018315
5.63,0.00018234
5.635,0.00018153
5.64,0.00018072
5.645,0.00017993
5.65,0.00017913
5.655,0.00017834
5.66,0.00017755
5.665,0.00017677
5.67,0.00017599
5.675,0.00017522
5.68,0.00017445
5.685,0.00017369
5.69,0.00017292
5.695,0.00017217
5.7,0.00017141
5.705,0.00017066
5.71,0.00016992
5.715,0.00016917
5.72,0.00016844
5.725,0.0001677
5.73,0.00016697
5.735,0.00016625
5.74,0.00016552
5.745,0.0001648
5.75,0.00016409
5.755,0.00016338
5.76,0.00016267
5.765,0.00016197
5.77,0.00016126
5.775,0.00016057
5.78,0.00015987
5.785,0.00015919
5.79,0.0001585
5.795,0.00015782
5.8,0.00015714
5.805,0.00015646
5.81,0.00015579
5.815,0.00015512
5.82,0.00015446
5.825,0.00015379
5.83,0.00015314
5.835,0.00015248
5.84,0.00015183
5.845,0.00015118
5.85,0.00015054
5.855,0.0001499
5.86,0.00014926
5.865,0.00014862
5.87,0.00014799
5.875,0.00014736
5.88,0.00014674
5.885,0.00014611
5.89,0.00014549
5.895,0.00014488
5.9,0.00014427
5.905,0.00014366
5.91,0.00014305
5.915,0.00014245
5.92,0.00014185
5.925,0.00014125
5.93,0.00014065
5.935,0.00014006
5.94,0.00013947
5.945,0.00013889
5.95,0.00013831
5.955,0.00013773
5.96,0.00013715
5.965,0.00013658
5.97,0.000136
5.975,0.00013544
5.98,0.00013487
5.985,0.00013431
5.99,0.00013375
5.995,0.00013319
6,0.00013264
6.005,0.00013209
6.01,0.00013154
6.015,0.00013099
6.02,0.00013045
6.025,0.00012991
6.03,0.00012937
6.035,0.00012884
6.04,0.0001283
6.045,0.00012778
6.05,0.00012725
6.055,0.00012672
6.06,0.0001262
6.065,0.00012568
6.07,0.00012517
6.075,0.00012465
6.08,0.00012414
6.085,0.00012363
6.09,0.00012312
6.095,0.00012262
6.1,0.00012212
6.105,0.00012162
6.11,0.00012112
6.115,0.00012063
6.12,0.00012014
6.125,0.00011965
6.13,0.00011916
6.135,0.00011867
6.14,0.00011819
6.145,0.00011771
6.15,0.00011723
6.155,0.00011676
6.16,0.00011629
6.165,0.00011582
6.17,0.00011535
6.175,0.00011488
6.18,0.00011442
6.185,0.00011395
6.19,0.0001135
6.195,0.00011304
6.2,0.00011258
6.205,0.00011213
6.21,0.00011168
6.215,0.00011123
6.22,0.00011078
6.225,0.00011034
6.23,0.0001099
6.235,0.00010946
6.24,0.00010902
6.245,0.00010859
6.25,0.00010815
6.255,0.00010772
6.26,0.00010729
6.265,0.00010686
6.27,0.00010644
6.275,0.00010601
6.28,0.00010559
