0,0
0.005,0
0.01,0
0.015,0
0.02,0
0.025,0
0.03,0
0.035,0
0.04,0
0.045,0
0.05,0
0.055,0
0.06,0
0.065,0
0.07,0
0.075,0
0.08,0
0.085,0
0.09,0
0.095,0
0.1,0
0.105,0
0.11,0
0.115,0
0.12,0
0.125,0
0.13,0
0.135,0
0.14,0
0.145,0
0.15,0
0.155,0
0.16,0
0.165,0
0.17,0
0.175,0
0.18,0
0.185,0
0.19,0
0.195,0
0.2,0
0.205,0
0.21,0
0.215,0
0.22,0
0.225,0
0.23,0
0.235,0
0.24,0
0.245,0
0.25,0
0.255,0
0.26,0
0.265,0
0.27,0
0.275,0
0.28,0
0.285,0
0.29,0
0.295,0
0.3,0
0.305,0
0.31,0
0.315,0
0.32,0
0.325,0
0.33,0
0.335,0
0.34,0
0.345,0
0.35,0
0.355,0
0.36,0
0.365,0
0.37,0
0.375,0
0.38,0
0.385,0
0.39,0
0.395,0
0.4,0
0.405,0
0.41,0
0.415,0
0.42,0
0.425,0
0.43,0
0.435,0
0.44,0
0.445,0
0.45,0
0.455,0
0.46,0
0.465,0
0.47,0
0.475,0
0.48,0
0.485,0
0.49,0
0.495,0
0.5,0
0.505,0
0.51,2.3924e-312
0.515,2.262e-300
0.52,5.779e-289
0.525,4.2948e-278
0.53,9.9473e-268
0.535,7.6583e-258
0.54,2.0818e-248
0.545,2.1144e-239
0.55,8.4601e-231
0.555,1.4015e-222
0.56,1.0071e-214
0.565,3.2798e-207
0.57,5.0439e-200
0.575,3.8073e-193
0.58,1.4628e-186
0.585,2.9601e-180
0.59,3.2583e-174
0.595,2.0109e-168
0.6,7.1603e-163
0.605,1.5112e-157
0.61,1.939e-152
0.615,1.5493e-147
0.62,7.8854e-143
0.625,2.6118e-138
0.63,5.7448e-134
0.635,8.5531e-130
0.64,8.777e-126
0.645,6.315e-122
0.65,3.2378e-118
0.655,1.2013e-114
0.66,3.2723e-111
0.665,6.6358e-108
0.67,1.0149e-104
0.675,1.1854e-101
0.68,1.0697e-098
0.685,7.5428e-096
0.69,4.2002e-093
0.695,1.8658e-090
0.7,6.6749e-088
0.705,1.9409e-085
0.71,4.6272e-083
0.715,9.119e-081
0.72,1.4973e-078
0.725,2.0637e-076
0.73,2.4048e-074
0.735,2.3852e-072
0.74,2.0269e-070
0.745,1.4847e-068
0.75,9.4301e-067
0.755,5.2229e-065
0.76,2.536e-063
0.765,1.0851e-061
0.77,4.1109e-060
0.775,1.3856e-058
0.78,4.1733e-057
0.785,1.1281e-055
0.79,2.7476e-054
0.795,6.0538e-053
0.8,1.2111e-051
0.805,2.2079e-050
0.81,3.6804e-049
0.815,5.6279e-048
0.82,7.9193e-047
0.825,1.0286e-045
0.83,1.2366e-044
0.835,1.3799e-043
0.84,1.4331e-042
0.845,1.3887e-041
0.85,1.2585e-040
0.855,1.0693e-039
0.86,8.5355e-039
0.865,6.4157e-038
0.87,4.55e-037
0.875,3.0507e-036
0.88,1.9375e-035
0.885,1.1676e-034
0.89,6.6891e-034
0.895,3.6489e-033
0.9,1.8984e-032
0.905,9.4351e-032
0.91,4.486e-031
0.915,2.0435e-030
0.92,8.9303e-030
0.925,3.7492e-029
0.93,1.5141e-028
0.935,5.8889e-028
0.94,2.2086e-027
0.945,7.9961e-027
0.95,2.7978e-026
0.955,9.4709e-026
0.96,3.1049e-025
0.965,9.8676e-025
0.97,3.043e-024
0.975,9.1143e-024
0.98,2.6537e-023
0.985,7.5176e-023
0.99,2.0737e-022
0.995,5.5745e-022
1,1.4615e-021
1.005,3.7396e-021
1.01,9.346e-021
1.015,2.2829e-020
1.02,5.4539e-020
1.025,1.2752e-019
1.03,2.9196e-019
1.035,6.5503e-019
1.04,1.4408e-018
1.045,3.1092e-018
1.05,6.5853e-018
1.055,1.3698e-017
1.06,2.7995e-017
1.065,5.6245e-017
1.07,1.1114e-016
1.075,2.1609e-016
1.08,4.1359e-016
1.085,7.7961e-016
1.09,1.4479e-015
1.095,2.6504e-015
1.1,4.7838e-015
1.105,8.5174e-015
1.11,1.4964e-014
1.115,2.5952e-014
1.12,4.4445e-014
1.125,7.5188e-014
1.13,1.2568e-013
1.135,2.0766e-013
1.14,3.3925e-013
1.145,5.4815e-013
1.15,8.7622e-013
1.155,1.386e-012
1.16,2.1703e-012
1.165,3.3647e-012
1.17,5.1663e-012
1.175,7.858e-012
1.18,1.1843e-011
1.185,1.7689e-011
1.19,2.6193e-011
1.195,3.8455e-011
1.2,5.5991e-011
1.205,8.0866e-011
1.21,1.1588e-010
1.215,1.6477e-010
1.22,2.3254e-010
1.225,3.258e-010
1.23,4.5321e-010
1.235,6.2606e-010
1.24,8.5898e-010
1.245,1.1708e-009
1.25,1.5854e-009
1.255,2.1334e-009
1.26,2.8531e-009
1.265,3.7927e-009
1.27,5.0121e-009
1.275,6.5858e-009
1.28,8.6051e-009
1.285,1.1182e-008
1.29,1.4454e-008
1.295,1.8585e-008
1.3,2.3775e-008
1.305,3.0264e-008
1.31,3.8336e-008
1.315,4.8332e-008
1.32,6.065e-008
1.325,7.5763e-008
1.33,9.4223e-008
1.335,1.1667e-007
1.34,1.4386e-007
1.345,1.7665e-007
1.35,2.1603e-007
1.355,2.6315e-007
1.36,3.1931e-007
1.365,3.8598e-007
1.37,4.6485e-007
1.375,5.5781e-007
1.38,6.6698e-007
1.385,7.9477e-007
1.39,9.4382e-007
1.395,1.1171e-006
1.4,1.3179e-006
1.405,1.5499e-006
1.41,1.8171e-006
1.415,2.1239e-006
1.42,2.475e-006
1.425,2.8758e-006
1.43,3.332e-006
1.435,3.8498e-006
1.44,4.4358e-006
1.445,5.0975e-006
1.45,5.8425e-006
1.455,6.6792e-006
1.46,7.6165e-006
1.465,8.6641e-006
1.47,9.8319e-006
1.475,1.1131e-005
1.48,1.2572e-005
1.485,1.4168e-005
1.49,1.5932e-005
1.495,1.7875e-005
1.5,2.0014e-005
1.505,2.2361e-005
1.51,2.4932e-005
1.515,2.7744e-005
1.52,3.0811e-005
1.525,3.4153e-005
1.53,3.7785e-005
1.535,4.1726e-005
1.54,4.5995e-005
1.545,5.0611e-005
1.55,5.5593e-005
1.555,6.096e-005
1.56,6.6735e-005
1.565,7.2936e-005
1.57,7.9586e-005
1.575,8.6704e-005
1.58,9.4313e-005
1.585,0.00010243
1.59,0.00011109
1.595,0.0001203
1.6,0.00013009
1.605,0.00014047
1.61,0.00015148
1.615,0.00016312
1.62,0.00017543
1.625,0.00018843
1.63,0.00020212
1.635,0.00021654
1.64,0.0002317
1.645,0.00024763
1.65,0.00026434
1.655,0.00028184
1.66,0.00030016
1.665,0.00031932
1.67,0.00033932
1.675,0.00036018
1.68,0.00038193
1.685,0.00040456
1.69,0.0004281
1.695,0.00045256
1.7,0.00047794
1.705,0.00050425
1.71,0.00053151
1.715,0.00055972
1.72,0.00058889
1.725,0.00061902
1.73,0.00065011
1.735,0.00068218
1.74,0.00071521
1.745,0.00074923
1.75,0.00078421
1.755,0.00082016
1.76,0.00085708
1.765,0.00089497
1.77,0.00093382
1.775,0.00097362
1.78,0.0010144
1.785,0.0010561
1.79,0.0010987
1.795,0.0011422
1.8,0.0011867
1.805,0.001232
1.81,0.0012782
1.815,0.0013254
1.82,0.0013733
1.825,0.0014221
1.83,0.0014718
1.835,0.0015222
1.84,0.0015735
1.845,0.0016255
1.85,0.0016783
1.855,0.0017318
1.86,0.0017861
1.865,0.0018411
1.87,0.0018967
1.875,0.0019531
1.88,0.0020101
1.885,0.0020677
1.89,0.0021259
1.895,0.0021848
1.9,0.0022442
1.905,0.0023042
1.91,0.0023648
1.915,0.0024259
1.92,0.0024875
1.925,0.0025496
1.93,0.0026122
1.935,0.0026753
1.94,0.0027389
1.945,0.002803
1.95,0.0028675
1.955,0.0029325
1.96,0.0029979
1.965,0.0030638
1.97,0.0031302
1.975,0.003197
1.98,0.0032643
1.985,0.0033321
1.99,0.0034004
1.995,0.0034692
2,0.0035385
2.005,0.0036083
2.01,0.0036788
2.015,0.0037498
2.02,0.0038214
2.025,0.0038938
2.03,0.0039668
2.035,0.0040405
2.04,0.0041151
2.045,0.0041905
2.05,0.0042668
2.055,0.0043441
2.06,0.0044224
2.065,0.0045017
2.07,0.0045823
2.075,0.0046641
2.08,0.0047472
2.085,0.0048318
2.09,0.0049179
2.095,0.0050056
2.1,0.005095
2.105,0.0051863
2.11,0.0052795
2.115,0.0053748
2.12,0.0054722
2.125,0.0055721
2.13,0.0056743
2.135,0.0057792
2.14,0.0058869
2.145,0.0059975
2.15,0.0061112
2.155,0.0062281
2.16,0.0063485
2.165,0.0064724
2.17,0.0066001
2.175,0.0067318
2.18,0.0068676
2.185,0.0070077
2.19,0.0071524
2.195,0.0073018
2.2,0.0074562
2.205,0.0076156
2.21,0.0077804
2.215,0.0079508
2.22,0.0081268
2.225,0.0083088
2.23,0.0084969
2.235,0.0086913
2.24,0.0088922
2.245,0.0090998
2.25,0.0093142
2.255,0.0095355
2.26,0.009764
2.265,0.0099997
2.27,0.010243
2.275,0.010493
2.28,0.010751
2.285,0.011017
2.29,0.01129
2.295,0.01157
2.3,0.011858
2.305,0.012153
2.31,0.012456
2.315,0.012765
2.32,0.013082
2.325,0.013404
2.33,0.013733
2.335,0.014068
2.34,0.014408
2.345,0.014753
2.35,0.015102
2.355,0.015454
2.36,0.01581
2.365,0.016168
2.37,0.016526
2.375,0.016886
2.38,0.017245
2.385,0.017602
2.39,0.017957
2.395,0.018308
2.4,0.018654
2.405,0.018994
2.41,0.019327
2.415,0.019651
2.42,0.019965
2.425,0.020269
2.43,0.02056
2.435,0.020837
2.44,0.0211
2.445,0.021346
2.45,0.021576
2.455,0.021787
2.46,0.021979
2.465,0.02215
2.47,0.022301
2.475,0.022429
2.48,0.022535
2.485,0.022618
2.49,0.022678
2.495,0.022714
2.5,0.022726
2.505,0.022718
2.51,0.022696
2.515,0.022658
2.52,0.022605
2.525,0.022538
2.53,0.022456
2.535,0.02236
2.54,0.02225
2.545,0.022126
2.55,0.02199
2.555,0.02184
2.56,0.021679
2.565,0.021506
2.57,0.021322
2.575,0.021128
2.58,0.020923
2.585,0.020709
2.59,0.020487
2.595,0.020256
2.6,0.020018
2.605,0.019773
2.61,0.019521
2.615,0.019264
2.62,0.019002
2.625,0.018736
2.63,0.018466
2.635,0.018193
2.64,0.017917
2.645,0.017639
2.65,0.01736
2.655,0.017079
2.66,0.016798
2.665,0.016518
2.67,0.016237
2.675,0.015958
2.68,0.01568
2.685,0.015404
2.69,0.01513
2.695,0.014858
2.7,0.014589
2.705,0.014323
2.71,0.01406
2.715,0.013801
2.72,0.013546
2.725,0.013294
2.73,0.013047
2.735,0.012803
2.74,0.012565
2.745,0.012331
2.75,0.012101
2.755,0.011876
2.76,0.011656
2.765,0.01144
2.77,0.01123
2.775,0.011024
2.78,0.010823
2.785,0.010627
2.79,0.010436
2.795,0.01025
2.8,0.010068
2.805,0.0098914
2.81,0.0097192
2.815,0.0095517
2.82,0.0093888
2.825,0.0092303
2.83,0.0090763
2.835,0.0089266
2.84,0.0087813
2.845,0.00864
2.85,0.0085029
2.855,0.0083698
2.86,0.0082407
2.865,0.0081153
2.87,0.0079937
2.875,0.0078758
2.88,0.0077614
2.885,0.0076504
2.89,0.0075428
2.895,0.0074385
2.9,0.0073374
2.905,0.0072393
2.91,0.0071442
2.915,0.0070521
2.92,0.0069627
2.925,0.0068761
2.93,0.0067921
2.935,0.0067107
2.94,0.0066317
2.945,0.0065551
2.95,0.0064809
2.955,0.0064089
2.96,0.006339
2.965,0.0062712
2.97,0.0062054
2.975,0.0061415
2.98,0.0060795
2.985,0.0060193
2.99,0.0059608
2.995,0.005904
3,0.0058488
3.005,0.0057951
3.01,0.0057429
3.015,0.0056922
3.02,0.0056428
3.025,0.0055947
3.03,0.0055479
3.035,0.0055023
3.04,0.0054579
3.045,0.0054146
3.05,0.0053723
3.055,0.0053311
3.06,0.0052909
3.065,0.0052516
3.07,0.0052132
3.075,0.0051757
3.08,0.005139
3.085,0.0051031
3.09,0.005068
3.095,0.0050336
3.1,0.0049999
3.105,0.0049668
3.11,0.0049344
3.115,0.0049026
3.12,0.0048714
3.125,0.0048408
3.13,0.0048106
3.135,0.004781
3.14,0.0047519
3.145,0.0047232
3.15,0.0046949
3.155,0.0046671
3.16,0.0046397
3.165,0.0046127
3.17,0.004586
3.175,0.0045597
3.18,0.0045338
3.185,0.0045081
3.19,0.0044828
3.195,0.0044577
3.2,0.004433
3.205,0.0044085
3.21,0.0043842
3.215,0.0043603
3.22,0.0043365
3.225,0.004313
3.23,0.0042897
3.235,0.0042666
3.24,0.0042437
3.245,0.004221
3.25,0.0041985
3.255,0.0041761
3.26,0.004154
3.265,0.004132
3.27,0.0041101
3.275,0.0040885
3.28,0.0040669
3.285,0.0040455
3.29,0.0040243
3.295,0.0040032
3.3,0.0039822
3.305,0.0039614
3.31,0.0039407
3.315,0.0039201
3.32,0.0038996
3.325,0.0038792
3.33,0.003859
3.335,0.0038389
3.34,0.0038188
3.345,0.0037989
3.35,0.0037791
3.355,0.0037594
3.36,0.0037398
3.365,0.0037203
3.37,0.0037009
3.375,0.0036816
3.38,0.0036624
3.385,0.0036433
3.39,0.0036243
3.395,0.0036053
3.4,0.0035865
3.405,0.0035677
3.41,0.0035491
3.415,0.0035305
3.42,0.0035121
3.425,0.0034937
3.43,0.0034754
3.435,0.0034572
3.44,0.003439
3.445,0.003421
3.45,0.003403
3.455,0.0033852
3.46,0.0033674
3.465,0.0033497
3.47,0.0033321
3.475,0.0033145
3.48,0.0032971
3.485,0.0032797
3.49,0.0032624
3.495,0.0032452
3.5,0.0032281
3.505,0.0032111
3.51,0.0031941
3.515,0.0031773
3.52,0.0031605
3.525,0.0031438
3.53,0.0031271
3.535,0.0031106
3.54,0.0030941
3.545,0.0030777
3.55,0.0030614
3.555,0.0030452
3.56,0.0030291
3.565,0.003013
3.57,0.002997
3.575,0.0029811
3.58,0.0029653
3.585,0.0029495
3.59,0.0029339
3.595,0.0029183
3.6,0.0029028
3.605,0.0028873
3.61,0.002872
3.615,0.0028567
3.62,0.0028415
3.625,0.0028264
3.63,0.0028113
3.635,0.0027964
3.64,0.0027815
3.645,0.0027667
3.65,0.0027519
3.655,0.0027373
3.66,0.0027227
3.665,0.0027082
3.67,0.0026937
3.675,0.0026794
3.68,0.0026651
3.685,0.0026509
3.69,0.0026367
3.695,0.0026227
3.7,0.0026087
3.705,0.0025948
3.71,0.0025809
3.715,0.0025671
3.72,0.0025535
3.725,0.0025398
3.73,0.0025263
3.735,0.0025128
3.74,0.0024994
3.745,0.0024861
3.75,0.0024728
3.755,0.0024596
3.76,0.0024465
3.765,0.0024334
3.77,0.0024204
3.775,0.0024075
3.78,0.0023947
3.785,0.0023819
3.79,0.0023692
3.795,0.0023566
3.8,0.002344
3.805,0.0023315
3.81,0.0023191
3.815,0.0023067
3.82,0.0022944
3.825,0.0022822
3.83,0.00227
3.835,0.0022579
3.84,0.0022459
3.845,0.0022339
3.85,0.0022221
3.855,0.0022102
3.86,0.0021985
3.865,0.0021868
3.87,0.0021751
3.875,0.0021635
3.88,0.002152
3.885,0.0021406
3.89,0.0021292
3.895,0.0021179
3.9,0.0021066
3.905,0.0020954
3.91,0.0020843
3.915,0.0020732
3.92,0.0020622
3.925,0.0020513
3.93,0.0020404
3.935,0.0020296
3.94,0.0020188
3.945,0.0020081
3.95,0.0019975
3.955,0.0019869
3.96,0.0019764
3.965,0.0019659
3.97,0.0019555
3.975,0.0019451
3.98,0.0019349
3.985,0.0019246
3.99,0.0019144
3.995,0.0019043
4,0.0018943
4.005,0.0018843
4.01,0.0018743
4.015,0.0018644
4.02,0.0018546
4.025,0.0018448
4.03,0.0018351
4.035,0.0018254
4.04,0.0018158
4.045,0.0018062
4.05,0.0017967
4.055,0.0017873
4.06,0.0017779
4.065,0.0017685
4.07,0.0017592
4.075,0.00175
4.08,0.0017408
4.085,0.0017317
4.09,0.0017226
4.095,0.0017135
4.1,0.0017046
4.105,0.0016956
4.11,0.0016867
4.115,0.0016779
4.12,0.0016691
4.125,0.0016604
4.13,0.0016517
4.135,0.0016431
4.14,0.0016345
4.145,0.001626
4.15,0.0016175
4.155,0.0016091
4.16,0.0016007
4.165,0.0015923
4.17,0.001584
4.175,0.0015758
4.18,0.0015676
4.185,0.0015594
4.19,0.0015513
4.195,0.0015433
4.2,0.0015353
4.205,0.0015273
4.21,0.0015194
4.215,0.0015115
4.22,0.0015037
4.225,0.0014959
4.23,0.0014881
4.235,0.0014804
4.24,0.0014728
4.245,0.0014652
4.25,0.0014576
4.255,0.0014501
4.26,0.0014426
4.265,0.0014351
4.27,0.0014277
4.275,0.0014204
4.28,0.0014131
4.285,0.0014058
4.29,0.0013986
4.295,0.0013914
4.3,0.0013842
4.305,0.0013771
4.31,0.0013701
4.315,0.001363
4.32,0.001356
4.325,0.0013491
4.33,0.0013422
4.335,0.0013353
4.34,0.0013285
4.345,0.0013217
4.35,0.0013149
4.355,0.0013082
4.36,0.0013016
4.365,0.0012949
4.37,0.0012883
4.375,0.0012818
4.38,0.0012752
4.385,0.0012687
4.39,0.0012623
4.395,0.0012559
4.4,0.0012495
4.405,0.0012432
4.41,0.0012369
4.415,0.0012306
4.42,0.0012243
4.425,0.0012181
4.43,0.001212
4.435,0.0012059
4.44,0.0011998
4.445,0.0011937
4.45,0.0011877
4.455,0.0011817
4.46,0.0011757
4.465,0.0011698
4.47,0.0011639
4.475,0.0011581
4.48,0.0011522
4.485,0.0011465
4.49,0.0011407
4.495,0.001135
4.5,0.0011293
4.505,0.0011236
4.51,0.001118
4.515,0.0011124
4.52,0.0011068
4.525,0.0011013
4.53,0.0010958
4.535,0.0010903
4.54,0.0010849
4.545,0.0010795
4.55,0.0010741
4.555,0.0010687
4.56,0.0010634
4.565,0.0010581
4.57,0.0010529
4.575,0.0010476
4.58,0.0010424
4.585,0.0010373
4.59,0.0010321
4.595,0.001027
4.6,0.0010219
4.605,0.0010169
4.61,0.0010119
4.615,0.0010069
4.62,0.0010019
4.625,0.00099695
4.63,0.00099203
4.635,0.00098715
4.64,0.00098228
4.645,0.00097745
4.65,0.00097265
4.655,0.00096787
4.66,0.00096312
4.665,0.00095839
4.67,0.00095369
4.675,0.00094902
4.68,0.00094437
4.685,0.00093975
4.69,0.00093515
4.695,0.00093058
4.7,0.00092604
4.705,0.00092152
4.71,0.00091703
4.715,0.00091256
4.72,0.00090812
4.725,0.0009037
4.73,0.0008993
4.735,0.00089493
4.74,0.00089059
4.745,0.00088626
4.75,0.00088197
4.755,0.00087769
4.76,0.00087344
4.765,0.00086922
4.77,0.00086501
4.775,0.00086083
4.78,0.00085668
4.785,0.00085254
4.79,0.00084843
4.795,0.00084434
4.8,0.00084028
4.805,0.00083623
4.81,0.00083221
4.815,0.00082821
4.82,0.00082424
4.825,0.00082028
4.83,0.00081635
4.835,0.00081244
4.84,0.00080855
4.845,0.00080468
4.85,0.00080083
4.855,0.00079701
4.86,0.0007932
4.865,0.00078942
4.87,0.00078566
4.875,0.00078191
4.88,0.00077819
4.885,0.00077449
4.89,0.00077081
4.895,0.00076715
4.9,0.0007635
4.905,0.00075988
4.91,0.00075628
4.915,0.0007527
4.92,0.00074914
4.925,0.00074559
4.93,0.00074207
4.935,0.00073856
4.94,0.00073508
4.945,0.00073161
4.95,0.00072816
4.955,0.00072474
4.96,0.00072133
4.965,0.00071793
4.97,0.00071456
4.975,0.0007112
4.98,0.00070787
4.985,0.00070455
4.99,0.00070125
4.995,0.00069797
5,0.0006947
5.005,0.00069145
5.01,0.00068822
5.015,0.00068501
5.02,0.00068181
5.025,0.00067864
5.03,0.00067548
5.035,0.00067233
5.04,0.0006692
5.045,0.00066609
5.05,0.000663
5.055,0.00065992
5.06,0.00065686
5.065,0.00065382
5.07,0.00065079
5.075,0.00064778
5.08,0.00064479
5.085,0.00064181
5.09,0.00063884
5.095,0.0006359
5.1,0.00063297
5.105,0.00063005
5.11,0.00062715
5.115,0.00062426
5.12,0.0006214
5.125,0.00061854
5.13,0.0006157
5.135,0.00061288
5.14,0.00061007
5.145,0.00060728
5.15,0.0006045
5.155,0.00060173
5.16,0.00059898
5.165,0.00059625
5.17,0.00059353
5.175,0.00059082
5.18,0.00058813
5.185,0.00058545
5.19,0.00058279
5.195,0.00058014
5.2,0.00057751
5.205,0.00057489
5.21,0.00057228
5.215,0.00056968
5.22,0.0005671
5.225,0.00056454
5.23,0.00056199
5.235,0.00055945
5.24,0.00055692
5.245,0.00055441
5.25,0.00055191
5.255,0.00054942
5.26,0.00054695
5.265,0.00054449
5.27,0.00054204
5.275,0.0005396
5.28,0.00053718
5.285,0.00053477
5.29,0.00053238
5.295,0.00052999
5.3,0.00052762
5.305,0.00052526
5.31,0.00052291
5.315,0.00052058
5.32,0.00051826
5.325,0.00051595
5.33,0.00051365
5.335,0.00051136
5.34,0.00050909
5.345,0.00050682
5.35,0.00050457
5.355,0.00050233
5.36,0.0005001
5.365,0.00049789
5.37,0.00049568
5.375,0.00049349
5.38,0.00049131
5.385,0.00048914
5.39,0.00048698
5.395,0.00048483
5.4,0.00048269
5.405,0.00048056
5.41,0.00047845
5.415,0.00047634
5.42,0.00047425
5.425,0.00047217
5.43,0.00047009
5.435,0.00046803
5.44,0.00046598
5.445,0.00046394
5.45,0.00046191
5.455,0.00045989
5.46,0.00045788
5.465,0.00045588
5.47,0.00045389
5.475,0.00045191
5.48,0.00044994
5.485,0.00044799
5.49,0.00044604
5.495,0.0004441
5.5,0.00044217
5.505,0.00044025
5.51,0.00043834
5.515,0.00043644
5.52,0.00043455
5.525,0.00043267
5.53,0.0004308
5.535,0.00042894
5.54,0.00042709
5.545,0.00042524
5.55,0.00042341
5.555,0.00042159
5.56,0.00041977
5.565,0.00041797
5.57,0.00041617
5.575,0.00041438
5.58,0.0004126
5.585,0.00041083
5.59,0.00040907
5.595,0.00040732
5.6,0.00040558
5.605,0.00040384
5.61,0.00040212
5.615,0.0004004
5.62,0.00039869
5.625,0.00039699
5.63,0.0003953
5.635,0.00039362
5.64,0.00039194
5.645,0.00039028
5.65,0.00038862
5.655,0.00038697
5.66,0.00038533
5.665,0.0003837
5.67,0.00038207
5.675,0.00038045
5.68,0.00037884
5.685,0.00037724
5.69,0.00037565
5.695,0.00037407
5.7,0.00037249
5.705,0.00037092
5.71,0.00036936
5.715,0.0003678
5.72,0.00036626
5.725,0.00036472
5.73,0.00036319
5.735,0.00036166
5.74,0.00036015
5.745,0.00035864
5.75,0.00035714
5.755,0.00035565
5.76,0.00035416
5.765,0.00035268
5.77,0.00035121
5.775,0.00034974
5.78,0.00034829
5.785,0.00034684
5.79,0.00034539
5.795,0.00034396
5.8,0.00034253
5.805,0.00034111
5.81,0.00033969
5.815,0.00033828
5.82,0.00033688
5.825,0.00033549
5.83,0.0003341
5.835,0.00033272
5.84,0.00033135
5.845,0.00032998
5.85,0.00032862
5.855,0.00032726
5.86,0.00032592
5.865,0.00032457
5.87,0.00032324
5.875,0.00032191
5.88,0.00032059
5.885,0.00031927
5.89,0.00031797
5.895,0.00031666
5.9,0.00031537
5.905,0.00031408
5.91,0.00031279
5.915,0.00031152
5.92,0.00031024
5.925,0.00030898
5.93,0.00030772
5.935,0.00030647
5.94,0.00030522
5.945,0.00030398
5.95,0.00030274
5.955,0.00030151
5.96,0.00030029
5.965,0.00029907
5.97,0.00029786
5.975,0.00029665
5.98,0.00029545
5.985,0.00029426
5.99,0.00029307
5.995,0.00029189
6,0.00029071
6.005,0.00028954
6.01,0.00028837
6.015,0.00028721
6.02,0.00028605
6.025,0.0002849
6.03,0.00028376
6.035,0.00028262
6.04,0.00028149
6.045,0.00028036
6.05,0.00027924
6.055,0.00027812
6.06,0.00027701
6.065,0.0002759
6.07,0.0002748
6.075,0.0002737
6.08,0.00027261
6.085,0.00027152
6.09,0.00027044
6.095,0.00026937
6.1,0.00026829
6.105,0.00026723
6.11,0.00026617
6.115,0.00026511
6.12,0.00026406
6.125,0.00026301
6.13,0.00026197
6.135,0.00026094
6.14,0.0002599
6.145,0.00025888
6.15,0.00025786
6.155,0.00025684
6.16,0.00025583
6.165,0.00025482
6.17,0.00025382
6.175,0.00025282
6.18,0.00025182
6.185,0.00025083
6.19,0.00024985
6.195,0.00024887
6.2,0.00024789
6.205,0.00024692
6.21,0.00024596
6.215,0.000245
6.22,0.00024404
6.225,0.00024308
6.23,0.00024214
6.235,0.00024119
6.24,0.00024025
6.245,0.00023932
6.25,0.00023839
6.255,0.00023746
6.26,0.00023654
6.265,0.00023562
6.27,0.0002347
6.275,0.00023379
6.28,0.00023289
