0,0
0.005,0
0.01,0
0.015,0
0.02,0
0.025,0
0.03,0
0.035,0
0.04,0
0.045,0
0.05,0
0.055,0
0.06,0
0.065,0
0.07,0
0.075,0
0.08,0
0.085,0
0.09,0
0.095,0
0.1,0
0.105,0
0.11,0
0.115,0
0.12,0
0.125,0
0.13,0
0.135,0
0.14,0
0.145,0
0.15,0
0.155,0
0.16,0
0.165,0
0.17,0
0.175,0
0.18,0
0.185,0
0.19,0
0.195,0
0.2,0
0.205,0
0.21,0
0.215,0
0.22,0
0.225,0
0.23,0
0.235,0
0.24,0
0.245,0
0.25,0
0.255,0
0.26,0
0.265,0
0.27,0
0.275,0
0.28,0
0.285,0
0.29,0
0.295,0
0.3,0
0.305,0
0.31,0
0.315,0
0.32,0
0.325,0
0.33,0
0.335,0
0.34,0
0.345,0
0.35,0
0.355,0
0.36,0
0.365,0
0.37,0
0.375,0
0.38,0
0.385,0
0.39,0
0.395,0
0.4,0
0.405,0
0.41,0
0.415,0
0.42,0
0.425,0
0.43,0
0.435,0
0.44,0
0.445,0
0.45,0
0.455,0
0.46,0
0.465,0
0.47,0
0.475,0
0.48,0
0.485,0
0.49,0
0.495,0
0.5,0
0.505,0
0.51,1.9749e-312
0.515,1.8672e-300
0.52,4.7705e-289
0.525,3.5453e-278
0.53,8.2114e-268
0.535,6.3218e-258
0.54,1.7185e-248
0.545,1.7454e-239
0.55,6.9837e-231
0.555,1.1569e-222
0.56,8.3135e-215
0.565,2.7074e-207
0.57,4.1637e-200
0.575,3.1428e-193
0.58,1.2075e-186
0.585,2.4435e-180
0.59,2.6896e-174
0.595,1.66e-168
0.6,5.9107e-163
0.605,1.2474e-157
0.61,1.6006e-152
0.615,1.2789e-147
0.62,6.5092e-143
0.625,2.156e-138
0.63,4.7422e-134
0.635,7.0604e-130
0.64,7.2453e-126
0.645,5.213e-122
0.65,2.6728e-118
0.655,9.9162e-115
0.66,2.7013e-111
0.665,5.4777e-108
0.67,8.3779e-105
0.675,9.7849e-102
0.68,8.8302e-099
0.685,6.2265e-096
0.69,3.4672e-093
0.695,1.5401e-090
0.7,5.51e-088
0.705,1.6022e-085
0.71,3.8197e-083
0.715,7.5275e-081
0.72,1.236e-078
0.725,1.7036e-076
0.73,1.9851e-074
0.735,1.969e-072
0.74,1.6731e-070
0.745,1.2256e-068
0.75,7.7844e-067
0.755,4.3114e-065
0.76,2.0934e-063
0.765,8.957e-062
0.77,3.3935e-060
0.775,1.1438e-058
0.78,3.445e-057
0.785,9.3119e-056
0.79,2.2681e-054
0.795,4.9973e-053
0.8,9.9976e-052
0.805,1.8226e-050
0.81,3.0381e-049
0.815,4.6457e-048
0.82,6.5373e-047
0.825,8.4906e-046
0.83,1.0208e-044
0.835,1.1391e-043
0.84,1.183e-042
0.845,1.1463e-041
0.85,1.0389e-040
0.855,8.8265e-040
0.86,7.0459e-039
0.865,5.296e-038
0.87,3.756e-037
0.875,2.5183e-036
0.88,1.5993e-035
0.885,9.6385e-035
0.89,5.5217e-034
0.895,3.0121e-033
0.9,1.5671e-032
0.905,7.7885e-032
0.91,3.7031e-031
0.915,1.6868e-030
0.92,7.3718e-030
0.925,3.0949e-029
0.93,1.2499e-028
0.935,4.8612e-028
0.94,1.8231e-027
0.945,6.6007e-027
0.95,2.3095e-026
0.955,7.818e-026
0.96,2.563e-025
0.965,8.1455e-025
0.97,2.512e-024
0.975,7.5237e-024
0.98,2.1906e-023
0.985,6.2057e-023
0.99,1.7118e-022
0.995,4.6016e-022
1,1.2064e-021
1.005,3.087e-021
1.01,7.715e-021
1.015,1.8845e-020
1.02,4.5021e-020
1.025,1.0526e-019
1.03,2.4101e-019
1.035,5.4071e-019
1.04,1.1894e-018
1.045,2.5666e-018
1.05,5.4361e-018
1.055,1.1307e-017
1.06,2.3109e-017
1.065,4.6429e-017
1.07,9.1743e-017
1.075,1.7838e-016
1.08,3.4141e-016
1.085,6.4356e-016
1.09,1.1952e-015
1.095,2.1878e-015
1.1,3.949e-015
1.105,7.0309e-015
1.11,1.2353e-014
1.115,2.1423e-014
1.12,3.6689e-014
1.125,6.2066e-014
1.13,1.0375e-013
1.135,1.7142e-013
1.14,2.8005e-013
1.145,4.5249e-013
1.15,7.233e-013
1.155,1.1442e-012
1.16,1.7915e-012
1.165,2.7775e-012
1.17,4.2647e-012
1.175,6.4867e-012
1.18,9.7761e-012
1.185,1.4602e-011
1.19,2.1622e-011
1.195,3.1744e-011
1.2,4.6219e-011
1.205,6.6754e-011
1.21,9.5654e-011
1.215,1.3602e-010
1.22,1.9196e-010
1.225,2.6894e-010
1.23,3.7411e-010
1.235,5.168e-010
1.24,7.0907e-010
1.245,9.6643e-010
1.25,1.3087e-009
1.255,1.761e-009
1.26,2.3552e-009
1.265,3.1308e-009
1.27,4.1374e-009
1.275,5.4364e-009
1.28,7.1034e-009
1.285,9.2307e-009
1.29,1.1931e-008
1.295,1.5341e-008
1.3,1.9626e-008
1.305,2.4982e-008
1.31,3.1646e-008
1.315,3.9897e-008
1.32,5.0066e-008
1.325,6.2541e-008
1.33,7.7779e-008
1.335,9.6312e-008
1.34,1.1875e-007
1.345,1.4582e-007
1.35,1.7833e-007
1.355,2.1723e-007
1.36,2.6358e-007
1.365,3.1862e-007
1.37,3.8372e-007
1.375,4.6046e-007
1.38,5.5058e-007
1.385,6.5607e-007
1.39,7.7911e-007
1.395,9.2216e-007
1.4,1.0879e-006
1.405,1.2794e-006
1.41,1.5e-006
1.415,1.7532e-006
1.42,2.0431e-006
1.425,2.3739e-006
1.43,2.7505e-006
1.435,3.1779e-006
1.44,3.6617e-006
1.445,4.2079e-006
1.45,4.8229e-006
1.455,5.5135e-006
1.46,6.2873e-006
1.465,7.152e-006
1.47,8.1161e-006
1.475,9.1884e-006
1.48,1.0378e-005
1.485,1.1696e-005
1.49,1.3151e-005
1.495,1.4756e-005
1.5,1.6521e-005
1.505,1.8458e-005
1.51,2.0581e-005
1.515,2.2902e-005
1.52,2.5434e-005
1.525,2.8192e-005
1.53,3.1191e-005
1.535,3.4444e-005
1.54,3.7968e-005
1.545,4.1778e-005
1.55,4.5891e-005
1.555,5.0322e-005
1.56,5.5088e-005
1.565,6.0208e-005
1.57,6.5697e-005
1.575,7.1573e-005
1.58,7.7854e-005
1.585,8.4558e-005
1.59,9.1702e-005
1.595,9.9305e-005
1.6,0.00010738
1.605,0.00011596
1.61,0.00012504
1.615,0.00013466
1.62,0.00014482
1.625,0.00015554
1.63,0.00016685
1.635,0.00017875
1.64,0.00019127
1.645,0.00020441
1.65,0.0002182
1.655,0.00023265
1.66,0.00024778
1.665,0.00026359
1.67,0.0002801
1.675,0.00029733
1.68,0.00031528
1.685,0.00033396
1.69,0.00035339
1.695,0.00037358
1.7,0.00039453
1.705,0.00041625
1.71,0.00043875
1.715,0.00046204
1.72,0.00048611
1.725,0.00051099
1.73,0.00053665
1.735,0.00056312
1.74,0.0005904
1.745,0.00061847
1.75,0.00064735
1.755,0.00067703
1.76,0.00070751
1.765,0.00073878
1.77,0.00077085
1.775,0.0008037
1.78,0.00083734
1.785,0.00087175
1.79,0.00090693
1.795,0.00094288
1.8,0.00097957
1.805,0.001017
1.81,0.0010552
1.815,0.0010941
1.82,0.0011337
1.825,0.0011739
1.83,0.0012149
1.835,0.0012566
1.84,0.0012989
1.845,0.0013418
1.85,0.0013854
1.855,0.0014296
1.86,0.0014744
1.865,0.0015198
1.87,0.0015657
1.875,0.0016122
1.88,0.0016593
1.885,0.0017068
1.89,0.0017549
1.895,0.0018035
1.9,0.0018526
1.905,0.0019021
1.91,0.0019521
1.915,0.0020025
1.92,0.0020534
1.925,0.0021046
1.93,0.0021563
1.935,0.0022084
1.94,0.0022609
1.945,0.0023138
1.95,0.0023671
1.955,0.0024207
1.96,0.0024747
1.965,0.0025291
1.97,0.0025839
1.975,0.0026391
1.98,0.0026947
1.985,0.0027506
1.99,0.002807
1.995,0.0028637
2,0.002921
2.005,0.0029786
2.01,0.0030368
2.015,0.0030954
2.02,0.0031545
2.025,0.0032142
2.03,0.0032745
2.035,0.0033354
2.04,0.0033969
2.045,0.0034592
2.05,0.0035222
2.055,0.003586
2.06,0.0036506
2.065,0.0037161
2.07,0.0037826
2.075,0.0038501
2.08,0.0039188
2.085,0.0039886
2.09,0.0040596
2.095,0.004132
2.1,0.0042058
2.105,0.0042812
2.11,0.0043581
2.115,0.0044368
2.12,0.0045172
2.125,0.0045996
2.13,0.0046841
2.135,0.0047707
2.14,0.0048595
2.145,0.0049508
2.15,0.0050447
2.155,0.0051412
2.16,0.0052405
2.165,0.0053428
2.17,0.0054483
2.175,0.005557
2.18,0.0056691
2.185,0.0057848
2.19,0.0059042
2.195,0.0060275
2.2,0.0061549
2.205,0.0062866
2.21,0.0064226
2.215,0.0065632
2.22,0.0067085
2.225,0.0068588
2.23,0.0070141
2.235,0.0071745
2.24,0.0073404
2.245,0.0075117
2.25,0.0076887
2.255,0.0078714
2.26,0.00806
2.265,0.0082546
2.27,0.0084552
2.275,0.008662
2.28,0.008875
2.285,0.0090941
2.29,0.0093195
2.295,0.009551
2.3,0.0097887
2.305,0.010032
2.31,0.010282
2.315,0.010538
2.32,0.010799
2.325,0.011065
2.33,0.011337
2.335,0.011613
2.34,0.011893
2.345,0.012178
2.35,0.012466
2.355,0.012757
2.36,0.013051
2.365,0.013346
2.37,0.013642
2.375,0.013939
2.38,0.014235
2.385,0.01453
2.39,0.014823
2.395,0.015113
2.4,0.015398
2.405,0.015679
2.41,0.015954
2.415,0.016222
2.42,0.016481
2.425,0.016731
2.43,0.016972
2.435,0.017201
2.44,0.017417
2.445,0.017621
2.45,0.01781
2.455,0.017985
2.46,0.018143
2.465,0.018284
2.47,0.018409
2.475,0.018515
2.48,0.018603
2.485,0.018671
2.49,0.01872
2.495,0.01875
2.5,0.01876
2.505,0.018754
2.51,0.018735
2.515,0.018704
2.52,0.01866
2.525,0.018604
2.53,0.018537
2.535,0.018457
2.54,0.018367
2.545,0.018265
2.55,0.018152
2.555,0.018029
2.56,0.017896
2.565,0.017753
2.57,0.017601
2.575,0.017441
2.58,0.017272
2.585,0.017095
2.59,0.016911
2.595,0.016721
2.6,0.016524
2.605,0.016322
2.61,0.016114
2.615,0.015902
2.62,0.015686
2.625,0.015466
2.63,0.015243
2.635,0.015018
2.64,0.01479
2.645,0.014561
2.65,0.01433
2.655,0.014099
2.66,0.013867
2.665,0.013635
2.67,0.013404
2.675,0.013173
2.68,0.012944
2.685,0.012716
2.69,0.012489
2.695,0.012265
2.7,0.012043
2.705,0.011823
2.71,0.011606
2.715,0.011392
2.72,0.011182
2.725,0.010974
2.73,0.01077
2.735,0.010569
2.74,0.010372
2.745,0.010179
2.75,0.0099891
2.755,0.0098034
2.76,0.0096216
2.765,0.0094438
2.77,0.00927
2.775,0.0091002
2.78,0.0089344
2.785,0.0087726
2.79,0.0086148
2.795,0.008461
2.8,0.0083111
2.805,0.0081651
2.81,0.008023
2.815,0.0078848
2.82,0.0077503
2.825,0.0076195
2.83,0.0074923
2.835,0.0073688
2.84,0.0072488
2.845,0.0071322
2.85,0.007019
2.855,0.0069092
2.86,0.0068025
2.865,0.0066991
2.87,0.0065987
2.875,0.0065013
2.88,0.0064069
2.885,0.0063153
2.89,0.0062265
2.895,0.0061403
2.9,0.0060569
2.905,0.0059759
2.91,0.0058974
2.915,0.0058214
2.92,0.0057476
2.925,0.0056761
2.93,0.0056068
2.935,0.0055395
2.94,0.0054744
2.945,0.0054112
2.95,0.0053499
2.955,0.0052904
2.96,0.0052327
2.965,0.0051767
2.97,0.0051224
2.975,0.0050697
2.98,0.0050185
2.985,0.0049688
2.99,0.0049205
2.995,0.0048737
3,0.0048281
3.005,0.0047838
3.01,0.0047407
3.015,0.0046988
3.02,0.004658
3.025,0.0046183
3.03,0.0045797
3.035,0.0045421
3.04,0.0045054
3.045,0.0044696
3.05,0.0044348
3.055,0.0044007
3.06,0.0043675
3.065,0.0043351
3.07,0.0043034
3.075,0.0042725
3.08,0.0042422
3.085,0.0042125
3.09,0.0041835
3.095,0.0041551
3.1,0.0041273
3.105,0.0041
3.11,0.0040733
3.115,0.004047
3.12,0.0040213
3.125,0.003996
3.13,0.0039711
3.135,0.0039466
3.14,0.0039226
3.145,0.0038989
3.15,0.0038756
3.155,0.0038526
3.16,0.00383
3.165,0.0038077
3.17,0.0037857
3.175,0.003764
3.18,0.0037425
3.185,0.0037214
3.19,0.0037004
3.195,0.0036798
3.2,0.0036593
3.205,0.0036391
3.21,0.0036191
3.215,0.0035993
3.22,0.0035797
3.225,0.0035603
3.23,0.003541
3.235,0.003522
3.24,0.0035031
3.245,0.0034843
3.25,0.0034658
3.255,0.0034473
3.26,0.003429
3.265,0.0034109
3.27,0.0033928
3.275,0.003375
3.28,0.0033572
3.285,0.0033395
3.29,0.003322
3.295,0.0033046
3.3,0.0032873
3.305,0.0032701
3.31,0.003253
3.315,0.003236
3.32,0.0032191
3.325,0.0032022
3.33,0.0031855
3.335,0.0031689
3.34,0.0031524
3.345,0.003136
3.35,0.0031196
3.355,0.0031033
3.36,0.0030871
3.365,0.0030711
3.37,0.003055
3.375,0.0030391
3.38,0.0030232
3.385,0.0030075
3.39,0.0029918
3.395,0.0029761
3.4,0.0029606
3.405,0.0029451
3.41,0.0029297
3.415,0.0029144
3.42,0.0028991
3.425,0.002884
3.43,0.0028688
3.435,0.0028538
3.44,0.0028389
3.445,0.002824
3.45,0.0028091
3.455,0.0027944
3.46,0.0027797
3.465,0.0027651
3.47,0.0027506
3.475,0.0027361
3.48,0.0027217
3.485,0.0027073
3.49,0.0026931
3.495,0.0026789
3.5,0.0026648
3.505,0.0026507
3.51,0.0026367
3.515,0.0026228
3.52,0.0026089
3.525,0.0025951
3.53,0.0025814
3.535,0.0025677
3.54,0.0025541
3.545,0.0025406
3.55,0.0025272
3.555,0.0025138
3.56,0.0025004
3.565,0.0024872
3.57,0.002474
3.575,0.0024609
3.58,0.0024478
3.585,0.0024348
3.59,0.0024219
3.595,0.002409
3.6,0.0023962
3.605,0.0023834
3.61,0.0023708
3.615,0.0023582
3.62,0.0023456
3.625,0.0023331
3.63,0.0023207
3.635,0.0023084
3.64,0.0022961
3.645,0.0022838
3.65,0.0022717
3.655,0.0022596
3.66,0.0022475
3.665,0.0022355
3.67,0.0022236
3.675,0.0022118
3.68,0.0022
3.685,0.0021882
3.69,0.0021766
3.695,0.002165
3.7,0.0021534
3.705,0.0021419
3.71,0.0021305
3.715,0.0021191
3.72,0.0021078
3.725,0.0020966
3.73,0.0020854
3.735,0.0020743
3.74,0.0020632
3.745,0.0020522
3.75,0.0020412
3.755,0.0020304
3.76,0.0020195
3.765,0.0020087
3.77,0.001998
3.775,0.0019874
3.78,0.0019768
3.785,0.0019662
3.79,0.0019557
3.795,0.0019453
3.8,0.0019349
3.805,0.0019246
3.81,0.0019144
3.815,0.0019042
3.82,0.001894
3.825,0.0018839
3.83,0.0018739
3.835,0.0018639
3.84,0.001854
3.845,0.0018441
3.85,0.0018343
3.855,0.0018245
3.86,0.0018148
3.865,0.0018051
3.87,0.0017955
3.875,0.001786
3.88,0.0017765
3.885,0.001767
3.89,0.0017576
3.895,0.0017483
3.9,0.001739
3.905,0.0017298
3.91,0.0017206
3.915,0.0017114
3.92,0.0017023
3.925,0.0016933
3.93,0.0016843
3.935,0.0016754
3.94,0.0016665
3.945,0.0016577
3.95,0.0016489
3.955,0.0016401
3.96,0.0016315
3.965,0.0016228
3.97,0.0016142
3.975,0.0016057
3.98,0.0015972
3.985,0.0015887
3.99,0.0015803
3.995,0.001572
4,0.0015637
4.005,0.0015554
4.01,0.0015472
4.015,0.001539
4.02,0.0015309
4.025,0.0015229
4.03,0.0015148
4.035,0.0015068
4.04,0.0014989
4.045,0.001491
4.05,0.0014832
4.055,0.0014754
4.06,0.0014676
4.065,0.0014599
4.07,0.0014522
4.075,0.0014446
4.08,0.001437
4.085,0.0014295
4.09,0.001422
4.095,0.0014145
4.1,0.0014071
4.105,0.0013997
4.11,0.0013924
4.115,0.0013851
4.12,0.0013778
4.125,0.0013706
4.13,0.0013635
4.135,0.0013563
4.14,0.0013493
4.145,0.0013422
4.15,0.0013352
4.155,0.0013282
4.16,0.0013213
4.165,0.0013144
4.17,0.0013076
4.175,0.0013008
4.18,0.001294
4.185,0.0012873
4.19,0.0012806
4.195,0.0012739
4.2,0.0012673
4.205,0.0012607
4.21,0.0012542
4.215,0.0012477
4.22,0.0012412
4.225,0.0012348
4.23,0.0012284
4.235,0.0012221
4.24,0.0012157
4.245,0.0012095
4.25,0.0012032
4.255,0.001197
4.26,0.0011908
4.265,0.0011847
4.27,0.0011786
4.275,0.0011725
4.28,0.0011665
4.285,0.0011605
4.29,0.0011545
4.295,0.0011486
4.3,0.0011427
4.305,0.0011368
4.31,0.001131
4.315,0.0011252
4.32,0.0011194
4.325,0.0011136
4.33,0.0011079
4.335,0.0011023
4.34,0.0010966
4.345,0.001091
4.35,0.0010855
4.355,0.0010799
4.36,0.0010744
4.365,0.0010689
4.37,0.0010635
4.375,0.0010581
4.38,0.0010527
4.385,0.0010473
4.39,0.001042
4.395,0.0010367
4.4,0.0010314
4.405,0.0010262
4.41,0.001021
4.415,0.0010158
4.42,0.0010107
4.425,0.0010056
4.43,0.0010005
4.435,0.00099541
4.44,0.00099038
4.445,0.00098538
4.45,0.00098041
4.455,0.00097546
4.46,0.00097055
4.465,0.00096566
4.47,0.00096079
4.475,0.00095596
4.48,0.00095115
4.485,0.00094637
4.49,0.00094162
4.495,0.0009369
4.5,0.0009322
4.505,0.00092753
4.51,0.00092288
4.515,0.00091826
4.52,0.00091367
4.525,0.0009091
4.53,0.00090456
4.535,0.00090004
4.54,0.00089555
4.545,0.00089108
4.55,0.00088664
4.555,0.00088223
4.56,0.00087784
4.565,0.00087347
4.57,0.00086913
4.575,0.00086482
4.58,0.00086052
4.585,0.00085626
4.59,0.00085201
4.595,0.00084779
4.6,0.00084359
4.605,0.00083942
4.61,0.00083527
4.615,0.00083115
4.62,0.00082704
4.625,0.00082296
4.63,0.0008189
4.635,0.00081487
4.64,0.00081086
4.645,0.00080687
4.65,0.0008029
4.655,0.00079896
4.66,0.00079503
4.665,0.00079113
4.67,0.00078725
4.675,0.0007834
4.68,0.00077956
4.685,0.00077575
4.69,0.00077195
4.695,0.00076818
4.7,0.00076443
4.705,0.0007607
4.71,0.00075699
4.715,0.0007533
4.72,0.00074963
4.725,0.00074598
4.73,0.00074236
4.735,0.00073875
4.74,0.00073516
4.745,0.0007316
4.75,0.00072805
4.755,0.00072452
4.76,0.00072101
4.765,0.00071752
4.77,0.00071405
4.775,0.0007106
4.78,0.00070717
4.785,0.00070376
4.79,0.00070036
4.795,0.00069699
4.8,0.00069363
4.805,0.0006903
4.81,0.00068698
4.815,0.00068368
4.82,0.00068039
4.825,0.00067713
4.83,0.00067388
4.835,0.00067065
4.84,0.00066744
4.845,0.00066425
4.85,0.00066107
4.855,0.00065792
4.86,0.00065477
4.865,0.00065165
4.87,0.00064854
4.875,0.00064545
4.88,0.00064238
4.885,0.00063933
4.89,0.00063629
4.895,0.00063326
4.9,0.00063026
4.905,0.00062727
4.91,0.0006243
4.915,0.00062134
4.92,0.0006184
4.925,0.00061547
4.93,0.00061256
4.935,0.00060967
4.94,0.00060679
4.945,0.00060393
4.95,0.00060109
4.955,0.00059826
4.96,0.00059544
4.965,0.00059264
4.97,0.00058986
4.975,0.00058709
4.98,0.00058433
4.985,0.00058159
4.99,0.00057887
4.995,0.00057616
5,0.00057346
5.005,0.00057078
5.01,0.00056811
5.015,0.00056546
5.02,0.00056283
5.025,0.0005602
5.03,0.00055759
5.035,0.000555
5.04,0.00055242
5.045,0.00054985
5.05,0.0005473
5.055,0.00054476
5.06,0.00054223
5.065,0.00053972
5.07,0.00053722
5.075,0.00053473
5.08,0.00053226
5.085,0.0005298
5.09,0.00052735
5.095,0.00052492
5.1,0.0005225
5.105,0.00052009
5.11,0.0005177
5.115,0.00051532
5.12,0.00051295
5.125,0.00051059
5.13,0.00050825
5.135,0.00050592
5.14,0.0005036
5.145,0.0005013
5.15,0.000499
5.155,0.00049672
5.16,0.00049445
5.165,0.00049219
5.17,0.00048995
5.175,0.00048771
5.18,0.00048549
5.185,0.00048328
5.19,0.00048108
5.195,0.0004789
5.2,0.00047672
5.205,0.00047456
5.21,0.00047241
5.215,0.00047026
5.22,0.00046813
5.225,0.00046602
5.23,0.00046391
5.235,0.00046181
5.24,0.00045973
5.245,0.00045765
5.25,0.00045559
5.255,0.00045354
5.26,0.0004515
5.265,0.00044946
5.27,0.00044744
5.275,0.00044543
5.28,0.00044343
5.285,0.00044145
5.29,0.00043947
5.295,0.0004375
5.3,0.00043554
5.305,0.00043359
5.31,0.00043166
5.315,0.00042973
5.32,0.00042781
5.325,0.0004259
5.33,0.00042401
5.335,0.00042212
5.34,0.00042024
5.345,0.00041837
5.35,0.00041651
5.355,0.00041467
5.36,0.00041283
5.365,0.000411
5.37,0.00040918
5.375,0.00040737
5.38,0.00040557
5.385,0.00040377
5.39,0.00040199
5.395,0.00040022
5.4,0.00039845
5.405,0.0003967
5.41,0.00039495
5.415,0.00039321
5.42,0.00039148
5.425,0.00038976
5.43,0.00038805
5.435,0.00038635
5.44,0.00038466
5.445,0.00038297
5.45,0.0003813
5.455,0.00037963
5.46,0.00037797
5.465,0.00037632
5.47,0.00037468
5.475,0.00037305
5.48,0.00037142
5.485,0.0003698
5.49,0.0003682
5.495,0.0003666
5.5,0.000365
5.505,0.00036342
5.51,0.00036184
5.515,0.00036027
5.52,0.00035871
5.525,0.00035716
5.53,0.00035562
5.535,0.00035408
5.54,0.00035255
5.545,0.00035103
5.55,0.00034952
5.555,0.00034801
5.56,0.00034651
5.565,0.00034502
5.57,0.00034354
5.575,0.00034206
5.58,0.0003406
5.585,0.00033914
5.59,0.00033768
5.595,0.00033624
5.6,0.0003348
5.605,0.00033337
5.61,0.00033194
5.615,0.00033052
5.62,0.00032911
5.625,0.00032771
5.63,0.00032631
5.635,0.00032492
5.64,0.00032354
5.645,0.00032217
5.65,0.0003208
5.655,0.00031944
5.66,0.00031808
5.665,0.00031673
5.67,0.00031539
5.675,0.00031406
5.68,0.00031273
5.685,0.00031141
5.69,0.00031009
5.695,0.00030878
5.7,0.00030748
5.705,0.00030619
5.71,0.0003049
5.715,0.00030362
5.72,0.00030234
5.725,0.00030107
5.73,0.00029981
5.735,0.00029855
5.74,0.0002973
5.745,0.00029605
5.75,0.00029481
5.755,0.00029358
5.76,0.00029235
5.765,0.00029113
5.77,0.00028992
5.775,0.00028871
5.78,0.0002875
5.785,0.00028631
5.79,0.00028512
5.795,0.00028393
5.8,0.00028275
5.805,0.00028158
5.81,0.00028041
5.815,0.00027925
5.82,0.00027809
5.825,0.00027694
5.83,0.00027579
5.835,0.00027465
5.84,0.00027352
5.845,0.00027239
5.85,0.00027127
5.855,0.00027015
5.86,0.00026904
5.865,0.00026793
5.87,0.00026683
5.875,0.00026573
5.88,0.00026464
5.885,0.00026356
5.89,0.00026248
5.895,0.0002614
5.9,0.00026033
5.905,0.00025926
5.91,0.0002582
5.915,0.00025715
5.92,0.0002561
5.925,0.00025506
5.93,0.00025402
5.935,0.00025298
5.94,0.00025195
5.945,0.00025093
5.95,0.00024991
5.955,0.00024889
5.96,0.00024788
5.965,0.00024688
5.97,0.00024588
5.975,0.00024488
5.98,0.00024389
5.985,0.0002429
5.99,0.00024192
5.995,0.00024095
6,0.00023997
6.005,0.00023901
6.01,0.00023804
6.015,0.00023709
6.02,0.00023613
6.025,0.00023518
6.03,0.00023424
6.035,0.0002333
6.04,0.00023236
6.045,0.00023143
6.05,0.0002305
6.055,0.00022958
6.06,0.00022866
6.065,0.00022775
6.07,0.00022684
6.075,0.00022593
6.08,0.00022503
6.085,0.00022414
6.09,0.00022324
6.095,0.00022236
6.1,0.00022147
6.105,0.00022059
6.11,0.00021972
6.115,0.00021884
6.12,0.00021798
6.125,0.00021711
6.13,0.00021625
6.135,0.0002154
6.14,0.00021455
6.145,0.0002137
6.15,0.00021286
6.155,0.00021202
6.16,0.00021118
6.165,0.00021035
6.17,0.00020952
6.175,0.0002087
6.18,0.00020788
6.185,0.00020706
6.19,0.00020625
6.195,0.00020544
6.2,0.00020463
6.205,0.00020383
6.21,0.00020303
6.215,0.00020224
6.22,0.00020145
6.225,0.00020066
6.23,0.00019988
6.235,0.0001991
6.24,0.00019832
6.245,0.00019755
6.25,0.00019678
6.255,0.00019602
6.26,0.00019526
6.265,0.0001945
6.27,0.00019374
6.275,0.00019299
6.28,0.00019224
