0,0
0.005,0
0.01,0
0.015,0
0.02,0
0.025,0
0.03,0
0.035,0
0.04,0
0.045,0
0.05,0
0.055,0
0.06,0
0.065,0
0.07,0
0.075,0
0.08,0
0.085,0
0.09,0
0.095,0
0.1,0
0.105,0
0.11,0
0.115,1.6734e-299
0.12,4.2775e-252
0.125,1.2629e-213
0.13,3.7985e-182
0.135,3.4262e-156
0.14,1.2252e-134
0.145,1.2715e-116
0.15,1.8027e-101
0.155,1.1781e-088
0.16,9.2929e-078
0.165,1.906e-068
0.17,1.8829e-060
0.175,1.4747e-053
0.18,1.3735e-047
0.185,2.1199e-042
0.19,7.1248e-038
0.195,6.5361e-034
0.2,1.9748e-030
0.205,2.2991e-027
0.21,1.1765e-024
0.215,2.957e-022
0.22,4.0097e-020
0.225,3.177e-018
0.23,1.5744e-016
0.235,5.1725e-015
0.24,1.1843e-013
0.245,1.9728e-012
0.25,2.4816e-011
0.255,2.4345e-010
0.26,1.9155e-009
0.265,1.2386e-008
0.27,6.7244e-008
0.275,3.1227e-007
0.28,1.261e-006
0.285,4.492e-006
0.29,1.4298e-005
0.295,4.1124e-005
0.3,0.00010795
0.305,0.00026094
0.31,0.00058538
0.315,0.0012274
0.32,0.0024203
0.325,0.0045139
0.33,0.0080024
0.335,0.013546
0.34,0.021984
0.345,0.034331
0.35,0.051757
0.355,0.075552
0.36,0.10708
0.365,0.14769
0.37,0.1987
0.375,0.26127
0.38,0.33636
0.385,0.42471
0.39,0.52673
0.395,0.64253
0.4,0.7719
0.405,0.91428
0.41,1.0689
0.415,1.2345
0.42,1.4099
0.425,1.5934
0.43,1.7836
0.435,1.9785
0.44,2.1765
0.445,2.3757
0.45,2.5745
0.455,2.7711
0.46,2.9641
0.465,3.1519
0.47,3.3334
0.475,3.5074
0.48,3.673
0.485,3.8292
0.49,3.9755
0.495,4.1114
0.5,4.2364
0.505,4.3503
0.51,4.4531
0.515,4.5446
0.52,4.6251
0.525,4.6946
0.53,4.7535
0.535,4.8019
0.54,4.8404
0.545,4.8692
0.55,4.8888
0.555,4.8997
0.56,4.9024
0.565,4.8973
0.57,4.8849
0.575,4.8658
0.58,4.8404
0.585,4.8092
0.59,4.7726
0.595,4.7312
0.6,4.6853
0.605,4.6354
0.61,4.5819
0.615,4.5251
0.62,4.4655
0.625,4.4034
0.63,4.3391
0.635,4.2728
0.64,4.205
0.645,4.1358
0.65,4.0656
0.655,3.9945
0.66,3.9227
0.665,3.8505
0.67,3.778
0.675,3.7054
0.68,3.6328
0.685,3.5604
0.69,3.4883
0.695,3.4167
0.7,3.3456
0.705,3.2751
0.71,3.2052
0.715,3.1362
0.72,3.068
0.725,3.0007
0.73,2.9343
0.735,2.8689
0.74,2.8045
0.745,2.7412
0.75,2.6789
0.755,2.6178
0.76,2.5577
0.765,2.4988
0.77,2.441
0.775,2.3844
0.78,2.3289
0.785,2.2745
0.79,2.2213
0.795,2.1692
0.8,2.1183
0.805,2.0684
0.81,2.0197
0.815,1.9721
0.82,1.9255
0.825,1.88
0.83,1.8356
0.835,1.7922
0.84,1.7499
0.845,1.7085
0.85,1.6682
0.855,1.6288
0.86,1.5903
0.865,1.5528
0.87,1.5162
0.875,1.4806
0.88,1.4457
0.885,1.4118
0.89,1.3787
0.895,1.3464
0.9,1.3149
0.905,1.2842
0.91,1.2543
0.915,1.2251
0.92,1.1967
0.925,1.169
0.93,1.1419
0.935,1.1156
0.94,1.0899
0.945,1.0649
0.95,1.0405
0.955,1.0167
0.96,0.99349
0.965,0.97088
0.97,0.94885
0.975,0.92737
0.98,0.90643
0.985,0.88602
0.99,0.86612
0.995,0.84672
1,0.82781
1.005,0.80937
1.01,0.7914
1.015,0.77387
1.02,0.75679
1.025,0.74012
1.03,0.72388
1.035,0.70803
1.04,0.69258
1.045,0.67751
1.05,0.66282
1.055,0.64849
1.06,0.63451
1.065,0.62087
1.07,0.60757
1.075,0.59459
1.08,0.58194
1.085,0.56959
1.09,0.55754
1.095,0.54578
1.1,0.53431
1.105,0.52311
1.11,0.51219
1.115,0.50152
1.12,0.49112
1.125,0.48096
1.13,0.47104
1.135,0.46136
1.14,0.45192
1.145,0.44269
1.15,0.43368
1.155,0.42489
1.16,0.4163
1.165,0.40791
1.17,0.39972
1.175,0.39172
1.18,0.3839
1.185,0.37627
1.19,0.36881
1.195,0.36153
1.2,0.35441
1.205,0.34745
1.21,0.34066
1.215,0.33402
1.22,0.32753
1.225,0.32119
1.23,0.31499
1.235,0.30893
1.24,0.303
1.245,0.29721
1.25,0.29155
1.255,0.28602
1.26,0.2806
1.265,0.27531
1.27,0.27014
1.275,0.26508
1.28,0.26013
1.285,0.25528
1.29,0.25055
1.295,0.24591
1.3,0.24138
1.305,0.23695
1.31,0.23261
1.315,0.22836
1.32,0.22421
1.325,0.22014
1.33,0.21616
1.335,0.21227
1.34,0.20846
1.345,0.20473
1.35,0.20107
1.355,0.1975
1.36,0.194
1.365,0.19057
1.37,0.18721
1.375,0.18393
1.38,0.18071
1.385,0.17755
1.39,0.17447
1.395,0.17144
1.4,0.16848
1.405,0.16558
1.41,0.16274
1.415,0.15995
1.42,0.15722
1.425,0.15455
1.43,0.15193
1.435,0.14936
1.44,0.14684
1.445,0.14438
1.45,0.14196
1.455,0.13959
1.46,0.13726
1.465,0.13499
1.47,0.13276
1.475,0.13057
1.48,0.12842
1.485,0.12632
1.49,0.12425
1.495,0.12223
1.5,0.12024
1.505,0.1183
1.51,0.11639
1.515,0.11452
1.52,0.11268
1.525,0.11088
1.53,0.10911
1.535,0.10737
1.54,0.10567
1.545,0.104
1.55,0.10236
1.555,0.10076
1.56,0.099179
1.565,0.09763
1.57,0.096111
1.575,0.094619
1.58,0.093154
1.585,0.091717
1.59,0.090306
1.595,0.08892
1.6,0.08756
1.605,0.086225
1.61,0.084913
1.615,0.083626
1.62,0.082361
1.625,0.08112
1.63,0.0799
1.635,0.078703
1.64,0.077526
1.645,0.076371
1.65,0.075236
1.655,0.074121
1.66,0.073025
1.665,0.071949
1.67,0.070892
1.675,0.069853
1.68,0.068833
1.685,0.06783
1.69,0.066844
1.695,0.065876
1.7,0.064924
1.705,0.063989
1.71,0.063069
1.715,0.062165
1.72,0.061277
1.725,0.060404
1.73,0.059545
1.735,0.058702
1.74,0.057872
1.745,0.057056
1.75,0.056254
1.755,0.055466
1.76,0.05469
1.765,0.053928
1.77,0.053178
1.775,0.05244
1.78,0.051715
1.785,0.051002
1.79,0.0503
1.795,0.04961
1.8,0.048931
1.805,0.048263
1.81,0.047607
1.815,0.04696
1.82,0.046324
1.825,0.045699
1.83,0.045083
1.835,0.044478
1.84,0.043882
1.845,0.043295
1.85,0.042718
1.855,0.04215
1.86,0.041592
1.865,0.041042
1.87,0.0405
1.875,0.039967
1.88,0.039443
1.885,0.038926
1.89,0.038418
1.895,0.037918
1.9,0.037425
1.905,0.03694
1.91,0.036463
1.915,0.035993
1.92,0.03553
1.925,0.035074
1.93,0.034625
1.935,0.034183
1.94,0.033748
1.945,0.033319
1.95,0.032897
1.955,0.032482
1.96,0.032072
1.965,0.031669
1.97,0.031272
1.975,0.03088
1.98,0.030495
1.985,0.030115
1.99,0.029741
1.995,0.029372
2,0.029009
2.005,0.028652
2.01,0.028299
2.015,0.027952
2.02,0.02761
2.025,0.027272
2.03,0.02694
2.035,0.026613
2.04,0.02629
2.045,0.025972
2.05,0.025658
2.055,0.025349
2.06,0.025045
2.065,0.024745
2.07,0.024449
2.075,0.024157
2.08,0.02387
2.085,0.023587
2.09,0.023307
2.095,0.023032
2.1,0.02276
2.105,0.022493
2.11,0.022229
2.115,0.021968
2.12,0.021712
2.125,0.021459
2.13,0.021209
2.135,0.020963
2.14,0.020721
2.145,0.020481
2.15,0.020245
2.155,0.020013
2.16,0.019783
2.165,0.019557
2.17,0.019334
2.175,0.019113
2.18,0.018896
2.185,0.018682
2.19,0.01847
2.195,0.018262
2.2,0.018056
2.205,0.017853
2.21,0.017653
2.215,0.017455
2.22,0.017261
2.225,0.017068
2.23,0.016879
2.235,0.016691
2.24,0.016507
2.245,0.016324
2.25,0.016144
2.255,0.015967
2.26,0.015792
2.265,0.015619
2.27,0.015448
2.275,0.01528
2.28,0.015114
2.285,0.014949
2.29,0.014788
2.295,0.014628
2.3,0.01447
2.305,0.014314
2.31,0.014161
2.315,0.014009
2.32,0.013859
2.325,0.013711
2.33,0.013565
2.335,0.013421
2.34,0.013279
2.345,0.013138
2.35,0.012999
2.355,0.012862
2.36,0.012727
2.365,0.012594
2.37,0.012462
2.375,0.012332
2.38,0.012203
2.385,0.012076
2.39,0.011951
2.395,0.011827
2.4,0.011704
2.405,0.011584
2.41,0.011464
2.415,0.011346
2.42,0.01123
2.425,0.011115
2.43,0.011001
2.435,0.010889
2.44,0.010778
2.445,0.010669
2.45,0.010561
2.455,0.010454
2.46,0.010349
2.465,0.010244
2.47,0.010141
2.475,0.01004
2.48,0.009939
2.485,0.0098397
2.49,0.0097415
2.495,0.0096445
2.5,0.0095487
2.505,0.009454
2.51,0.0093605
2.515,0.009268
2.52,0.0091767
2.525,0.0090864
2.53,0.0089972
2.535,0.008909
2.54,0.0088219
2.545,0.0087358
2.55,0.0086506
2.555,0.0085665
2.56,0.0084834
2.565,0.0084012
2.57,0.00832
2.575,0.0082397
2.58,0.0081603
2.585,0.0080819
2.59,0.0080043
2.595,0.0079277
2.6,0.0078519
2.605,0.007777
2.61,0.007703
2.615,0.0076298
2.62,0.0075574
2.625,0.0074858
2.63,0.0074151
2.635,0.0073451
2.64,0.007276
2.645,0.0072076
2.65,0.00714
2.655,0.0070732
2.66,0.0070071
2.665,0.0069417
2.67,0.0068771
2.675,0.0068132
2.68,0.00675
2.685,0.0066875
2.69,0.0066257
2.695,0.0065645
2.7,0.0065041
2.705,0.0064443
2.71,0.0063852
2.715,0.0063267
2.72,0.0062689
2.725,0.0062117
2.73,0.0061551
2.735,0.0060991
2.74,0.0060438
2.745,0.005989
2.75,0.0059349
2.755,0.0058813
2.76,0.0058283
2.765,0.0057759
2.77,0.0057241
2.775,0.0056728
2.78,0.005622
2.785,0.0055718
2.79,0.0055221
2.795,0.005473
2.8,0.0054244
2.805,0.0053763
2.81,0.0053287
2.815,0.0052816
2.82,0.005235
2.825,0.0051889
2.83,0.0051433
2.835,0.0050982
2.84,0.0050536
2.845,0.0050094
2.85,0.0049656
2.855,0.0049224
2.86,0.0048796
2.865,0.0048372
2.87,0.0047953
2.875,0.0047538
2.88,0.0047127
2.885,0.0046721
2.89,0.0046318
2.895,0.004592
2.9,0.0045526
2.905,0.0045137
2.91,0.0044751
2.915,0.0044369
2.92,0.0043991
2.925,0.0043616
2.93,0.0043246
2.935,0.0042879
2.94,0.0042516
2.945,0.0042157
2.95,0.0041802
2.955,0.004145
2.96,0.0041101
2.965,0.0040756
2.97,0.0040415
2.975,0.0040077
2.98,0.0039742
2.985,0.0039411
2.99,0.0039083
2.995,0.0038758
3,0.0038436
3.005,0.0038118
3.01,0.0037803
3.015,0.0037491
3.02,0.0037182
3.025,0.0036876
3.03,0.0036573
3.035,0.0036273
3.04,0.0035976
3.045,0.0035682
3.05,0.0035391
3.055,0.0035103
3.06,0.0034817
3.065,0.0034534
3.07,0.0034254
3.075,0.0033977
3.08,0.0033702
3.085,0.003343
3.09,0.0033161
3.095,0.0032894
3.1,0.003263
3.105,0.0032369
3.11,0.003211
3.115,0.0031853
3.12,0.0031599
3.125,0.0031347
3.13,0.0031098
3.135,0.0030851
3.14,0.0030606
3.145,0.0030364
3.15,0.0030124
3.155,0.0029886
3.16,0.0029651
3.165,0.0029418
3.17,0.0029187
3.175,0.0028958
3.18,0.0028731
3.185,0.0028506
3.19,0.0028284
3.195,0.0028063
3.2,0.0027845
3.205,0.0027629
3.21,0.0027414
3.215,0.0027202
3.22,0.0026992
3.225,0.0026783
3.23,0.0026577
3.235,0.0026372
3.24,0.002617
3.245,0.0025969
3.25,0.002577
3.255,0.0025573
3.26,0.0025377
3.265,0.0025184
3.27,0.0024992
3.275,0.0024802
3.28,0.0024614
3.285,0.0024427
3.29,0.0024242
3.295,0.0024059
3.3,0.0023877
3.305,0.0023697
3.31,0.0023519
3.315,0.0023342
3.32,0.0023167
3.325,0.0022994
3.33,0.0022822
3.335,0.0022651
3.34,0.0022483
3.345,0.0022315
3.35,0.0022149
3.355,0.0021985
3.36,0.0021822
3.365,0.002166
3.37,0.00215
3.375,0.0021342
3.38,0.0021184
3.385,0.0021028
3.39,0.0020874
3.395,0.0020721
3.4,0.0020569
3.405,0.0020419
3.41,0.0020269
3.415,0.0020122
3.42,0.0019975
3.425,0.001983
3.43,0.0019686
3.435,0.0019543
3.44,0.0019401
3.445,0.0019261
3.45,0.0019122
3.455,0.0018984
3.46,0.0018847
3.465,0.0018712
3.47,0.0018578
3.475,0.0018444
3.48,0.0018312
3.485,0.0018182
3.49,0.0018052
3.495,0.0017923
3.5,0.0017796
3.505,0.0017669
3.51,0.0017544
3.515,0.0017419
3.52,0.0017296
3.525,0.0017174
3.53,0.0017053
3.535,0.0016932
3.54,0.0016813
3.545,0.0016695
3.55,0.0016578
3.555,0.0016462
3.56,0.0016346
3.565,0.0016232
3.57,0.0016119
3.575,0.0016007
3.58,0.0015895
3.585,0.0015785
3.59,0.0015675
3.595,0.0015567
3.6,0.0015459
3.605,0.0015352
3.61,0.0015246
3.615,0.0015141
3.62,0.0015037
3.625,0.0014933
3.63,0.0014831
3.635,0.0014729
3.64,0.0014628
3.645,0.0014528
3.65,0.0014429
3.655,0.0014331
3.66,0.0014233
3.665,0.0014136
3.67,0.001404
3.675,0.0013945
3.68,0.0013851
3.685,0.0013757
3.69,0.0013664
3.695,0.0013572
3.7,0.0013481
3.705,0.001339
3.71,0.00133
3.715,0.0013211
3.72,0.0013122
3.725,0.0013035
3.73,0.0012948
3.735,0.0012861
3.74,0.0012775
3.745,0.001269
3.75,0.0012606
3.755,0.0012522
3.76,0.0012439
3.765,0.0012357
3.77,0.0012275
3.775,0.0012194
3.78,0.0012114
3.785,0.0012034
3.79,0.0011955
3.795,0.0011877
3.8,0.0011799
3.805,0.0011721
3.81,0.0011645
3.815,0.0011569
3.82,0.0011493
3.825,0.0011418
3.83,0.0011344
3.835,0.001127
3.84,0.0011197
3.845,0.0011124
3.85,0.0011052
3.855,0.0010981
3.86,0.001091
3.865,0.001084
3.87,0.001077
3.875,0.0010701
3.88,0.0010632
3.885,0.0010564
3.89,0.0010496
3.895,0.0010429
3.9,0.0010362
3.905,0.0010296
3.91,0.001023
3.915,0.0010165
3.92,0.0010101
3.925,0.0010037
3.93,0.00099728
3.935,0.00099097
3.94,0.0009847
3.945,0.00097848
3.95,0.0009723
3.955,0.00096617
3.96,0.00096009
3.965,0.00095406
3.97,0.00094806
3.975,0.00094212
3.98,0.00093622
3.985,0.00093036
3.99,0.00092455
3.995,0.00091878
4,0.00091306
4.005,0.00090737
4.01,0.00090173
4.015,0.00089613
4.02,0.00089058
4.025,0.00088506
4.03,0.00087959
4.035,0.00087415
4.04,0.00086876
4.045,0.0008634
4.05,0.00085809
4.055,0.00085281
4.06,0.00084758
4.065,0.00084238
4.07,0.00083722
4.075,0.0008321
4.08,0.00082701
4.085,0.00082197
4.09,0.00081695
4.095,0.00081198
4.1,0.00080704
4.105,0.00080214
4.11,0.00079728
4.115,0.00079245
4.12,0.00078765
4.125,0.00078289
4.13,0.00077816
4.135,0.00077347
4.14,0.00076882
4.145,0.00076419
4.15,0.0007596
4.155,0.00075504
4.16,0.00075052
4.165,0.00074602
4.17,0.00074156
4.175,0.00073714
4.18,0.00073274
4.185,0.00072837
4.19,0.00072404
4.195,0.00071974
4.2,0.00071546
4.205,0.00071122
4.21,0.00070701
4.215,0.00070283
4.22,0.00069867
4.225,0.00069455
4.23,0.00069046
4.235,0.00068639
4.24,0.00068236
4.245,0.00067835
4.25,0.00067437
4.255,0.00067042
4.26,0.00066649
4.265,0.0006626
4.27,0.00065873
4.275,0.00065488
4.28,0.00065107
4.285,0.00064728
4.29,0.00064352
4.295,0.00063978
4.3,0.00063607
4.305,0.00063239
4.31,0.00062873
4.315,0.0006251
4.32,0.00062149
4.325,0.00061791
4.33,0.00061435
4.335,0.00061081
4.34,0.0006073
4.345,0.00060382
4.35,0.00060036
4.355,0.00059692
4.36,0.00059351
4.365,0.00059012
4.37,0.00058675
4.375,0.0005834
4.38,0.00058008
4.385,0.00057678
4.39,0.00057351
4.395,0.00057025
4.4,0.00056702
4.405,0.00056381
4.41,0.00056062
4.415,0.00055746
4.42,0.00055431
4.425,0.00055119
4.43,0.00054808
4.435,0.000545
4.44,0.00054194
4.445,0.0005389
4.45,0.00053588
4.455,0.00053288
4.46,0.0005299
4.465,0.00052694
4.47,0.000524
4.475,0.00052108
4.48,0.00051818
4.485,0.0005153
4.49,0.00051244
4.495,0.0005096
4.5,0.00050677
4.505,0.00050397
4.51,0.00050118
4.515,0.00049841
4.52,0.00049566
4.525,0.00049293
4.53,0.00049022
4.535,0.00048752
4.54,0.00048484
4.545,0.00048218
4.55,0.00047954
4.555,0.00047691
4.56,0.0004743
4.565,0.00047171
4.57,0.00046914
4.575,0.00046658
4.58,0.00046404
4.585,0.00046152
4.59,0.00045901
4.595,0.00045652
4.6,0.00045404
4.605,0.00045158
4.61,0.00044914
4.615,0.00044671
4.62,0.0004443
4.625,0.00044191
4.63,0.00043953
4.635,0.00043716
4.64,0.00043481
4.645,0.00043248
4.65,0.00043016
4.655,0.00042785
4.66,0.00042556
4.665,0.00042329
4.67,0.00042103
4.675,0.00041878
4.68,0.00041655
4.685,0.00041433
4.69,0.00041213
4.695,0.00040994
4.7,0.00040776
4.705,0.0004056
4.71,0.00040345
4.715,0.00040132
4.72,0.0003992
4.725,0.00039709
4.73,0.000395
4.735,0.00039292
4.74,0.00039085
4.745,0.00038879
4.75,0.00038675
4.755,0.00038472
4.76,0.00038271
4.765,0.0003807
4.77,0.00037871
4.775,0.00037673
4.78,0.00037477
4.785,0.00037281
4.79,0.00037087
4.795,0.00036894
4.8,0.00036703
4.805,0.00036512
4.81,0.00036323
4.815,0.00036135
4.82,0.00035948
4.825,0.00035762
4.83,0.00035577
4.835,0.00035394
4.84,0.00035211
4.845,0.0003503
4.85,0.0003485
4.855,0.00034671
4.86,0.00034493
4.865,0.00034316
4.87,0.0003414
4.875,0.00033965
4.88,0.00033792
4.885,0.00033619
4.89,0.00033448
4.895,0.00033277
4.9,0.00033108
4.905,0.0003294
4.91,0.00032772
4.915,0.00032606
4.92,0.00032441
4.925,0.00032276
4.93,0.00032113
4.935,0.00031951
4.94,0.00031789
4.945,0.00031629
4.95,0.0003147
4.955,0.00031311
4.96,0.00031154
4.965,0.00030997
4.97,0.00030841
4.975,0.00030687
4.98,0.00030533
4.985,0.0003038
4.99,0.00030228
4.995,0.00030077
5,0.00029927
5.005,0.00029778
5.01,0.0002963
5.015,0.00029483
5.02,0.00029336
5.025,0.0002919
5.03,0.00029046
5.035,0.00028902
5.04,0.00028759
5.045,0.00028616
5.05,0.00028475
5.055,0.00028335
5.06,0.00028195
5.065,0.00028056
5.07,0.00027918
5.075,0.00027781
5.08,0.00027644
5.085,0.00027509
5.09,0.00027374
5.095,0.0002724
5.1,0.00027107
5.105,0.00026974
5.11,0.00026842
5.115,0.00026712
5.12,0.00026581
5.125,0.00026452
5.13,0.00026323
5.135,0.00026195
5.14,0.00026068
5.145,0.00025942
5.15,0.00025816
5.155,0.00025691
5.16,0.00025567
5.165,0.00025444
5.17,0.00025321
5.175,0.00025199
5.18,0.00025077
5.185,0.00024957
5.19,0.00024837
5.195,0.00024717
5.2,0.00024599
5.205,0.00024481
5.21,0.00024364
5.215,0.00024247
5.22,0.00024131
5.225,0.00024016
5.23,0.00023901
5.235,0.00023788
5.24,0.00023674
5.245,0.00023562
5.25,0.0002345
5.255,0.00023338
5.26,0.00023228
5.265,0.00023118
5.27,0.00023008
5.275,0.00022899
5.28,0.00022791
5.285,0.00022684
5.29,0.00022577
5.295,0.0002247
5.3,0.00022364
5.305,0.00022259
5.31,0.00022155
5.315,0.00022051
5.32,0.00021947
5.325,0.00021844
5.33,0.00021742
5.335,0.0002164
5.34,0.00021539
5.345,0.00021439
5.35,0.00021339
5.355,0.00021239
5.36,0.00021141
5.365,0.00021042
5.37,0.00020944
5.375,0.00020847
5.38,0.00020751
5.385,0.00020654
5.39,0.00020559
5.395,0.00020464
5.4,0.00020369
5.405,0.00020275
5.41,0.00020182
5.415,0.00020089
5.42,0.00019996
5.425,0.00019904
5.43,0.00019813
5.435,0.00019722
5.44,0.00019631
5.445,0.00019541
5.45,0.00019452
5.455,0.00019363
5.46,0.00019274
5.465,0.00019186
5.47,0.00019099
5.475,0.00019012
5.48,0.00018925
5.485,0.00018839
5.49,0.00018754
5.495,0.00018668
5.5,0.00018584
5.505,0.00018499
5.51,0.00018416
5.515,0.00018332
5.52,0.0001825
5.525,0.00018167
5.53,0.00018085
5.535,0.00018004
5.54,0.00017923
5.545,0.00017842
5.55,0.00017762
5.555,0.00017682
5.56,0.00017603
5.565,0.00017524
5.57,0.00017445
5.575,0.00017367
5.58,0.00017289
5.585,0.00017212
5.59,0.00017135
5.595,0.00017059
5.6,0.00016983
5.605,0.00016907
5.61,0.00016832
5.615,0.00016757
5.62,0.00016683
5.625,0.00016609
5.63,0.00016535
5.635,0.00016462
5.64,0.00016389
5.645,0.00016317
5.65,0.00016245
5.655,0.00016173
5.66,0.00016102
5.665,0.00016031
5.67,0.0001596
5.675,0.0001589
5.68,0.0001582
5.685,0.00015751
5.69,0.00015682
5.695,0.00015613
5.7,0.00015545
5.705,0.00015477
5.71,0.00015409
5.715,0.00015342
5.72,0.00015275
5.725,0.00015208
5.73,0.00015142
5.735,0.00015076
5.74,0.00015011
5.745,0.00014945
5.75,0.0001488
5.755,0.00014816
5.76,0.00014752
5.765,0.00014688
5.77,0.00014624
5.775,0.00014561
5.78,0.00014498
5.785,0.00014436
5.79,0.00014374
5.795,0.00014312
5.8,0.0001425
5.805,0.00014189
5.81,0.00014128
5.815,0.00014067
5.82,0.00014007
5.825,0.00013947
5.83,0.00013887
5.835,0.00013828
5.84,0.00013769
5.845,0.0001371
5.85,0.00013651
5.855,0.00013593
5.86,0.00013535
5.865,0.00013478
5.87,0.00013421
5.875,0.00013364
5.88,0.00013307
5.885,0.0001325
5.89,0.00013194
5.895,0.00013138
5.9,0.00013083
5.905,0.00013028
5.91,0.00012972
5.915,0.00012918
5.92,0.00012863
5.925,0.00012809
5.93,0.00012755
5.935,0.00012702
5.94,0.00012648
5.945,0.00012595
5.95,0.00012542
5.955,0.0001249
5.96,0.00012437
5.965,0.00012385
5.97,0.00012334
5.975,0.00012282
5.98,0.00012231
5.985,0.0001218
5.99,0.00012129
5.995,0.00012079
6,0.00012028
6.005,0.00011978
6.01,0.00011929
6.015,0.00011879
6.02,0.0001183
6.025,0.00011781
6.03,0.00011732
6.035,0.00011684
6.04,0.00011635
6.045,0.00011587
6.05,0.0001154
6.055,0.00011492
6.06,0.00011445
6.065,0.00011398
6.07,0.00011351
6.075,0.00011304
6.08,0.00011258
6.085,0.00011211
6.09,0.00011166
6.095,0.0001112
6.1,0.00011074
6.105,0.00011029
6.11,0.00010984
6.115,0.00010939
6.12,0.00010895
6.125,0.0001085
6.13,0.00010806
6.135,0.00010762
6.14,0.00010718
6.145,0.00010675
6.15,0.00010631
6.155,0.00010588
6.16,0.00010545
6.165,0.00010503
6.17,0.0001046
6.175,0.00010418
6.18,0.00010376
6.185,0.00010334
6.19,0.00010292
6.195,0.00010251
6.2,0.0001021
6.205,0.00010169
6.21,0.00010128
6.215,0.00010087
6.22,0.00010047
6.225,0.00010006
6.23,9.9662e-005
6.235,9.9263e-005
6.24,9.8866e-005
6.245,9.8471e-005
6.25,9.8078e-005
6.255,9.7686e-005
6.26,9.7297e-005
6.265,9.6909e-005
6.27,9.6523e-005
6.275,9.6139e-005
6.28,9.5757e-005
