0,0
0.005,0
0.01,0
0.015,0
0.02,0
0.025,0
0.03,0
0.035,0
0.04,0
0.045,0
0.05,0
0.055,0
0.06,0
0.065,0
0.07,0
0.075,0
0.08,0
0.085,0
0.09,0
0.095,0
0.1,0
0.105,0
0.11,0
0.115,0
0.12,0
0.125,0
0.13,0
0.135,0
0.14,0
0.145,0
0.15,3.9192e-296
0.155,2.1235e-259
0.16,3.7828e-228
0.165,1.985e-201
0.17,1.7855e-178
0.175,1.1433e-158
0.18,1.6601e-141
0.185,1.4106e-126
0.19,1.5308e-113
0.195,4.046e-102
0.2,4.4555e-092
0.205,3.2011e-083
0.21,2.1864e-075
0.215,1.9495e-068
0.22,2.9685e-062
0.225,9.6957e-057
0.23,8.2518e-052
0.235,2.1614e-047
0.24,2.0099e-043
0.245,7.5055e-040
0.25,1.2518e-036
0.255,1.0225e-033
0.26,4.4323e-031
0.265,1.0933e-028
0.27,1.6311e-026
0.275,1.5527e-024
0.28,9.8858e-023
0.285,4.387e-021
0.29,1.4073e-019
0.295,3.3708e-018
0.3,6.2027e-017
0.305,8.9943e-016
0.31,1.0512e-014
0.315,1.0105e-013
0.32,8.1327e-013
0.325,5.5698e-012
0.33,3.293e-011
0.335,1.7026e-010
0.34,7.7882e-010
0.345,3.1853e-009
0.35,1.1758e-008
0.355,3.9509e-008
0.36,1.2179e-007
0.365,3.4681e-007
0.37,9.1813e-007
0.375,2.2728e-006
0.38,5.2885e-006
0.385,1.1622e-005
0.39,2.4229e-005
0.395,4.8104e-005
0.4,9.1288e-005
0.405,0.00016614
0.41,0.00029085
0.415,0.00049117
0.42,0.00080217
0.425,0.00127
0.43,0.0019532
0.435,0.0029242
0.44,0.0042693
0.445,0.006089
0.45,0.0084965
0.455,0.011616
0.46,0.015582
0.465,0.020532
0.47,0.026606
0.475,0.033942
0.48,0.042672
0.485,0.052916
0.49,0.064778
0.495,0.078347
0.5,0.093688
0.505,0.11084
0.51,0.12983
0.515,0.15064
0.52,0.17324
0.525,0.19758
0.53,0.22356
0.535,0.25108
0.54,0.28002
0.545,0.31025
0.55,0.34159
0.555,0.37389
0.56,0.40698
0.565,0.44066
0.57,0.47477
0.575,0.50912
0.58,0.54352
0.585,0.57782
0.59,0.61182
0.595,0.64539
0.6,0.67837
0.605,0.71061
0.61,0.742
0.615,0.77241
0.62,0.80174
0.625,0.8299
0.63,0.85681
0.635,0.88241
0.64,0.90664
0.645,0.92945
0.65,0.95081
0.655,0.97071
0.66,0.98912
0.665,1.006
0.67,1.0215
0.675,1.0354
0.68,1.048
0.685,1.059
0.69,1.0687
0.695,1.077
0.7,1.084
0.705,1.0896
0.71,1.094
0.715,1.0972
0.72,1.0993
0.725,1.1002
0.73,1.1001
0.735,1.099
0.74,1.0969
0.745,1.0939
0.75,1.0901
0.755,1.0854
0.76,1.08
0.765,1.0738
0.77,1.067
0.775,1.0596
0.78,1.0516
0.785,1.043
0.79,1.034
0.795,1.0245
0.8,1.0146
0.805,1.0043
0.81,0.99373
0.815,0.9828
0.82,0.9716
0.825,0.96016
0.83,0.9485
0.835,0.93665
0.84,0.92463
0.845,0.91248
0.85,0.90022
0.855,0.88786
0.86,0.87543
0.865,0.86295
0.87,0.85044
0.875,0.8379
0.88,0.82537
0.885,0.81285
0.89,0.80035
0.895,0.7879
0.9,0.77549
0.905,0.76315
0.91,0.75088
0.915,0.7387
0.92,0.7266
0.925,0.7146
0.93,0.70271
0.935,0.69093
0.94,0.67926
0.945,0.66772
0.95,0.6563
0.955,0.64502
0.96,0.63387
0.965,0.62286
0.97,0.61199
0.975,0.60126
0.98,0.59068
0.985,0.58025
0.99,0.56997
0.995,0.55983
1,0.54985
1.005,0.54002
1.01,0.53034
1.015,0.52081
1.02,0.51143
1.025,0.5022
1.03,0.49313
1.035,0.4842
1.04,0.47543
1.045,0.4668
1.05,0.45832
1.055,0.44999
1.06,0.4418
1.065,0.43376
1.07,0.42586
1.075,0.4181
1.08,0.41048
1.085,0.40299
1.09,0.39565
1.095,0.38843
1.1,0.38135
1.105,0.3744
1.11,0.36758
1.115,0.36089
1.12,0.35432
1.125,0.34788
1.13,0.34156
1.135,0.33535
1.14,0.32927
1.145,0.3233
1.15,0.31744
1.155,0.3117
1.16,0.30607
1.165,0.30054
1.17,0.29512
1.175,0.28981
1.18,0.2846
1.185,0.27949
1.19,0.27447
1.195,0.26956
1.2,0.26474
1.205,0.26001
1.21,0.25538
1.215,0.25083
1.22,0.24638
1.225,0.24201
1.23,0.23772
1.235,0.23352
1.24,0.2294
1.245,0.22536
1.25,0.2214
1.255,0.21752
1.26,0.21371
1.265,0.20998
1.27,0.20632
1.275,0.20273
1.28,0.19921
1.285,0.19576
1.29,0.19237
1.295,0.18905
1.3,0.18579
1.305,0.1826
1.31,0.17947
1.315,0.1764
1.32,0.17339
1.325,0.17044
1.33,0.16754
1.335,0.1647
1.34,0.16191
1.345,0.15918
1.35,0.1565
1.355,0.15387
1.36,0.15129
1.365,0.14876
1.37,0.14628
1.375,0.14385
1.38,0.14146
1.385,0.13912
1.39,0.13682
1.395,0.13456
1.4,0.13235
1.405,0.13018
1.41,0.12805
1.415,0.12596
1.42,0.12391
1.425,0.1219
1.43,0.11992
1.435,0.11798
1.44,0.11608
1.445,0.11421
1.45,0.11238
1.455,0.11058
1.46,0.10882
1.465,0.10708
1.47,0.10538
1.475,0.10371
1.48,0.10208
1.485,0.10047
1.49,0.098887
1.495,0.097336
1.5,0.095813
1.505,0.094318
1.51,0.09285
1.515,0.091408
1.52,0.089993
1.525,0.088603
1.53,0.087238
1.535,0.085897
1.54,0.08458
1.545,0.083287
1.55,0.082017
1.555,0.080769
1.56,0.079544
1.565,0.07834
1.57,0.077157
1.575,0.075995
1.58,0.074854
1.585,0.073733
1.59,0.072631
1.595,0.071548
1.6,0.070485
1.605,0.069439
1.61,0.068412
1.615,0.067403
1.62,0.066411
1.625,0.065436
1.63,0.064478
1.635,0.063536
1.64,0.062611
1.645,0.061701
1.65,0.060807
1.655,0.059928
1.66,0.059064
1.665,0.058214
1.67,0.057379
1.675,0.056558
1.68,0.05575
1.685,0.054957
1.69,0.054176
1.695,0.053409
1.7,0.052654
1.705,0.051912
1.71,0.051182
1.715,0.050464
1.72,0.049758
1.725,0.049063
1.73,0.04838
1.735,0.047709
1.74,0.047048
1.745,0.046398
1.75,0.045758
1.755,0.045129
1.76,0.04451
1.765,0.043902
1.77,0.043303
1.775,0.042713
1.78,0.042133
1.785,0.041562
1.79,0.041001
1.795,0.040448
1.8,0.039904
1.805,0.039369
1.81,0.038842
1.815,0.038324
1.82,0.037814
1.825,0.037312
1.83,0.036817
1.835,0.036331
1.84,0.035852
1.845,0.03538
1.85,0.034916
1.855,0.034459
1.86,0.034009
1.865,0.033566
1.87,0.03313
1.875,0.0327
1.88,0.032277
1.885,0.031861
1.89,0.031451
1.895,0.031047
1.9,0.03065
1.905,0.030258
1.91,0.029872
1.915,0.029492
1.92,0.029118
1.925,0.02875
1.93,0.028386
1.935,0.028029
1.94,0.027677
1.945,0.02733
1.95,0.026988
1.955,0.026651
1.96,0.026319
1.965,0.025992
1.97,0.02567
1.975,0.025353
1.98,0.02504
1.985,0.024732
1.99,0.024428
1.995,0.024129
2,0.023834
2.005,0.023544
2.01,0.023257
2.015,0.022975
2.02,0.022697
2.025,0.022422
2.03,0.022152
2.035,0.021886
2.04,0.021623
2.045,0.021364
2.05,0.021109
2.055,0.020858
2.06,0.02061
2.065,0.020365
2.07,0.020124
2.075,0.019886
2.08,0.019652
2.085,0.019421
2.09,0.019193
2.095,0.018969
2.1,0.018747
2.105,0.018529
2.11,0.018313
2.115,0.018101
2.12,0.017891
2.125,0.017685
2.13,0.017481
2.135,0.01728
2.14,0.017082
2.145,0.016886
2.15,0.016693
2.155,0.016503
2.16,0.016315
2.165,0.01613
2.17,0.015947
2.175,0.015767
2.18,0.015589
2.185,0.015414
2.19,0.015241
2.195,0.01507
2.2,0.014902
2.205,0.014736
2.21,0.014572
2.215,0.01441
2.22,0.01425
2.225,0.014093
2.23,0.013937
2.235,0.013784
2.24,0.013632
2.245,0.013483
2.25,0.013335
2.255,0.013189
2.26,0.013046
2.265,0.012904
2.27,0.012764
2.275,0.012626
2.28,0.012489
2.285,0.012355
2.29,0.012222
2.295,0.012091
2.3,0.011961
2.305,0.011833
2.31,0.011707
2.315,0.011582
2.32,0.011459
2.325,0.011338
2.33,0.011218
2.335,0.011099
2.34,0.010982
2.345,0.010867
2.35,0.010753
2.355,0.01064
2.36,0.010529
2.365,0.010419
2.37,0.01031
2.375,0.010203
2.38,0.010098
2.385,0.009993
2.39,0.0098898
2.395,0.0097879
2.4,0.0096872
2.405,0.0095878
2.41,0.0094895
2.415,0.0093925
2.42,0.0092967
2.425,0.009202
2.43,0.0091084
2.435,0.0090161
2.44,0.0089248
2.445,0.0088346
2.45,0.0087455
2.455,0.0086575
2.46,0.0085705
2.465,0.0084846
2.47,0.0083997
2.475,0.0083159
2.48,0.008233
2.485,0.0081511
2.49,0.0080702
2.495,0.0079902
2.5,0.0079112
2.505,0.0078331
2.51,0.007756
2.515,0.0076797
2.52,0.0076043
2.525,0.0075299
2.53,0.0074563
2.535,0.0073835
2.54,0.0073116
2.545,0.0072405
2.55,0.0071703
2.555,0.0071009
2.56,0.0070322
2.565,0.0069644
2.57,0.0068974
2.575,0.0068311
2.58,0.0067656
2.585,0.0067008
2.59,0.0066368
2.595,0.0065735
2.6,0.0065109
2.605,0.006449
2.61,0.0063878
2.615,0.0063274
2.62,0.0062676
2.625,0.0062085
2.63,0.00615
2.635,0.0060922
2.64,0.0060351
2.645,0.0059786
2.65,0.0059227
2.655,0.0058675
2.66,0.0058128
2.665,0.0057588
2.67,0.0057054
2.675,0.0056525
2.68,0.0056003
2.685,0.0055486
2.69,0.0054975
2.695,0.005447
2.7,0.005397
2.705,0.0053476
2.71,0.0052987
2.715,0.0052503
2.72,0.0052025
2.725,0.0051552
2.73,0.0051084
2.735,0.0050621
2.74,0.0050163
2.745,0.004971
2.75,0.0049262
2.755,0.0048818
2.76,0.004838
2.765,0.0047946
2.77,0.0047517
2.775,0.0047093
2.78,0.0046673
2.785,0.0046257
2.79,0.0045846
2.795,0.0045439
2.8,0.0045037
2.805,0.0044639
2.81,0.0044245
2.815,0.0043855
2.82,0.0043469
2.825,0.0043087
2.83,0.004271
2.835,0.0042336
2.84,0.0041966
2.845,0.00416
2.85,0.0041238
2.855,0.004088
2.86,0.0040525
2.865,0.0040174
2.87,0.0039827
2.875,0.0039483
2.88,0.0039143
2.885,0.0038807
2.89,0.0038473
2.895,0.0038144
2.9,0.0037817
2.905,0.0037494
2.91,0.0037174
2.915,0.0036858
2.92,0.0036545
2.925,0.0036235
2.93,0.0035928
2.935,0.0035624
2.94,0.0035323
2.945,0.0035025
2.95,0.0034731
2.955,0.0034439
2.96,0.003415
2.965,0.0033864
2.97,0.0033581
2.975,0.0033301
2.98,0.0033023
2.985,0.0032749
2.99,0.0032477
2.995,0.0032207
3,0.0031941
3.005,0.0031677
3.01,0.0031415
3.015,0.0031157
3.02,0.0030901
3.025,0.0030647
3.03,0.0030396
3.035,0.0030147
3.04,0.0029901
3.045,0.0029657
3.05,0.0029415
3.055,0.0029176
3.06,0.0028939
3.065,0.0028705
3.07,0.0028472
3.075,0.0028242
3.08,0.0028015
3.085,0.0027789
3.09,0.0027566
3.095,0.0027344
3.1,0.0027125
3.105,0.0026908
3.11,0.0026693
3.115,0.002648
3.12,0.0026269
3.125,0.0026061
3.13,0.0025854
3.135,0.0025649
3.14,0.0025446
3.145,0.0025245
3.15,0.0025046
3.155,0.0024848
3.16,0.0024653
3.165,0.0024459
3.17,0.0024268
3.175,0.0024078
3.18,0.0023889
3.185,0.0023703
3.19,0.0023518
3.195,0.0023335
3.2,0.0023154
3.205,0.0022975
3.21,0.0022797
3.215,0.002262
3.22,0.0022446
3.225,0.0022273
3.23,0.0022101
3.235,0.0021931
3.24,0.0021763
3.245,0.0021596
3.25,0.0021431
3.255,0.0021268
3.26,0.0021105
3.265,0.0020945
3.27,0.0020785
3.275,0.0020628
3.28,0.0020471
3.285,0.0020316
3.29,0.0020163
3.295,0.0020011
3.3,0.001986
3.305,0.001971
3.31,0.0019562
3.315,0.0019416
3.32,0.001927
3.325,0.0019126
3.33,0.0018983
3.335,0.0018842
3.34,0.0018701
3.345,0.0018562
3.35,0.0018424
3.355,0.0018288
3.36,0.0018153
3.365,0.0018018
3.37,0.0017885
3.375,0.0017754
3.38,0.0017623
3.385,0.0017493
3.39,0.0017365
3.395,0.0017238
3.4,0.0017112
3.405,0.0016987
3.41,0.0016863
3.415,0.001674
3.42,0.0016618
3.425,0.0016498
3.43,0.0016378
3.435,0.0016259
3.44,0.0016142
3.445,0.0016025
3.45,0.001591
3.455,0.0015795
3.46,0.0015681
3.465,0.0015569
3.47,0.0015457
3.475,0.0015347
3.48,0.0015237
3.485,0.0015128
3.49,0.001502
3.495,0.0014913
3.5,0.0014807
3.505,0.0014702
3.51,0.0014598
3.515,0.0014495
3.52,0.0014392
3.525,0.001429
3.53,0.001419
3.535,0.001409
3.54,0.0013991
3.545,0.0013893
3.55,0.0013795
3.555,0.0013699
3.56,0.0013603
3.565,0.0013508
3.57,0.0013414
3.575,0.001332
3.58,0.0013228
3.585,0.0013136
3.59,0.0013045
3.595,0.0012955
3.6,0.0012865
3.605,0.0012776
3.61,0.0012688
3.615,0.0012601
3.62,0.0012514
3.625,0.0012428
3.63,0.0012343
3.635,0.0012258
3.64,0.0012175
3.645,0.0012091
3.65,0.0012009
3.655,0.0011927
3.66,0.0011846
3.665,0.0011766
3.67,0.0011686
3.675,0.0011607
3.68,0.0011528
3.685,0.001145
3.69,0.0011373
3.695,0.0011296
3.7,0.001122
3.705,0.0011145
3.71,0.001107
3.715,0.0010996
3.72,0.0010922
3.725,0.0010849
3.73,0.0010777
3.735,0.0010705
3.74,0.0010634
3.745,0.0010563
3.75,0.0010493
3.755,0.0010423
3.76,0.0010354
3.765,0.0010286
3.77,0.0010218
3.775,0.0010151
3.78,0.0010084
3.785,0.0010017
3.79,0.00099516
3.795,0.00098863
3.8,0.00098215
3.805,0.00097572
3.81,0.00096935
3.815,0.00096302
3.82,0.00095674
3.825,0.00095051
3.83,0.00094433
3.835,0.0009382
3.84,0.00093212
3.845,0.00092608
3.85,0.00092009
3.855,0.00091414
3.86,0.00090825
3.865,0.00090239
3.87,0.00089659
3.875,0.00089082
3.88,0.00088511
3.885,0.00087943
3.89,0.0008738
3.895,0.00086821
3.9,0.00086267
3.905,0.00085717
3.91,0.00085171
3.915,0.00084629
3.92,0.00084091
3.925,0.00083558
3.93,0.00083028
3.935,0.00082503
3.94,0.00081981
3.945,0.00081463
3.95,0.0008095
3.955,0.0008044
3.96,0.00079934
3.965,0.00079432
3.97,0.00078933
3.975,0.00078439
3.98,0.00077948
3.985,0.00077461
3.99,0.00076977
3.995,0.00076497
4,0.00076021
4.005,0.00075548
4.01,0.00075078
4.015,0.00074613
4.02,0.0007415
4.025,0.00073691
4.03,0.00073236
4.035,0.00072784
4.04,0.00072335
4.045,0.00071889
4.05,0.00071447
4.055,0.00071008
4.06,0.00070572
4.065,0.0007014
4.07,0.00069711
4.075,0.00069284
4.08,0.00068861
4.085,0.00068441
4.09,0.00068024
4.095,0.00067611
4.1,0.000672
4.105,0.00066792
4.11,0.00066387
4.115,0.00065985
4.12,0.00065586
4.125,0.0006519
4.13,0.00064797
4.135,0.00064406
4.14,0.00064018
4.145,0.00063634
4.15,0.00063252
4.155,0.00062872
4.16,0.00062496
4.165,0.00062122
4.17,0.00061751
4.175,0.00061382
4.18,0.00061016
4.185,0.00060653
4.19,0.00060292
4.195,0.00059934
4.2,0.00059578
4.205,0.00059225
4.21,0.00058875
4.215,0.00058527
4.22,0.00058181
4.225,0.00057838
4.23,0.00057497
4.235,0.00057159
4.24,0.00056823
4.245,0.0005649
4.25,0.00056158
4.255,0.00055829
4.26,0.00055503
4.265,0.00055178
4.27,0.00054856
4.275,0.00054537
4.28,0.00054219
4.285,0.00053904
4.29,0.00053591
4.295,0.0005328
4.3,0.00052971
4.305,0.00052664
4.31,0.0005236
4.315,0.00052057
4.32,0.00051757
4.325,0.00051459
4.33,0.00051163
4.335,0.00050868
4.34,0.00050576
4.345,0.00050286
4.35,0.00049998
4.355,0.00049712
4.36,0.00049428
4.365,0.00049146
4.37,0.00048865
4.375,0.00048587
4.38,0.0004831
4.385,0.00048036
4.39,0.00047763
4.395,0.00047492
4.4,0.00047223
4.405,0.00046956
4.41,0.00046691
4.415,0.00046427
4.42,0.00046165
4.425,0.00045905
4.43,0.00045647
4.435,0.0004539
4.44,0.00045135
4.445,0.00044882
4.45,0.00044631
4.455,0.00044381
4.46,0.00044133
4.465,0.00043887
4.47,0.00043642
4.475,0.00043399
4.48,0.00043158
4.485,0.00042918
4.49,0.00042679
4.495,0.00042443
4.5,0.00042208
4.505,0.00041974
4.51,0.00041742
4.515,0.00041512
4.52,0.00041283
4.525,0.00041055
4.53,0.00040829
4.535,0.00040605
4.54,0.00040382
4.545,0.0004016
4.55,0.0003994
4.555,0.00039722
4.56,0.00039505
4.565,0.00039289
4.57,0.00039075
4.575,0.00038862
4.58,0.0003865
4.585,0.0003844
4.59,0.00038231
4.595,0.00038024
4.6,0.00037818
4.605,0.00037613
4.61,0.0003741
4.615,0.00037207
4.62,0.00037007
4.625,0.00036807
4.63,0.00036609
4.635,0.00036412
4.64,0.00036216
4.645,0.00036022
4.65,0.00035829
4.655,0.00035637
4.66,0.00035446
4.665,0.00035257
4.67,0.00035069
4.675,0.00034882
4.68,0.00034696
4.685,0.00034511
4.69,0.00034328
4.695,0.00034145
4.7,0.00033964
4.705,0.00033784
4.71,0.00033606
4.715,0.00033428
4.72,0.00033251
4.725,0.00033076
4.73,0.00032901
4.735,0.00032728
4.74,0.00032556
4.745,0.00032385
4.75,0.00032215
4.755,0.00032046
4.76,0.00031878
4.765,0.00031711
4.77,0.00031546
4.775,0.00031381
4.78,0.00031217
4.785,0.00031054
4.79,0.00030893
4.795,0.00030732
4.8,0.00030573
4.805,0.00030414
4.81,0.00030256
4.815,0.000301
4.82,0.00029944
4.825,0.00029789
4.83,0.00029635
4.835,0.00029482
4.84,0.00029331
4.845,0.0002918
4.85,0.0002903
4.855,0.0002888
4.86,0.00028732
4.865,0.00028585
4.87,0.00028439
4.875,0.00028293
4.88,0.00028149
4.885,0.00028005
4.89,0.00027862
4.895,0.0002772
4.9,0.00027579
4.905,0.00027439
4.91,0.000273
4.915,0.00027161
4.92,0.00027023
4.925,0.00026886
4.93,0.0002675
4.935,0.00026615
4.94,0.00026481
4.945,0.00026347
4.95,0.00026215
4.955,0.00026083
4.96,0.00025952
4.965,0.00025821
4.97,0.00025692
4.975,0.00025563
4.98,0.00025435
4.985,0.00025308
4.99,0.00025181
4.995,0.00025055
5,0.0002493
5.005,0.00024806
5.01,0.00024683
5.015,0.0002456
5.02,0.00024438
5.025,0.00024317
5.03,0.00024196
5.035,0.00024076
5.04,0.00023957
5.045,0.00023839
5.05,0.00023721
5.055,0.00023604
5.06,0.00023488
5.065,0.00023372
5.07,0.00023257
5.075,0.00023143
5.08,0.00023029
5.085,0.00022916
5.09,0.00022804
5.095,0.00022692
5.1,0.00022581
5.105,0.00022471
5.11,0.00022361
5.115,0.00022252
5.12,0.00022144
5.125,0.00022036
5.13,0.00021929
5.135,0.00021822
5.14,0.00021717
5.145,0.00021611
5.15,0.00021507
5.155,0.00021403
5.16,0.00021299
5.165,0.00021196
5.17,0.00021094
5.175,0.00020992
5.18,0.00020891
5.185,0.00020791
5.19,0.00020691
5.195,0.00020591
5.2,0.00020493
5.205,0.00020394
5.21,0.00020297
5.215,0.000202
5.22,0.00020103
5.225,0.00020007
5.23,0.00019912
5.235,0.00019817
5.24,0.00019723
5.245,0.00019629
5.25,0.00019536
5.255,0.00019443
5.26,0.00019351
5.265,0.00019259
5.27,0.00019168
5.275,0.00019077
5.28,0.00018987
5.285,0.00018897
5.29,0.00018808
5.295,0.0001872
5.3,0.00018632
5.305,0.00018544
5.31,0.00018457
5.315,0.0001837
5.32,0.00018284
5.325,0.00018199
5.33,0.00018113
5.335,0.00018029
5.34,0.00017944
5.345,0.00017861
5.35,0.00017777
5.355,0.00017695
5.36,0.00017612
5.365,0.0001753
5.37,0.00017449
5.375,0.00017368
5.38,0.00017287
5.385,0.00017207
5.39,0.00017128
5.395,0.00017049
5.4,0.0001697
5.405,0.00016891
5.41,0.00016814
5.415,0.00016736
5.42,0.00016659
5.425,0.00016582
5.43,0.00016506
5.435,0.00016431
5.44,0.00016355
5.445,0.0001628
5.45,0.00016206
5.455,0.00016132
5.46,0.00016058
5.465,0.00015985
5.47,0.00015912
5.475,0.00015839
5.48,0.00015767
5.485,0.00015695
5.49,0.00015624
5.495,0.00015553
5.5,0.00015483
5.505,0.00015412
5.51,0.00015343
5.515,0.00015273
5.52,0.00015204
5.525,0.00015136
5.53,0.00015067
5.535,0.00014999
5.54,0.00014932
5.545,0.00014865
5.55,0.00014798
5.555,0.00014731
5.56,0.00014665
5.565,0.000146
5.57,0.00014534
5.575,0.00014469
5.58,0.00014404
5.585,0.0001434
5.59,0.00014276
5.595,0.00014212
5.6,0.00014149
5.605,0.00014086
5.61,0.00014023
5.615,0.00013961
5.62,0.00013899
5.625,0.00013838
5.63,0.00013776
5.635,0.00013715
5.64,0.00013655
5.645,0.00013594
5.65,0.00013534
5.655,0.00013474
5.66,0.00013415
5.665,0.00013356
5.67,0.00013297
5.675,0.00013239
5.68,0.00013181
5.685,0.00013123
5.69,0.00013065
5.695,0.00013008
5.7,0.00012951
5.705,0.00012894
5.71,0.00012838
5.715,0.00012782
5.72,0.00012726
5.725,0.00012671
5.73,0.00012616
5.735,0.00012561
5.74,0.00012506
5.745,0.00012452
5.75,0.00012398
5.755,0.00012344
5.76,0.00012291
5.765,0.00012237
5.77,0.00012184
5.775,0.00012132
5.78,0.00012079
5.785,0.00012027
5.79,0.00011976
5.795,0.00011924
5.8,0.00011873
5.805,0.00011822
5.81,0.00011771
5.815,0.0001172
5.82,0.0001167
5.825,0.0001162
5.83,0.0001157
5.835,0.00011521
5.84,0.00011472
5.845,0.00011423
5.85,0.00011374
5.855,0.00011326
5.86,0.00011277
5.865,0.00011229
5.87,0.00011182
5.875,0.00011134
5.88,0.00011087
5.885,0.0001104
5.89,0.00010993
5.895,0.00010947
5.9,0.000109
5.905,0.00010854
5.91,0.00010808
5.915,0.00010763
5.92,0.00010717
5.925,0.00010672
5.93,0.00010627
5.935,0.00010583
5.94,0.00010538
5.945,0.00010494
5.95,0.0001045
5.955,0.00010406
5.96,0.00010363
5.965,0.00010319
5.97,0.00010276
5.975,0.00010233
5.98,0.00010191
5.985,0.00010148
5.99,0.00010106
5.995,0.00010064
6,0.00010022
6.005,9.9802e-005
6.01,9.9388e-005
6.015,9.8976e-005
6.02,9.8566e-005
6.025,9.8157e-005
6.03,9.7751e-005
6.035,9.7347e-005
6.04,9.6945e-005
6.045,9.6545e-005
6.05,9.6146e-005
6.055,9.575e-005
6.06,9.5356e-005
6.065,9.4964e-005
6.07,9.4573e-005
6.075,9.4185e-005
6.08,9.3798e-005
6.085,9.3413e-005
6.09,9.3031e-005
6.095,9.265e-005
6.1,9.2271e-005
6.105,9.1894e-005
6.11,9.1518e-005
6.115,9.1145e-005
6.12,9.0773e-005
6.125,9.0403e-005
6.13,9.0035e-005
6.135,8.9669e-005
6.14,8.9305e-005
6.145,8.8942e-005
6.15,8.8581e-005
6.155,8.8222e-005
6.16,8.7865e-005
6.165,8.7509e-005
6.17,8.7155e-005
6.175,8.6803e-005
6.18,8.6452e-005
6.185,8.6104e-005
6.19,8.5756e-005
6.195,8.5411e-005
6.2,8.5067e-005
6.205,8.4725e-005
6.21,8.4385e-005
6.215,8.4046e-005
6.22,8.3709e-005
6.225,8.3373e-005
6.23,8.3039e-005
6.235,8.2707e-005
6.24,8.2376e-005
6.245,8.2047e-005
6.25,8.1719e-005
6.255,8.1393e-005
6.26,8.1069e-005
6.265,8.0746e-005
6.27,8.0424e-005
6.275,8.0104e-005
6.28,7.9786e-005
