0,0
2.5484e-006,0
1.0194e-005,0
2.2936e-005,0
4.0775e-005,0
6.371e-005,0
9.1743e-005,0
0.00012487,0
0.0001631,0
0.00020642,0
0.00025484,0
0.00030836,0
0.00036697,0
0.00043068,0
0.00049949,0
0.00057339,0
0.0006524,0
0.00073649,0
0.00082569,0
0.00091998,0
0.0010194,0
0.0011239,0
0.0012334,0
0.0013481,0
0.0014679,0
0.0015928,0
0.0017227,0
0.0018578,0
0.001998,0
0.0021432,0
0.0022936,0
0.002449,0
0.0026096,0
0.0027752,0
0.002946,0
0.0031218,0
0.0033028,0
0.0034888,0
0.0036799,0
0.0038761,0
0.0040775,0
0.0042839,0
0.0044954,0
0.004712,0
0.0049337,0
0.0051606,0
0.0053925,0
0.0056295,0
0.0058716,0
0.0061188,0
0.006371,0
0.0066284,0
0.0068909,0
0.0071585,0
0.0074312,0
0.007709,0
0.0079918,0
0.0082798,0
0.0085729,0
0.008871,0
0.0091743,0
0.0094827,0
0.0097961,0
0.010115,0
0.010438,0
0.010767,0
0.011101,0
0.01144,0
0.011784,0
0.012133,0
0.012487,0
0.012847,0
0.013211,0
0.013581,1.3891e-310
0.013955,4.5635e-294
0.014335,1.2448e-278
0.01472,3.4182e-264
0.01511,1.1262e-250
0.015505,5.2245e-238
0.015905,3.9495e-226
0.01631,5.5606e-215
0.01672,1.6477e-204
0.017136,1.1493e-194
0.017556,2.0911e-185
0.017982,1.0907e-176
0.018412,1.7786e-168
0.018848,9.8191e-161
0.019289,1.9752e-153
0.019735,1.5492e-146
0.020186,5.0428e-140
0.020642,7.2169e-134
0.021103,4.7897e-128
0.02157,1.5487e-122
0.022041,2.5537e-117
0.022518,2.2401e-112
0.022999,1.0873e-107
0.023486,3.0284e-103
0.023978,5.0069e-099
0.024475,5.0709e-095
0.024977,3.2394e-091
0.025484,1.3414e-087
0.025996,3.6929e-084
0.026514,6.9217e-081
0.027036,9.0295e-078
0.027564,8.3692e-075
0.028096,5.6188e-072
0.028634,2.7821e-069
0.029177,1.0332e-066
0.029725,2.9235e-064
0.030278,6.3971e-062
0.030836,1.0975e-059
0.031399,1.4958e-057
0.031967,1.6391e-055
0.032541,1.4608e-053
0.033119,1.0704e-051
0.033703,6.5129e-050
0.034292,3.3225e-048
0.034885,1.4337e-046
0.035484,5.2778e-045
0.036088,1.6705e-043
0.036697,4.5805e-042
0.037311,1.0957e-040
0.037931,2.3018e-039
0.038555,4.2734e-038
0.039185,7.0531e-037
0.039819,1.0407e-035
0.040459,1.3799e-034
0.041103,1.6527e-033
0.041753,1.7963e-032
0.042408,1.7796e-031
0.043068,1.6141e-030
0.043733,1.3454e-029
0.044404,1.0347e-028
0.045079,7.3682e-028
0.045759,4.8749e-027
0.046445,3.0063e-026
0.047136,1.7334e-025
0.047831,9.3725e-025
0.048532,4.7652e-024
0.049238,2.2842e-023
0.049949,1.0349e-022
0.050665,4.442e-022
0.051386,1.8105e-021
0.052113,7.0225e-021
0.052844,2.5974e-020
0.053581,9.1787e-020
0.054322,3.1048e-019
0.055069,1.0071e-018
0.055821,3.1378e-018
0.056577,9.4057e-018
0.057339,2.7167e-017
0.058107,7.5718e-017
0.058879,2.0394e-016
0.059656,5.3148e-016
0.060438,1.342e-015
0.061226,3.2869e-015
0.062018,7.8186e-015
0.062816,1.8082e-014
0.063619,4.0701e-014
0.064427,8.9257e-014
0.06524,1.9089e-013
0.066058,3.9851e-013
0.066881,8.128e-013
0.067709,1.6211e-012
0.068542,3.164e-012
0.069381,6.0482e-012
0.070224,1.1332e-011
0.071073,2.0825e-011
0.071927,3.7563e-011
0.072785,6.6547e-011
0.073649,1.1586e-010
0.074518,1.9838e-010
0.075392,3.3421e-010
0.076272,5.5433e-010
0.077156,9.0566e-010
0.078045,1.4583e-009
0.07894,2.3153e-009
0.079839,3.6265e-009
0.080744,5.606e-009
0.081654,8.5569e-009
0.082569,1.2902e-008
0.083489,1.9224e-008
0.084414,2.8317e-008
0.085344,4.1251e-008
0.086279,5.9452e-008
0.08722,8.4799e-008
0.088165,1.1974e-007
0.089116,1.6745e-007
0.090071,2.3198e-007
0.091032,3.1846e-007
0.091998,4.3333e-007
0.092969,5.8462e-007
0.093945,7.8224e-007
0.094926,1.0383e-006
0.095912,1.3675e-006
0.096904,1.7876e-006
0.0979,2.3198e-006
0.098902,2.9891e-006
0.099908,3.8253e-006
0.10092,4.863e-006
0.10194,6.1424e-006
0.10296,7.7101e-006
0.10399,9.6193e-006
0.10502,1.1931e-005
0.10606,1.4714e-005
0.1071,1.8046e-005
0.10814,2.2013e-005
0.1092,2.6713e-005
0.11025,3.2252e-005
0.11132,3.875e-005
0.11239,4.6334e-005
0.11346,5.5146e-005
0.11454,6.5339e-005
0.11562,7.7078e-005
0.11671,9.054e-005
0.1178,0.00010592
0.1189,0.00012341
0.12,0.00014322
0.12111,0.0001656
0.12222,0.00019076
0.12334,0.00021896
0.12447,0.00025046
0.1256,0.00028553
0.12673,0.00032443
0.12787,0.00036746
0.12901,0.0004149
0.13016,0.00046705
0.13132,0.00052421
0.13248,0.0005867
0.13364,0.0006548
0.13481,0.00072884
0.13599,0.00080912
0.13717,0.00089595
0.13835,0.00098963
0.13954,0.0010905
0.14074,0.0011987
0.14194,0.0013148
0.14314,0.0014388
0.14435,0.0015711
0.14557,0.001712
0.14679,0.0018617
0.14801,0.0020205
0.14925,0.0021886
0.15048,0.0023661
0.15172,0.0025534
0.15297,0.0027506
0.15422,0.0029579
0.15548,0.0031755
0.15674,0.0034035
0.158,0.0036421
0.15928,0.0038913
0.16055,0.0041514
0.16183,0.0044223
0.16312,0.0047042
0.16441,0.0049973
0.16571,0.0053014
0.16701,0.0056168
0.16832,0.0059433
0.16963,0.0062812
0.17095,0.0066303
0.17227,0.0069908
0.1736,0.0073626
0.17493,0.0077457
0.17627,0.0081402
0.17761,0.008546
0.17896,0.0089632
0.18032,0.0093917
0.18167,0.0098315
0.18304,0.010283
0.18441,0.010745
0.18578,0.011219
0.18716,0.011704
0.18854,0.012201
0.18993,0.012709
0.19133,0.013228
0.19272,0.013758
0.19413,0.014301
0.19554,0.014854
0.19695,0.015419
0.19837,0.015996
0.1998,0.016585
0.20123,0.017185
0.20266,0.017798
0.2041,0.018422
0.20555,0.019058
0.207,0.019707
0.20845,0.020368
0.20991,0.021042
0.21138,0.021729
0.21285,0.022428
0.21432,0.023141
0.2158,0.023867
0.21729,0.024607
0.21878,0.025361
0.22028,0.026128
0.22178,0.026911
0.22328,0.027707
0.22479,0.028519
0.22631,0.029346
0.22783,0.030188
0.22936,0.031047
0.23089,0.031921
0.23243,0.032811
0.23397,0.033719
0.23551,0.034643
0.23707,0.035584
0.23862,0.036543
0.24019,0.03752
0.24175,0.038514
0.24333,0.039527
0.2449,0.040559
0.24649,0.041609
0.24807,0.042678
0.24967,0.043766
0.25126,0.044873
0.25287,0.045999
0.25448,0.047145
0.25609,0.04831
0.25771,0.049495
0.25933,0.050698
0.26096,0.051921
0.26259,0.053163
0.26423,0.054423
0.26587,0.055702
0.26752,0.056999
0.26918,0.058313
0.27084,0.059645
0.2725,0.060993
0.27417,0.062356
0.27584,0.063735
0.27752,0.065129
0.27921,0.066535
0.2809,0.067954
0.28259,0.069384
0.28429,0.070823
0.286,0.072272
0.28771,0.073727
0.28942,0.075188
0.29114,0.076653
0.29287,0.07812
0.2946,0.079588
0.29633,0.081053
0.29807,0.082515
0.29982,0.083972
0.30157,0.08542
0.30333,0.086858
0.30509,0.088282
0.30685,0.089692
0.30862,0.091083
0.3104,0.092454
0.31218,0.093802
0.31397,0.095124
0.31576,0.096416
0.31756,0.097678
0.31936,0.098904
0.32116,0.10009
0.32298,0.10124
0.32479,0.10235
0.32662,0.10341
0.32844,0.10442
0.33028,0.10538
0.33211,0.10629
0.33396,0.10715
0.3358,0.10794
0.33766,0.10867
0.33951,0.10934
0.34138,0.10995
0.34324,0.11049
0.34512,0.11096
0.347,0.11136
0.34888,0.11169
0.35077,0.11195
0.35266,0.11214
0.35456,0.11225
0.35646,0.11229
0.35837,0.11226
0.36029,0.11215
0.3622,0.11197
0.36413,0.11171
0.36606,0.11138
0.36799,0.11098
0.36993,0.11051
0.37188,0.10997
0.37383,0.10936
0.37578,0.10869
0.37774,0.10795
0.3797,0.10715
0.38167,0.1063
0.38365,0.10538
0.38563,0.10441
0.38761,0.10338
0.3896,0.10231
0.3916,0.10119
0.3936,0.10003
0.39561,0.09882
0.39762,0.097576
0.39963,0.096298
0.40165,0.094988
0.40368,0.093649
0.40571,0.092284
0.40775,0.090895
0.40979,0.089487
0.41183,0.088062
0.41389,0.086623
0.41594,0.085173
0.418,0.083713
0.42007,0.082248
0.42214,0.080779
0.42422,0.079309
0.4263,0.077841
0.42839,0.076376
0.43048,0.074916
0.43258,0.073464
0.43468,0.072021
0.43679,0.07059
0.4389,0.069172
0.44102,0.067768
0.44314,0.06638
0.44527,0.065009
0.4474,0.063656
0.44954,0.062323
0.45168,0.06101
0.45383,0.059719
0.45599,0.058449
0.45814,0.057203
0.46031,0.055979
0.46248,0.054779
0.46465,0.053603
0.46683,0.052452
0.46901,0.051326
0.4712,0.050224
0.4734,0.049147
0.4756,0.048095
0.4778,0.047069
0.48001,0.046067
0.48222,0.04509
0.48444,0.044137
0.48667,0.043209
0.4889,0.042305
0.49113,0.041425
0.49337,0.040568
0.49562,0.039735
0.49787,0.038925
0.50012,0.038137
0.50239,0.037371
0.50465,0.036626
0.50692,0.035903
0.5092,0.035201
0.51148,0.034519
0.51376,0.033856
0.51606,0.033213
0.51835,0.032589
0.52065,0.031984
0.52296,0.031396
0.52527,0.030825
0.52759,0.030272
0.52991,0.029735
0.53223,0.029214
0.53457,0.028709
0.5369,0.028218
0.53925,0.027743
0.54159,0.027281
0.54394,0.026834
0.5463,0.026399
0.54866,0.025978
0.55103,0.025569
0.5534,0.025172
0.55578,0.024787
0.55817,0.024413
0.56055,0.02405
0.56295,0.023698
0.56534,0.023356
0.56775,0.023023
0.57016,0.0227
0.57257,0.022387
0.57499,0.022082
0.57741,0.021786
0.57984,0.021498
0.58227,0.021218
0.58471,0.020945
0.58716,0.02068
0.5896,0.020422
0.59206,0.020171
0.59452,0.019927
0.59698,0.019689
0.59945,0.019457
0.60193,0.019231
0.60441,0.01901
0.60689,0.018795
0.60938,0.018586
0.61188,0.018381
0.61438,0.018181
0.61688,0.017986
0.61939,0.017796
0.62191,0.017609
0.62443,0.017427
0.62695,0.017249
0.62948,0.017075
0.63202,0.016905
0.63456,0.016738
0.6371,0.016574
0.63966,0.016414
0.64221,0.016257
0.64477,0.016103
0.64734,0.015953
0.64991,0.015804
0.65249,0.015659
0.65507,0.015516
0.65766,0.015376
0.66025,0.015239
0.66284,0.015103
0.66545,0.01497
0.66805,0.014839
0.67067,0.01471
0.67328,0.014584
0.6759,0.014459
0.67853,0.014336
0.68116,0.014215
0.6838,0.014095
0.68644,0.013978
0.68909,0.013862
0.69175,0.013747
0.6944,0.013635
0.69707,0.013523
0.69973,0.013413
0.70241,0.013305
0.70509,0.013198
0.70777,0.013092
0.71046,0.012987
0.71315,0.012884
0.71585,0.012782
0.71856,0.012681
0.72126,0.012581
0.72398,0.012482
0.7267,0.012384
0.72942,0.012288
0.73215,0.012192
0.73489,0.012097
0.73762,0.012004
0.74037,0.011911
0.74312,0.011819
0.74587,0.011729
0.74863,0.011639
0.7514,0.011549
0.75417,0.011461
0.75694,0.011374
0.75972,0.011287
0.76251,0.011201
0.7653,0.011116
0.7681,0.011032
0.7709,0.010949
0.7737,0.010866
0.77651,0.010784
0.77933,0.010703
0.78215,0.010622
0.78498,0.010542
0.78781,0.010463
0.79064,0.010385
0.79349,0.010307
0.79633,0.01023
0.79918,0.010153
0.80204,0.010077
0.8049,0.010002
0.80777,0.0099274
0.81064,0.0098534
0.81352,0.00978
0.8164,0.0097073
0.81929,0.0096351
0.82218,0.0095635
0.82508,0.0094926
0.82798,0.0094222
0.83089,0.0093523
0.8338,0.0092831
0.83672,0.0092144
0.83964,0.0091463
0.84257,0.0090787
0.8455,0.0090117
0.84844,0.0089452
0.85139,0.0088792
0.85433,0.0088138
0.85729,0.0087489
0.86025,0.0086845
0.86321,0.0086207
0.86618,0.0085573
0.86915,0.0084945
0.87213,0.0084322
0.87512,0.0083703
0.87811,0.008309
0.8811,0.0082482
0.8841,0.0081878
0.8871,0.0081279
0.89011,0.0080685
0.89313,0.0080096
0.89615,0.0079512
0.89917,0.0078932
0.9022,0.0078357
0.90524,0.0077786
0.90828,0.007722
0.91133,0.0076659
0.91438,0.0076102
0.91743,0.0075549
0.92049,0.0075001
0.92356,0.0074457
0.92663,0.0073918
0.9297,0.0073383
0.93279,0.0072852
0.93587,0.0072325
0.93896,0.0071803
0.94206,0.0071285
0.94516,0.0070771
0.94827,0.0070261
0.95138,0.0069755
0.9545,0.0069253
0.95762,0.0068755
0.96074,0.0068261
0.96388,0.0067771
0.96701,0.0067285
0.97016,0.0066802
0.9733,0.0066324
0.97646,0.0065849
0.97961,0.0065379
0.98278,0.0064911
0.98594,0.0064448
0.98912,0.0063988
0.99229,0.0063532
0.99548,0.006308
0.99866,0.0062631
1.0019,0.0062186
1.0051,0.0061744
1.0083,0.0061306
1.0115,0.0060871
1.0147,0.006044
1.0179,0.0060012
1.0211,0.0059588
1.0244,0.0059167
1.0276,0.0058749
1.0308,0.0058334
1.0341,0.0057923
1.0373,0.0057515
1.0406,0.0057111
1.0438,0.0056709
1.0471,0.0056311
1.0504,0.0055916
1.0536,0.0055524
1.0569,0.0055135
1.0602,0.0054749
1.0635,0.0054366
1.0668,0.0053986
1.0701,0.0053609
1.0734,0.0053236
1.0767,0.0052865
1.08,0.0052497
1.0833,0.0052132
1.0867,0.0051769
1.09,0.005141
1.0933,0.0051054
1.0967,0.00507
1.1,0.0050349
1.1034,0.0050001
1.1067,0.0049655
1.1101,0.0049312
1.1135,0.0048972
1.1168,0.0048635
1.1202,0.00483
1.1236,0.0047968
1.127,0.0047639
1.1304,0.0047312
1.1338,0.0046987
1.1372,0.0046665
1.1406,0.0046346
1.144,0.0046029
1.1474,0.0045715
1.1508,0.0045403
1.1543,0.0045093
1.1577,0.0044786
1.1611,0.0044481
1.1646,0.0044179
1.168,0.0043879
1.1715,0.0043581
1.1749,0.0043286
1.1784,0.0042993
1.1819,0.0042702
1.1853,0.0042413
1.1888,0.0042127
1.1923,0.0041843
1.1958,0.0041561
1.1993,0.0041281
1.2028,0.0041003
1.2063,0.0040728
1.2098,0.0040455
1.2133,0.0040183
1.2168,0.0039914
1.2203,0.0039647
1.2239,0.0039382
1.2274,0.0039119
1.231,0.0038858
1.2345,0.0038599
1.238,0.0038342
1.2416,0.0038087
1.2452,0.0037834
1.2487,0.0037583
1.2523,0.0037334
1.2559,0.0037086
1.2595,0.0036841
1.263,0.0036597
1.2666,0.0036356
1.2702,0.0036116
1.2738,0.0035878
1.2774,0.0035642
1.281,0.0035407
1.2847,0.0035174
1.2883,0.0034944
1.2919,0.0034714
1.2955,0.0034487
1.2992,0.0034261
1.3028,0.0034037
1.3065,0.0033815
1.3101,0.0033594
1.3138,0.0033375
1.3174,0.0033158
1.3211,0.0032942
1.3248,0.0032728
1.3285,0.0032516
1.3321,0.0032305
1.3358,0.0032096
1.3395,0.0031888
1.3432,0.0031682
1.3469,0.0031477
1.3506,0.0031274
1.3543,0.0031073
1.3581,0.0030873
1.3618,0.0030674
1.3655,0.0030477
1.3692,0.0030282
1.373,0.0030087
1.3767,0.0029895
1.3805,0.0029703
1.3842,0.0029514
1.388,0.0029325
1.3917,0.0029138
1.3955,0.0028952
1.3993,0.0028768
1.4031,0.0028585
1.4069,0.0028404
1.4106,0.0028224
1.4144,0.0028045
1.4182,0.0027867
1.422,0.0027691
1.4259,0.0027516
1.4297,0.0027342
1.4335,0.002717
1.4373,0.0026999
1.4411,0.0026829
1.445,0.002666
1.4488,0.0026493
1.4527,0.0026326
1.4565,0.0026161
1.4604,0.0025998
1.4642,0.0025835
1.4681,0.0025674
1.472,0.0025513
1.4758,0.0025354
1.4797,0.0025197
1.4836,0.002504
1.4875,0.0024884
1.4914,0.002473
1.4953,0.0024576
1.4992,0.0024424
1.5031,0.0024273
1.507,0.0024123
1.511,0.0023974
1.5149,0.0023826
1.5188,0.0023679
1.5228,0.0023533
1.5267,0.0023389
1.5306,0.0023245
1.5346,0.0023102
1.5386,0.0022961
1.5425,0.002282
1.5465,0.002268
1.5505,0.0022542
1.5544,0.0022404
1.5584,0.0022268
1.5624,0.0022132
1.5664,0.0021997
1.5704,0.0021863
1.5744,0.0021731
1.5784,0.0021599
1.5824,0.0021468
1.5864,0.0021338
1.5905,0.0021209
1.5945,0.0021081
1.5985,0.0020953
1.6026,0.0020827
1.6066,0.0020702
1.6107,0.0020577
1.6147,0.0020453
1.6188,0.0020331
1.6228,0.0020209
1.6269,0.0020088
1.631,0.0019967
1.6351,0.0019848
1.6392,0.0019729
1.6432,0.0019612
1.6473,0.0019495
1.6514,0.0019379
1.6555,0.0019263
1.6597,0.0019149
1.6638,0.0019035
1.6679,0.0018922
1.672,0.001881
1.6761,0.0018699
1.6803,0.0018588
1.6844,0.0018479
1.6886,0.001837
1.6927,0.0018261
1.6969,0.0018154
1.701,0.0018047
1.7052,0.0017941
1.7094,0.0017836
1.7136,0.0017731
1.7177,0.0017627
1.7219,0.0017524
1.7261,0.0017422
1.7303,0.001732
1.7345,0.0017219
1.7387,0.0017119
1.7429,0.0017019
1.7472,0.001692
1.7514,0.0016822
1.7556,0.0016724
1.7598,0.0016627
1.7641,0.0016531
1.7683,0.0016435
1.7726,0.001634
1.7768,0.0016246
1.7811,0.0016152
1.7853,0.0016059
1.7896,0.0015967
1.7939,0.0015875
1.7982,0.0015784
1.8024,0.0015693
1.8067,0.0015603
1.811,0.0015514
1.8153,0.0015425
1.8196,0.0015337
1.8239,0.001525
1.8283,0.0015163
1.8326,0.0015076
1.8369,0.001499
1.8412,0.0014905
1.8456,0.0014821
1.8499,0.0014737
1.8543,0.0014653
1.8586,0.001457
1.863,0.0014488
1.8673,0.0014406
1.8717,0.0014324
1.8761,0.0014244
1.8804,0.0014163
1.8848,0.0014084
1.8892,0.0014005
1.8936,0.0013926
1.898,0.0013848
1.9024,0.001377
1.9068,0.0013693
1.9112,0.0013617
1.9156,0.001354
1.92,0.0013465
1.9245,0.001339
1.9289,0.0013315
1.9333,0.0013241
1.9378,0.0013167
1.9422,0.0013094
1.9467,0.0013022
1.9511,0.001295
1.9556,0.0012878
1.9601,0.0012807
1.9645,0.0012736
1.969,0.0012666
1.9735,0.0012596
1.978,0.0012526
1.9825,0.0012457
1.987,0.0012389
1.9915,0.0012321
1.996,0.0012253
2.0005,0.0012186
2.005,0.0012119
2.0095,0.0012053
2.0141,0.0011987
2.0186,0.0011922
2.0231,0.0011857
2.0277,0.0011792
2.0322,0.0011728
2.0368,0.0011664
2.0413,0.0011601
2.0459,0.0011538
2.0505,0.0011475
2.0551,0.0011413
2.0596,0.0011351
2.0642,0.001129
2.0688,0.0011229
2.0734,0.0011168
2.078,0.0011108
2.0826,0.0011048
2.0872,0.0010989
2.0918,0.001093
2.0965,0.0010871
2.1011,0.0010813
2.1057,0.0010755
2.1103,0.0010698
2.115,0.001064
2.1196,0.0010584
2.1243,0.0010527
2.1289,0.0010471
2.1336,0.0010415
2.1383,0.001036
2.1429,0.0010305
2.1476,0.001025
2.1523,0.0010196
2.157,0.0010142
2.1617,0.0010088
2.1664,0.0010035
2.1711,0.00099815
2.1758,0.00099288
2.1805,0.00098765
2.1852,0.00098244
2.1899,0.00097727
2.1947,0.00097213
2.1994,0.00096703
2.2041,0.00096195
2.2089,0.00095691
2.2136,0.0009519
2.2184,0.00094692
2.2231,0.00094197
2.2279,0.00093705
2.2327,0.00093216
2.2374,0.0009273
2.2422,0.00092247
2.247,0.00091768
2.2518,0.00091291
2.2566,0.00090817
2.2614,0.00090346
2.2662,0.00089877
2.271,0.00089412
2.2758,0.0008895
2.2806,0.0008849
2.2854,0.00088033
2.2903,0.0008758
2.2951,0.00087128
2.2999,0.0008668
2.3048,0.00086234
2.3096,0.00085791
2.3145,0.00085351
2.3194,0.00084913
2.3242,0.00084478
2.3291,0.00084046
2.334,0.00083616
2.3388,0.00083189
2.3437,0.00082765
2.3486,0.00082343
2.3535,0.00081924
2.3584,0.00081507
2.3633,0.00081093
2.3682,0.00080681
2.3732,0.00080272
2.3781,0.00079865
2.383,0.0007946
2.3879,0.00079058
2.3929,0.00078659
2.3978,0.00078262
2.4028,0.00077867
2.4077,0.00077474
2.4127,0.00077084
2.4176,0.00076697
2.4226,0.00076311
2.4276,0.00075928
2.4325,0.00075547
2.4375,0.00075169
2.4425,0.00074792
2.4475,0.00074418
2.4525,0.00074046
2.4575,0.00073677
2.4625,0.00073309
2.4675,0.00072944
2.4725,0.00072581
2.4776,0.0007222
2.4826,0.00071861
2.4876,0.00071504
2.4927,0.0007115
2.4977,0.00070797
2.5028,0.00070447
2.5078,0.00070098
2.5129,0.00069752
2.5179,0.00069408
2.523,0.00069066
2.5281,0.00068725
2.5332,0.00068387
2.5382,0.00068051
2.5433,0.00067716
2.5484,0.00067384
2.5535,0.00067054
2.5586,0.00066725
2.5637,0.00066398
2.5688,0.00066074
2.574,0.00065751
2.5791,0.0006543
2.5842,0.00065111
2.5894,0.00064794
2.5945,0.00064478
2.5996,0.00064165
2.6048,0.00063853
2.6099,0.00063543
2.6151,0.00063235
2.6203,0.00062928
2.6254,0.00062624
2.6306,0.00062321
2.6358,0.0006202
2.641,0.0006172
2.6462,0.00061423
2.6514,0.00061127
2.6566,0.00060832
2.6618,0.0006054
2.667,0.00060249
2.6722,0.0005996
2.6774,0.00059672
2.6827,0.00059386
2.6879,0.00059102
2.6931,0.00058819
2.6984,0.00058538
2.7036,0.00058259
2.7089,0.00057981
2.7141,0.00057704
2.7194,0.0005743
2.7247,0.00057156
2.7299,0.00056885
2.7352,0.00056615
2.7405,0.00056346
2.7458,0.00056079
2.7511,0.00055813
2.7564,0.00055549
2.7617,0.00055287
2.767,0.00055026
2.7723,0.00054766
2.7776,0.00054508
2.7829,0.00054251
2.7883,0.00053996
2.7936,0.00053742
2.7989,0.00053489
2.8043,0.00053238
2.8096,0.00052989
2.815,0.0005274
2.8203,0.00052494
2.8257,0.00052248
2.8311,0.00052004
2.8365,0.00051761
2.8418,0.0005152
2.8472,0.0005128
2.8526,0.00051041
2.858,0.00050804
2.8634,0.00050568
2.8688,0.00050333
2.8742,0.00050099
2.8796,0.00049867
2.8851,0.00049636
2.8905,0.00049406
2.8959,0.00049178
2.9013,0.00048951
2.9068,0.00048725
2.9122,0.000485
2.9177,0.00048277
2.9231,0.00048055
2.9286,0.00047834
2.9341,0.00047614
2.9395,0.00047396
2.945,0.00047178
2.9505,0.00046962
2.956,0.00046747
2.9615,0.00046533
2.967,0.00046321
2.9725,0.00046109
2.978,0.00045899
2.9835,0.0004569
2.989,0.00045482
2.9945,0.00045275
3.0001,0.00045069
3.0056,0.00044864
3.0111,0.00044661
3.0167,0.00044458
3.0222,0.00044257
3.0278,0.00044057
3.0333,0.00043857
3.0389,0.00043659
3.0445,0.00043462
3.05,0.00043266
3.0556,0.00043071
3.0612,0.00042877
3.0668,0.00042684
3.0724,0.00042493
3.078,0.00042302
3.0836,0.00042112
3.0892,0.00041923
3.0948,0.00041735
3.1004,0.00041549
3.1061,0.00041363
3.1117,0.00041178
3.1173,0.00040994
3.123,0.00040811
3.1286,0.0004063
3.1343,0.00040449
3.1399,0.00040269
3.1456,0.0004009
3.1512,0.00039912
3.1569,0.00039735
3.1626,0.00039559
3.1683,0.00039383
3.1739,0.00039209
3.1796,0.00039036
3.1853,0.00038863
3.191,0.00038692
3.1967,0.00038521
3.2024,0.00038351
3.2082,0.00038183
3.2139,0.00038015
3.2196,0.00037848
3.2253,0.00037681
3.2311,0.00037516
3.2368,0.00037352
3.2426,0.00037188
3.2483,0.00037025
3.2541,0.00036863
3.2598,0.00036702
3.2656,0.00036542
3.2714,0.00036383
3.2772,0.00036224
3.2829,0.00036066
3.2887,0.00035909
3.2945,0.00035753
3.3003,0.00035598
3.3061,0.00035444
3.3119,0.0003529
3.3177,0.00035137
3.3236,0.00034985
3.3294,0.00034834
3.3352,0.00034683
3.341,0.00034533
3.3469,0.00034384
3.3527,0.00034236
3.3586,0.00034089
3.3644,0.00033942
3.3703,0.00033796
3.3761,0.00033651
3.382,0.00033506
3.3879,0.00033363
3.3938,0.0003322
3.3997,0.00033078
3.4055,0.00032936
3.4114,0.00032795
3.4173,0.00032655
3.4232,0.00032516
3.4292,0.00032377
3.4351,0.00032239
3.441,0.00032102
3.4469,0.00031965
3.4528,0.0003183
3.4588,0.00031694
3.4647,0.0003156
3.4707,0.00031426
3.4766,0.00031293
3.4826,0.00031161
3.4885,0.00031029
3.4945,0.00030898
3.5005,0.00030767
3.5064,0.00030637
3.5124,0.00030508
3.5184,0.0003038
3.5244,0.00030252
3.5304,0.00030125
3.5364,0.00029998
3.5424,0.00029872
3.5484,0.00029747
3.5544,0.00029622
3.5605,0.00029498
3.5665,0.00029375
3.5725,0.00029252
3.5786,0.0002913
3.5846,0.00029008
3.5906,0.00028887
3.5967,0.00028767
3.6028,0.00028647
3.6088,0.00028528
3.6149,0.00028409
3.621,0.00028291
3.627,0.00028174
3.6331,0.00028057
3.6392,0.00027941
3.6453,0.00027825
3.6514,0.0002771
3.6575,0.00027595
3.6636,0.00027481
3.6697,0.00027368
3.6758,0.00027255
3.682,0.00027143
3.6881,0.00027031
3.6942,0.0002692
3.7004,0.00026809
3.7065,0.00026699
3.7127,0.0002659
3.7188,0.00026481
3.725,0.00026372
3.7311,0.00026264
3.7373,0.00026157
3.7435,0.0002605
3.7497,0.00025943
3.7559,0.00025837
3.762,0.00025732
3.7682,0.00025627
3.7744,0.00025523
3.7806,0.00025419
3.7869,0.00025316
3.7931,0.00025213
3.7993,0.00025111
3.8055,0.00025009
3.8117,0.00024908
3.818,0.00024807
3.8242,0.00024706
3.8305,0.00024606
3.8367,0.00024507
3.843,0.00024408
3.8492,0.0002431
3.8555,0.00024212
3.8618,0.00024114
3.8681,0.00024017
3.8743,0.00023921
3.8806,0.00023825
3.8869,0.00023729
3.8932,0.00023634
3.8995,0.00023539
3.9058,0.00023445
3.9121,0.00023351
3.9185,0.00023258
3.9248,0.00023165
3.9311,0.00023072
3.9374,0.0002298
3.9438,0.00022889
3.9501,0.00022798
3.9565,0.00022707
3.9628,0.00022617
3.9692,0.00022527
3.9755,0.00022437
3.9819,0.00022348
3.9883,0.0002226
3.9947,0.00022172
4.001,0.00022084
4.0074,0.00021996
4.0138,0.0002191
4.0202,0.00021823
