0,0
0.005,0
0.01,0
0.015,0
0.02,0
0.025,0
0.03,0
0.035,0
0.04,0
0.045,0
0.05,0
0.055,0
0.06,0
0.065,0
0.07,0
0.075,0
0.08,0
0.085,0
0.09,0
0.095,0
0.1,0
0.105,0
0.11,0
0.115,0
0.12,0
0.125,0
0.13,0
0.135,0
0.14,0
0.145,0
0.15,0
0.155,0
0.16,0
0.165,0
0.17,0
0.175,0
0.18,0
0.185,0
0.19,0
0.195,0
0.2,0
0.205,0
0.21,0
0.215,0
0.22,0
0.225,0
0.23,0
0.235,0
0.24,0
0.245,0
0.25,0
0.255,0
0.26,0
0.265,0
0.27,0
0.275,0
0.28,0
0.285,0
0.29,0
0.295,0
0.3,0
0.305,0
0.31,0
0.315,0
0.32,0
0.325,0
0.33,0
0.335,0
0.34,0
0.345,0
0.35,0
0.355,0
0.36,0
0.365,0
0.37,0
0.375,0
0.38,0
0.385,0
0.39,0
0.395,0
0.4,0
0.405,0
0.41,0
0.415,0
0.42,0
0.425,0
0.43,0
0.435,0
0.44,0
0.445,0
0.45,0
0.455,0
0.46,0
0.465,0
0.47,0
0.475,0
0.48,0
0.485,0
0.49,0
0.495,0
0.5,0
0.505,0
0.51,0
0.515,0
0.52,0
0.525,7.3072e-321
0.53,6.0851e-309
0.535,1.4266e-297
0.54,1.0107e-286
0.545,2.3092e-276
0.55,1.8083e-266
0.555,5.1385e-257
0.56,5.5904e-248
0.565,2.4488e-239
0.57,4.5276e-231
0.575,3.6941e-223
0.58,1.3868e-215
0.585,2.4913e-208
0.59,2.2226e-201
0.595,1.0196e-194
0.6,2.4854e-188
0.605,3.3208e-182
0.61,2.504e-176
0.615,1.0953e-170
0.62,2.853e-165
0.625,4.5349e-160
0.63,4.5024e-155
0.635,2.8542e-150
0.64,1.1795e-145
0.645,3.2409e-141
0.65,6.0318e-137
0.655,7.7395e-133
0.66,6.9619e-129
0.665,4.4604e-125
0.67,2.0663e-121
0.675,7.0201e-118
0.68,1.7731e-114
0.685,3.3724e-111
0.69,4.8893e-108
0.695,5.4665e-105
0.7,4.7655e-102
0.705,3.2733e-99
0.71,1.7893e-96
0.715,7.8583e-94
0.72,2.7979e-91
0.725,8.1456e-89
0.73,1.9551e-86
0.735,3.8991e-84
0.74,6.5091e-82
0.745,9.1609e-80
0.75,1.0943e-77
0.755,1.1167e-75
0.76,9.7955e-74
0.765,7.4289e-72
0.77,4.8988e-70
0.775,2.8239e-68
0.78,1.4303e-66
0.785,6.3968e-65
0.79,2.5379e-63
0.795,8.9728e-62
0.8,2.839e-60
0.805,8.072e-59
0.81,2.0705e-57
0.815,4.8093e-56
0.82,1.0152e-54
0.825,1.9544e-53
0.83,3.4426e-52
0.835,5.5658e-51
0.84,8.2848e-50
0.845,1.1387e-48
0.85,1.4491e-47
0.855,1.7122e-46
0.86,1.883e-45
0.865,1.9324e-44
0.87,1.8548e-43
0.875,1.6689e-42
0.88,1.4109e-41
0.885,1.1229e-40
0.89,8.4316e-40
0.895,5.984e-39
0.9,4.0218e-38
0.905,2.5643e-37
0.91,1.5537e-36
0.915,8.9615e-36
0.92,4.928e-35
0.925,2.5877e-34
0.93,1.2994e-33
0.935,6.2488e-33
0.94,2.8817e-32
0.945,1.2761e-31
0.95,5.4333e-31
0.955,2.2269e-30
0.96,8.797e-30
0.965,3.353e-29
0.97,1.2345e-28
0.975,4.3951e-28
0.98,1.5146e-27
0.985,5.0573e-27
0.99,1.6377e-26
0.995,5.1481e-26
1,1.5724e-25
1.005,4.6699e-25
1.01,1.3498e-24
1.015,3.8003e-24
1.02,1.0429e-23
1.025,2.7919e-23
1.03,7.2959e-23
1.035,1.8625e-22
1.04,4.6477e-22
1.045,1.1345e-21
1.05,2.7103e-21
1.055,6.3416e-21
1.06,1.454e-20
1.065,3.2689e-20
1.07,7.2096e-20
1.075,1.5608e-19
1.08,3.3182e-19
1.085,6.9316e-19
1.09,1.4234e-18
1.095,2.8747e-18
1.1,5.7123e-18
1.105,1.1174e-17
1.11,2.1524e-17
1.115,4.0848e-17
1.12,7.6402e-17
1.125,1.409e-16
1.13,2.5628e-16
1.135,4.5996e-16
1.14,8.1481e-16
1.145,1.4252e-15
1.15,2.4621e-15
1.155,4.2025e-15
1.16,7.0895e-15
1.165,1.1824e-14
1.17,1.95e-14
1.175,3.1813e-14
1.18,5.1354e-14
1.185,8.2047e-14
1.19,1.2977e-13
1.195,2.0325e-13
1.2,3.1531e-13
1.205,4.8461e-13
1.21,7.3806e-13
1.215,1.1141e-12
1.22,1.6673e-12
1.225,2.4742e-12
1.23,3.6415e-12
1.235,5.3166e-12
1.24,7.7016e-12
1.245,1.1071e-11
1.25,1.5797e-11
1.255,2.2376e-11
1.26,3.1471e-11
1.265,4.3955e-11
1.27,6.0976e-11
1.275,8.403e-11
1.28,1.1505e-10
1.285,1.5654e-10
1.29,2.1167e-10
1.295,2.845e-10
1.3,3.8014e-10
1.305,5.0502e-10
1.31,6.6717e-10
1.315,8.7654e-10
1.32,1.1454e-09
1.325,1.489e-09
1.33,1.9257e-09
1.335,2.4781e-09
1.34,3.1733e-09
1.345,4.0441e-09
1.35,5.1298e-09
1.355,6.4772e-09
1.36,8.142e-09
1.365,1.019e-08
1.37,1.2698e-08
1.375,1.5758e-08
1.38,1.9476e-08
1.385,2.3973e-08
1.39,2.9394e-08
1.395,3.5903e-08
1.4,4.3688e-08
1.405,5.2966e-08
1.41,6.3984e-08
1.415,7.7023e-08
1.42,9.24e-08
1.425,1.1047e-07
1.43,1.3165e-07
1.435,1.5637e-07
1.44,1.8515e-07
1.445,2.1855e-07
1.45,2.5719e-07
1.455,3.0177e-07
1.46,3.5305e-07
1.465,4.1186e-07
1.47,4.7913e-07
1.475,5.5587e-07
1.48,6.4317e-07
1.485,7.4223e-07
1.49,8.5435e-07
1.495,9.8093e-07
1.5,1.1235e-06
1.505,1.2837e-06
1.51,1.4632e-06
1.515,1.664e-06
1.52,1.888e-06
1.525,2.1374e-06
1.53,2.4144e-06
1.535,2.7215e-06
1.54,3.0613e-06
1.545,3.4363e-06
1.55,3.8495e-06
1.555,4.3039e-06
1.56,4.8026e-06
1.565,5.3488e-06
1.57,5.9461e-06
1.575,6.5979e-06
1.58,7.3081e-06
1.585,8.0804e-06
1.59,8.9189e-06
1.595,9.8277e-06
1.6,1.0811e-05
1.605,1.1874e-05
1.61,1.302e-05
1.615,1.4254e-05
1.62,1.5581e-05
1.625,1.7006e-05
1.63,1.8533e-05
1.635,2.0169e-05
1.64,2.1917e-05
1.645,2.3784e-05
1.65,2.5774e-05
1.655,2.7893e-05
1.66,3.0145e-05
1.665,3.2538e-05
1.67,3.5075e-05
1.675,3.7763e-05
1.68,4.0607e-05
1.685,4.3612e-05
1.69,4.6783e-05
1.695,5.0127e-05
1.7,5.3648e-05
1.705,5.7353e-05
1.71,6.1245e-05
1.715,6.533e-05
1.72,6.9614e-05
1.725,7.4101e-05
1.73,7.8796e-05
1.735,8.3704e-05
1.74,8.883e-05
1.745,9.4178e-05
1.75,9.9753e-05
1.755,0.00010556
1.76,0.0001116
1.765,0.00011788
1.77,0.0001244
1.775,0.00013117
1.78,0.00013818
1.785,0.00014545
1.79,0.00015298
1.795,0.00016076
1.8,0.00016881
1.805,0.00017712
1.81,0.00018569
1.815,0.00019454
1.82,0.00020365
1.825,0.00021303
1.83,0.00022269
1.835,0.00023262
1.84,0.00024283
1.845,0.00025331
1.85,0.00026407
1.855,0.0002751
1.86,0.00028641
1.865,0.000298
1.87,0.00030987
1.875,0.00032201
1.88,0.00033444
1.885,0.00034713
1.89,0.00036011
1.895,0.00037335
1.9,0.00038687
1.905,0.00040067
1.91,0.00041474
1.915,0.00042907
1.92,0.00044368
1.925,0.00045856
1.93,0.0004737
1.935,0.00048911
1.94,0.00050479
1.945,0.00052072
1.95,0.00053692
1.955,0.00055338
1.96,0.0005701
1.965,0.00058708
1.97,0.00060432
1.975,0.00062181
1.98,0.00063956
1.985,0.00065757
1.99,0.00067583
1.995,0.00069434
2,0.00071311
2.005,0.00073213
2.01,0.00075141
2.015,0.00077095
2.02,0.00079074
2.025,0.00081079
2.03,0.0008311
2.035,0.00085166
2.04,0.00087249
2.045,0.00089359
2.05,0.00091496
2.055,0.00093659
2.06,0.0009585
2.065,0.0009807
2.07,0.0010032
2.075,0.0010259
2.08,0.001049
2.085,0.0010723
2.09,0.001096
2.095,0.00112
2.1,0.0011443
2.105,0.0011689
2.11,0.0011939
2.115,0.0012192
2.12,0.0012449
2.125,0.0012709
2.13,0.0012973
2.135,0.0013241
2.14,0.0013513
2.145,0.0013789
2.15,0.001407
2.155,0.0014355
2.16,0.0014645
2.165,0.0014939
2.17,0.0015238
2.175,0.0015543
2.18,0.0015852
2.185,0.0016167
2.19,0.0016488
2.195,0.0016815
2.2,0.0017148
2.205,0.0017487
2.21,0.0017832
2.215,0.0018185
2.22,0.0018544
2.225,0.0018911
2.23,0.0019285
2.235,0.0019667
2.24,0.0020058
2.245,0.0020456
2.25,0.0020863
2.255,0.002128
2.26,0.0021705
2.265,0.002214
2.27,0.0022585
2.275,0.0023041
2.28,0.0023507
2.285,0.0023984
2.29,0.0024472
2.295,0.0024972
2.3,0.0025484
2.305,0.0026008
2.31,0.0026545
2.315,0.0027096
2.32,0.0027659
2.325,0.0028237
2.33,0.0028829
2.335,0.0029436
2.34,0.0030058
2.345,0.0030695
2.35,0.0031348
2.355,0.0032018
2.36,0.0032704
2.365,0.0033406
2.37,0.0034127
2.375,0.0034865
2.38,0.0035621
2.385,0.0036395
2.39,0.0037188
2.395,0.0038
2.4,0.0038831
2.405,0.0039681
2.41,0.0040552
2.415,0.0041442
2.42,0.0042352
2.425,0.0043283
2.43,0.0044234
2.435,0.0045206
2.44,0.0046197
2.445,0.004721
2.45,0.0048243
2.455,0.0049296
2.46,0.0050369
2.465,0.0051463
2.47,0.0052576
2.475,0.0053708
2.48,0.0054859
2.485,0.0056029
2.49,0.0057217
2.495,0.0058422
2.5,0.0059644
2.505,0.0060882
2.51,0.0062135
2.515,0.0063402
2.52,0.0064682
2.525,0.0065974
2.53,0.0067277
2.535,0.0068589
2.54,0.006991
2.545,0.0071237
2.55,0.007257
2.555,0.0073906
2.56,0.0075244
2.565,0.0076582
2.57,0.0077917
2.575,0.0079249
2.58,0.0080576
2.585,0.0081894
2.59,0.0083201
2.595,0.0084497
2.6,0.0085777
2.605,0.008704
2.61,0.0088284
2.615,0.0089506
2.62,0.0090703
2.625,0.0091874
2.63,0.0093015
2.635,0.0094124
2.64,0.00952
2.645,0.0096238
2.65,0.0097237
2.655,0.0098196
2.66,0.009911
2.665,0.0099978
2.67,0.01008
2.675,0.010157
2.68,0.010229
2.685,0.010295
2.69,0.010356
2.695,0.010411
2.7,0.010461
2.705,0.010504
2.71,0.010542
2.715,0.010573
2.72,0.010598
2.725,0.010616
2.73,0.010628
2.735,0.010634
2.74,0.010634
2.745,0.010627
2.75,0.010613
2.755,0.010594
2.76,0.010568
2.765,0.010536
2.77,0.010497
2.775,0.010453
2.78,0.010403
2.785,0.010347
2.79,0.010286
2.795,0.010219
2.8,0.010148
2.805,0.010071
2.81,0.0099891
2.815,0.0099028
2.82,0.0098122
2.825,0.0097175
2.83,0.0096188
2.835,0.0095165
2.84,0.0094107
2.845,0.0093018
2.85,0.00919
2.855,0.0090754
2.86,0.0089584
2.865,0.0088392
2.87,0.0087181
2.875,0.0085952
2.88,0.0084709
2.885,0.0083453
2.89,0.0082187
2.895,0.0080913
2.9,0.0079633
2.905,0.0078349
2.91,0.0077063
2.915,0.0075777
2.92,0.0074493
2.925,0.0073213
2.93,0.0071938
2.935,0.0070669
2.94,0.0069409
2.945,0.0068159
2.95,0.0066919
2.955,0.0065692
2.96,0.0064477
2.965,0.0063278
2.97,0.0062093
2.975,0.0060924
2.98,0.0059772
2.985,0.0058638
2.99,0.0057522
2.995,0.0056425
3,0.0055347
3.005,0.0054288
3.01,0.005325
3.015,0.0052232
3.02,0.0051234
3.025,0.0050257
3.03,0.00493
3.035,0.0048365
3.04,0.004745
3.045,0.0046556
3.05,0.0045683
3.055,0.0044831
3.06,0.0044
3.065,0.0043188
3.07,0.0042397
3.075,0.0041626
3.08,0.0040875
3.085,0.0040144
3.09,0.0039431
3.095,0.0038738
3.1,0.0038063
3.105,0.0037407
3.11,0.0036768
3.115,0.0036148
3.12,0.0035544
3.125,0.0034958
3.13,0.0034388
3.135,0.0033835
3.14,0.0033297
3.145,0.0032775
3.15,0.0032268
3.155,0.0031776
3.16,0.0031298
3.165,0.0030835
3.17,0.0030385
3.175,0.0029948
3.18,0.0029524
3.185,0.0029113
3.19,0.0028714
3.195,0.0028328
3.2,0.0027952
3.205,0.0027588
3.21,0.0027235
3.215,0.0026892
3.22,0.002656
3.225,0.0026238
3.23,0.0025925
3.235,0.0025622
3.24,0.0025328
3.245,0.0025042
3.25,0.0024766
3.255,0.0024497
3.26,0.0024236
3.265,0.0023983
3.27,0.0023738
3.275,0.00235
3.28,0.0023268
3.285,0.0023044
3.29,0.0022826
3.295,0.0022614
3.3,0.0022408
3.305,0.0022209
3.31,0.0022015
3.315,0.0021826
3.32,0.0021643
3.325,0.0021464
3.33,0.0021291
3.335,0.0021123
3.34,0.0020959
3.345,0.0020799
3.35,0.0020644
3.355,0.0020493
3.36,0.0020345
3.365,0.0020202
3.37,0.0020062
3.375,0.0019926
3.38,0.0019793
3.385,0.0019663
3.39,0.0019536
3.395,0.0019413
3.4,0.0019292
3.405,0.0019174
3.41,0.0019059
3.415,0.0018947
3.42,0.0018836
3.425,0.0018729
3.43,0.0018623
3.435,0.001852
3.44,0.0018419
3.445,0.0018319
3.45,0.0018222
3.455,0.0018127
3.46,0.0018033
3.465,0.0017941
3.47,0.0017851
3.475,0.0017762
3.48,0.0017675
3.485,0.0017589
3.49,0.0017505
3.495,0.0017422
3.5,0.001734
3.505,0.001726
3.51,0.001718
3.515,0.0017102
3.52,0.0017025
3.525,0.0016948
3.53,0.0016873
3.535,0.0016799
3.54,0.0016726
3.545,0.0016653
3.55,0.0016581
3.555,0.0016511
3.56,0.0016441
3.565,0.0016371
3.57,0.0016302
3.575,0.0016234
3.58,0.0016167
3.585,0.00161
3.59,0.0016034
3.595,0.0015969
3.6,0.0015904
3.605,0.0015839
3.61,0.0015775
3.615,0.0015712
3.62,0.0015649
3.625,0.0015586
3.63,0.0015524
3.635,0.0015462
3.64,0.0015401
3.645,0.001534
3.65,0.0015279
3.655,0.0015219
3.66,0.0015159
3.665,0.00151
3.67,0.0015041
3.675,0.0014982
3.68,0.0014923
3.685,0.0014865
3.69,0.0014807
3.695,0.001475
3.7,0.0014692
3.705,0.0014635
3.71,0.0014578
3.715,0.0014522
3.72,0.0014466
3.725,0.001441
3.73,0.0014354
3.735,0.0014298
3.74,0.0014243
3.745,0.0014188
3.75,0.0014133
3.755,0.0014078
3.76,0.0014024
3.765,0.001397
3.77,0.0013916
3.775,0.0013862
3.78,0.0013808
3.785,0.0013755
3.79,0.0013702
3.795,0.0013649
3.8,0.0013596
3.805,0.0013544
3.81,0.0013491
3.815,0.0013439
3.82,0.0013387
3.825,0.0013335
3.83,0.0013284
3.835,0.0013232
3.84,0.0013181
3.845,0.001313
3.85,0.0013079
3.855,0.0013029
3.86,0.0012978
3.865,0.0012928
3.87,0.0012878
3.875,0.0012828
3.88,0.0012778
3.885,0.0012729
3.89,0.0012679
3.895,0.001263
3.9,0.0012581
3.905,0.0012532
3.91,0.0012483
3.915,0.0012435
3.92,0.0012387
3.925,0.0012338
3.93,0.001229
3.935,0.0012243
3.94,0.0012195
3.945,0.0012148
3.95,0.00121
3.955,0.0012053
3.96,0.0012006
3.965,0.001196
3.97,0.0011913
3.975,0.0011867
3.98,0.001182
3.985,0.0011774
3.99,0.0011729
3.995,0.0011683
4,0.0011637
4.005,0.0011592
4.01,0.0011547
4.015,0.0011502
4.02,0.0011457
4.025,0.0011412
4.03,0.0011368
4.035,0.0011323
4.04,0.0011279
4.045,0.0011235
4.05,0.0011191
4.055,0.0011148
4.06,0.0011104
4.065,0.0011061
4.07,0.0011018
4.075,0.0010975
4.08,0.0010932
4.085,0.0010889
4.09,0.0010847
4.095,0.0010805
4.1,0.0010762
4.105,0.001072
4.11,0.0010679
4.115,0.0010637
4.12,0.0010595
4.125,0.0010554
4.13,0.0010513
4.135,0.0010472
4.14,0.0010431
4.145,0.001039
4.15,0.001035
4.155,0.0010309
4.16,0.0010269
4.165,0.0010229
4.17,0.0010189
4.175,0.001015
4.18,0.001011
4.185,0.0010071
4.19,0.0010031
4.195,0.00099923
4.2,0.00099534
4.205,0.00099146
4.21,0.0009876
4.215,0.00098376
4.22,0.00097993
4.225,0.00097611
4.23,0.00097231
4.235,0.00096853
4.24,0.00096476
4.245,0.00096101
4.25,0.00095727
4.255,0.00095355
4.26,0.00094984
4.265,0.00094615
4.27,0.00094247
4.275,0.00093881
4.28,0.00093516
4.285,0.00093153
4.29,0.00092792
4.295,0.00092431
4.3,0.00092073
4.305,0.00091716
4.31,0.0009136
4.315,0.00091006
4.32,0.00090653
4.325,0.00090301
4.33,0.00089952
4.335,0.00089603
4.34,0.00089256
4.345,0.00088911
4.35,0.00088567
4.355,0.00088224
4.36,0.00087883
4.365,0.00087543
4.37,0.00087204
4.375,0.00086867
4.38,0.00086532
4.385,0.00086198
4.39,0.00085865
4.395,0.00085534
4.4,0.00085204
4.405,0.00084875
4.41,0.00084548
4.415,0.00084222
4.42,0.00083897
4.425,0.00083574
4.43,0.00083252
4.435,0.00082932
4.44,0.00082613
4.445,0.00082295
4.45,0.00081979
4.455,0.00081664
4.46,0.0008135
4.465,0.00081038
4.47,0.00080727
4.475,0.00080417
4.48,0.00080108
4.485,0.00079801
4.49,0.00079495
4.495,0.00079191
4.5,0.00078888
4.505,0.00078586
4.51,0.00078285
4.515,0.00077985
4.52,0.00077687
4.525,0.0007739
4.53,0.00077095
4.535,0.000768
4.54,0.00076507
4.545,0.00076215
4.55,0.00075925
4.555,0.00075635
4.56,0.00075347
4.565,0.0007506
4.57,0.00074774
4.575,0.0007449
4.58,0.00074207
4.585,0.00073924
4.59,0.00073643
4.595,0.00073364
4.6,0.00073085
4.605,0.00072808
4.61,0.00072532
4.615,0.00072257
4.62,0.00071983
4.625,0.0007171
4.63,0.00071439
4.635,0.00071168
4.64,0.00070899
4.645,0.00070631
4.65,0.00070364
4.655,0.00070099
4.66,0.00069834
4.665,0.00069571
4.67,0.00069308
4.675,0.00069047
4.68,0.00068787
4.685,0.00068528
4.69,0.0006827
4.695,0.00068013
4.7,0.00067757
4.705,0.00067503
4.71,0.00067249
4.715,0.00066997
4.72,0.00066745
4.725,0.00066495
4.73,0.00066246
4.735,0.00065998
4.74,0.00065751
4.745,0.00065504
4.75,0.00065259
4.755,0.00065016
4.76,0.00064773
4.765,0.00064531
4.77,0.0006429
4.775,0.0006405
4.78,0.00063811
4.785,0.00063573
4.79,0.00063337
4.795,0.00063101
4.8,0.00062866
4.805,0.00062632
4.81,0.000624
4.815,0.00062168
4.82,0.00061937
4.825,0.00061707
4.83,0.00061479
4.835,0.00061251
4.84,0.00061024
4.845,0.00060798
4.85,0.00060573
4.855,0.00060349
4.86,0.00060126
4.865,0.00059904
4.87,0.00059683
4.875,0.00059463
4.88,0.00059243
4.885,0.00059025
4.89,0.00058808
4.895,0.00058591
4.9,0.00058376
4.905,0.00058161
4.91,0.00057947
4.915,0.00057735
4.92,0.00057523
4.925,0.00057312
4.93,0.00057102
4.935,0.00056892
4.94,0.00056684
4.945,0.00056477
4.95,0.0005627
4.955,0.00056065
4.96,0.0005586
4.965,0.00055656
4.97,0.00055453
4.975,0.00055251
4.98,0.00055049
4.985,0.00054849
4.99,0.00054649
4.995,0.0005445
5,0.00054252
5.005,0.00054055
5.01,0.00053859
5.015,0.00053664
5.02,0.00053469
5.025,0.00053275
5.03,0.00053082
5.035,0.0005289
5.04,0.00052699
5.045,0.00052508
5.05,0.00052318
5.055,0.0005213
5.06,0.00051941
5.065,0.00051754
5.07,0.00051568
5.075,0.00051382
5.08,0.00051197
5.085,0.00051013
5.09,0.00050829
5.095,0.00050647
5.1,0.00050465
5.105,0.00050284
5.11,0.00050103
5.115,0.00049924
5.12,0.00049745
5.125,0.00049567
5.13,0.00049389
5.135,0.00049213
5.14,0.00049037
5.145,0.00048862
5.15,0.00048688
5.155,0.00048514
5.16,0.00048341
5.165,0.00048169
5.17,0.00047997
5.175,0.00047827
5.18,0.00047657
5.185,0.00047487
5.19,0.00047319
5.195,0.00047151
5.2,0.00046984
5.205,0.00046817
5.21,0.00046651
5.215,0.00046486
5.22,0.00046322
5.225,0.00046158
5.23,0.00045995
5.235,0.00045833
5.24,0.00045671
5.245,0.0004551
5.25,0.0004535
5.255,0.0004519
5.26,0.00045031
5.265,0.00044873
5.27,0.00044715
5.275,0.00044558
5.28,0.00044402
5.285,0.00044246
5.29,0.00044091
5.295,0.00043937
5.3,0.00043783
5.305,0.0004363
5.31,0.00043477
5.315,0.00043325
5.32,0.00043174
5.325,0.00043023
5.33,0.00042873
5.335,0.00042724
5.34,0.00042575
5.345,0.00042427
5.35,0.0004228
5.355,0.00042133
5.36,0.00041986
5.365,0.00041841
5.37,0.00041695
5.375,0.00041551
5.38,0.00041407
5.385,0.00041264
5.39,0.00041121
5.395,0.00040979
5.4,0.00040837
5.405,0.00040696
5.41,0.00040556
5.415,0.00040416
5.42,0.00040277
5.425,0.00040138
5.43,0.0004
5.435,0.00039863
5.44,0.00039726
5.445,0.00039589
5.45,0.00039453
5.455,0.00039318
5.46,0.00039183
5.465,0.00039049
5.47,0.00038915
5.475,0.00038782
5.48,0.0003865
5.485,0.00038518
5.49,0.00038386
5.495,0.00038255
5.5,0.00038125
5.505,0.00037995
5.51,0.00037866
5.515,0.00037737
5.52,0.00037609
5.525,0.00037481
5.53,0.00037354
5.535,0.00037227
5.54,0.00037101
5.545,0.00036975
5.55,0.0003685
5.555,0.00036725
5.56,0.00036601
5.565,0.00036477
5.57,0.00036354
5.575,0.00036231
5.58,0.00036109
5.585,0.00035988
5.59,0.00035866
5.595,0.00035746
5.6,0.00035625
5.605,0.00035506
5.61,0.00035386
5.615,0.00035268
5.62,0.00035149
5.625,0.00035032
5.63,0.00034914
5.635,0.00034797
5.64,0.00034681
5.645,0.00034565
5.65,0.0003445
5.655,0.00034335
5.66,0.0003422
5.665,0.00034106
5.67,0.00033992
5.675,0.00033879
5.68,0.00033766
5.685,0.00033654
5.69,0.00033542
5.695,0.00033431
5.7,0.0003332
5.705,0.0003321
5.71,0.000331
5.715,0.0003299
5.72,0.00032881
5.725,0.00032772
5.73,0.00032664
5.735,0.00032556
5.74,0.00032449
5.745,0.00032342
5.75,0.00032235
5.755,0.00032129
5.76,0.00032023
5.765,0.00031918
5.77,0.00031813
5.775,0.00031708
5.78,0.00031604
5.785,0.00031501
5.79,0.00031397
5.795,0.00031295
5.8,0.00031192
5.805,0.0003109
5.81,0.00030989
5.815,0.00030887
5.82,0.00030787
5.825,0.00030686
5.83,0.00030586
5.835,0.00030486
5.84,0.00030387
5.845,0.00030288
5.85,0.0003019
5.855,0.00030092
5.86,0.00029994
5.865,0.00029897
5.87,0.000298
5.875,0.00029703
5.88,0.00029607
5.885,0.00029511
5.89,0.00029416
5.895,0.00029321
5.9,0.00029226
5.905,0.00029132
5.91,0.00029038
5.915,0.00028944
5.92,0.00028851
5.925,0.00028758
5.93,0.00028666
5.935,0.00028574
5.94,0.00028482
5.945,0.00028391
5.95,0.000283
5.955,0.00028209
5.96,0.00028119
5.965,0.00028029
5.97,0.00027939
5.975,0.0002785
5.98,0.00027761
5.985,0.00027672
5.99,0.00027584
5.995,0.00027496
6,0.00027408
6.005,0.00027321
6.01,0.00027234
6.015,0.00027148
6.02,0.00027062
6.025,0.00026976
6.03,0.0002689
6.035,0.00026805
6.04,0.0002672
6.045,0.00026635
6.05,0.00026551
6.055,0.00026467
6.06,0.00026384
6.065,0.000263
6.07,0.00026217
6.075,0.00026135
6.08,0.00026052
6.085,0.0002597
6.09,0.00025889
6.095,0.00025807
6.1,0.00025726
6.105,0.00025645
6.11,0.00025565
6.115,0.00025485
6.12,0.00025405
6.125,0.00025325
6.13,0.00025246
6.135,0.00025167
6.14,0.00025088
6.145,0.0002501
6.15,0.00024932
6.155,0.00024854
6.16,0.00024777
6.165,0.000247
6.17,0.00024623
6.175,0.00024546
6.18,0.0002447
6.185,0.00024394
6.19,0.00024318
6.195,0.00024243
6.2,0.00024168
6.205,0.00024093
6.21,0.00024018
6.215,0.00023944
6.22,0.0002387
6.225,0.00023796
6.23,0.00023723
6.235,0.0002365
6.24,0.00023577
6.245,0.00023504
6.25,0.00023432
6.255,0.0002336
6.26,0.00023288
6.265,0.00023216
6.27,0.00023145
6.275,0.00023074
6.28,0.00023003
