0,0
2.5484e-006,0
1.0194e-005,0
2.2936e-005,0
4.0775e-005,0
6.371e-005,0
9.1743e-005,0
0.00012487,0
0.0001631,0
0.00020642,0
0.00025484,0
0.00030836,0
0.00036697,0
0.00043068,0
0.00049949,0
0.00057339,0
0.0006524,0
0.00073649,0
0.00082569,0
0.00091998,0
0.0010194,0
0.0011239,0
0.0012334,0
0.0013481,0
0.0014679,0
0.0015928,0
0.0017227,0
0.0018578,6.0752e-292
0.001998,6.5272e-252
0.0021432,1.9272e-218
0.0022936,2.7654e-190
0.002449,1.8394e-166
0.0026096,3.3795e-146
0.0027752,7.1196e-129
0.002946,5.3947e-114
0.0031218,3.7049e-101
0.0033028,4.892e-090
0.0034888,2.2981e-080
0.0036799,6.3736e-072
0.0038761,1.5869e-064
0.0040775,5.0255e-058
0.0042839,2.7083e-052
0.0044954,3.1712e-047
0.004712,9.9118e-043
0.0049337,9.844e-039
0.0051606,3.6022e-035
0.0053925,5.5102e-032
0.0056295,3.9253e-029
0.0058716,1.4288e-026
0.0061188,2.8783e-024
0.006371,3.4386e-022
0.0066284,2.5862e-020
0.0068909,1.29e-018
0.0071585,4.4652e-017
0.0074312,1.1159e-015
0.007709,2.0843e-014
0.0079918,3.0001e-013
0.0082798,3.4181e-012
0.0085729,3.1563e-011
0.008871,2.4122e-010
0.0091743,1.5543e-009
0.0094827,8.5838e-009
0.0097961,4.1232e-008
0.010115,1.7453e-007
0.010438,6.586e-007
0.010767,2.2389e-006
0.011101,6.9212e-006
0.01144,1.9619e-005
0.011784,5.1384e-005
0.012133,0.00012519
0.012487,0.00028545
0.012847,0.00061257
0.013211,0.0012434
0.013581,0.002398
0.013955,0.0044124
0.014335,0.0077749
0.01472,0.013164
0.01511,0.021483
0.015505,0.033888
0.015905,0.051803
0.01631,0.07692
0.01672,0.11118
0.017136,0.15675
0.017556,0.21593
0.017982,0.29114
0.018412,0.38478
0.018848,0.49919
0.019289,0.63653
0.019735,0.79869
0.020186,0.98724
0.020642,1.2034
0.021103,1.4478
0.02157,1.7207
0.022041,2.0219
0.022518,2.3507
0.022999,2.7058
0.023486,3.0856
0.023978,3.4881
0.024475,3.9109
0.024977,4.3513
0.025484,4.8065
0.025996,5.2734
0.026514,5.749
0.027036,6.23
0.027564,6.7134
0.028096,7.1962
0.028634,7.6753
0.029177,8.1479
0.029725,8.6115
0.030278,9.0636
0.030836,9.5021
0.031399,9.9249
0.031967,10.33
0.032541,10.717
0.033119,11.083
0.033703,11.428
0.034292,11.752
0.034885,12.052
0.035484,12.33
0.036088,12.584
0.036697,12.815
0.037311,13.022
0.037931,13.207
0.038555,13.369
0.039185,13.508
0.039819,13.626
0.040459,13.723
0.041103,13.8
0.041753,13.857
0.042408,13.895
0.043068,13.915
0.043733,13.918
0.044404,13.905
0.045079,13.876
0.045759,13.832
0.046445,13.775
0.047136,13.706
0.047831,13.624
0.048532,13.531
0.049238,13.428
0.049949,13.315
0.050665,13.193
0.051386,13.064
0.052113,12.927
0.052844,12.783
0.053581,12.634
0.054322,12.479
0.055069,12.319
0.055821,12.156
0.056577,11.988
0.057339,11.817
0.058107,11.644
0.058879,11.468
0.059656,11.29
0.060438,11.111
0.061226,10.931
0.062018,10.75
0.062816,10.569
0.063619,10.387
0.064427,10.206
0.06524,10.025
0.066058,9.8447
0.066881,9.6652
0.067709,9.4867
0.068542,9.3094
0.069381,9.1334
0.070224,8.959
0.071073,8.7862
0.071927,8.6152
0.072785,8.446
0.073649,8.2789
0.074518,8.1138
0.075392,7.9508
0.076272,7.7901
0.077156,7.6316
0.078045,7.4755
0.07894,7.3217
0.079839,7.1703
0.080744,7.0213
0.081654,6.8748
0.082569,6.7307
0.083489,6.5891
0.084414,6.45
0.085344,6.3134
0.086279,6.1792
0.08722,6.0475
0.088165,5.9183
0.089116,5.7915
0.090071,5.6672
0.091032,5.5452
0.091998,5.4257
0.092969,5.3086
0.093945,5.1938
0.094926,5.0813
0.095912,4.9711
0.096904,4.8632
0.0979,4.7576
0.098902,4.6541
0.099908,4.5528
0.10092,4.4537
0.10194,4.3567
0.10296,4.2617
0.10399,4.1688
0.10502,4.0779
0.10606,3.989
0.1071,3.902
0.10814,3.8169
0.1092,3.7337
0.11025,3.6524
0.11132,3.5728
0.11239,3.495
0.11346,3.4189
0.11454,3.3446
0.11562,3.2719
0.11671,3.2008
0.1178,3.1313
0.1189,3.0634
0.12,2.997
0.12111,2.9321
0.12222,2.8687
0.12334,2.8067
0.12447,2.7462
0.1256,2.687
0.12673,2.6291
0.12787,2.5726
0.12901,2.5173
0.13016,2.4633
0.13132,2.4106
0.13248,2.359
0.13364,2.3086
0.13481,2.2594
0.13599,2.2113
0.13717,2.1643
0.13835,2.1184
0.13954,2.0735
0.14074,2.0296
0.14194,1.9867
0.14314,1.9448
0.14435,1.9039
0.14557,1.8639
0.14679,1.8248
0.14801,1.7866
0.14925,1.7493
0.15048,1.7128
0.15172,1.6772
0.15297,1.6423
0.15422,1.6083
0.15548,1.575
0.15674,1.5424
0.158,1.5107
0.15928,1.4796
0.16055,1.4492
0.16183,1.4195
0.16312,1.3905
0.16441,1.3622
0.16571,1.3344
0.16701,1.3073
0.16832,1.2808
0.16963,1.2549
0.17095,1.2296
0.17227,1.2049
0.1736,1.1807
0.17493,1.157
0.17627,1.1339
0.17761,1.1113
0.17896,1.0892
0.18032,1.0675
0.18167,1.0464
0.18304,1.0257
0.18441,1.0055
0.18578,0.98573
0.18716,0.9664
0.18854,0.94748
0.18993,0.92899
0.19133,0.9109
0.19272,0.8932
0.19413,0.87589
0.19554,0.85896
0.19695,0.8424
0.19837,0.8262
0.1998,0.81035
0.20123,0.79484
0.20266,0.77967
0.2041,0.76483
0.20555,0.75031
0.207,0.7361
0.20845,0.72219
0.20991,0.70859
0.21138,0.69527
0.21285,0.68224
0.21432,0.66949
0.2158,0.65701
0.21729,0.64479
0.21878,0.63284
0.22028,0.62113
0.22178,0.60968
0.22328,0.59846
0.22479,0.58748
0.22631,0.57674
0.22783,0.56621
0.22936,0.55591
0.23089,0.54583
0.23243,0.53595
0.23397,0.52628
0.23551,0.51681
0.23707,0.50754
0.23862,0.49845
0.24019,0.48956
0.24175,0.48085
0.24333,0.47232
0.2449,0.46396
0.24649,0.45577
0.24807,0.44775
0.24967,0.4399
0.25126,0.4322
0.25287,0.42466
0.25448,0.41728
0.25609,0.41004
0.25771,0.40295
0.25933,0.396
0.26096,0.38919
0.26259,0.38252
0.26423,0.37598
0.26587,0.36957
0.26752,0.36329
0.26918,0.35714
0.27084,0.3511
0.2725,0.34519
0.27417,0.33939
0.27584,0.33371
0.27752,0.32813
0.27921,0.32267
0.2809,0.31732
0.28259,0.31206
0.28429,0.30691
0.286,0.30187
0.28771,0.29691
0.28942,0.29206
0.29114,0.2873
0.29287,0.28263
0.2946,0.27805
0.29633,0.27355
0.29807,0.26915
0.29982,0.26482
0.30157,0.26058
0.30333,0.25642
0.30509,0.25234
0.30685,0.24834
0.30862,0.24441
0.3104,0.24056
0.31218,0.23677
0.31397,0.23306
0.31576,0.22942
0.31756,0.22584
0.31936,0.22234
0.32116,0.21889
0.32298,0.21551
0.32479,0.2122
0.32662,0.20894
0.32844,0.20574
0.33028,0.20261
0.33211,0.19953
0.33396,0.1965
0.3358,0.19353
0.33766,0.19062
0.33951,0.18775
0.34138,0.18494
0.34324,0.18218
0.34512,0.17947
0.347,0.17681
0.34888,0.17419
0.35077,0.17163
0.35266,0.1691
0.35456,0.16662
0.35646,0.16419
0.35837,0.1618
0.36029,0.15945
0.3622,0.15714
0.36413,0.15487
0.36606,0.15265
0.36799,0.15046
0.36993,0.14831
0.37188,0.14619
0.37383,0.14411
0.37578,0.14207
0.37774,0.14007
0.3797,0.13809
0.38167,0.13616
0.38365,0.13425
0.38563,0.13238
0.38761,0.13054
0.3896,0.12873
0.3916,0.12695
0.3936,0.1252
0.39561,0.12348
0.39762,0.12179
0.39963,0.12012
0.40165,0.11849
0.40368,0.11688
0.40571,0.1153
0.40775,0.11374
0.40979,0.11221
0.41183,0.11071
0.41389,0.10923
0.41594,0.10777
0.418,0.10634
0.42007,0.10493
0.42214,0.10354
0.42422,0.10218
0.4263,0.10084
0.42839,0.09952
0.43048,0.098221
0.43258,0.096943
0.43468,0.095686
0.43679,0.094448
0.4389,0.09323
0.44102,0.092031
0.44314,0.090852
0.44527,0.089691
0.4474,0.088548
0.44954,0.087423
0.45168,0.086315
0.45383,0.085225
0.45599,0.084152
0.45814,0.083095
0.46031,0.082055
0.46248,0.081031
0.46465,0.080022
0.46683,0.079029
0.46901,0.078052
0.4712,0.077089
0.4734,0.07614
0.4756,0.075206
0.4778,0.074286
0.48001,0.073381
0.48222,0.072488
0.48444,0.071609
0.48667,0.070743
0.4889,0.069891
0.49113,0.06905
0.49337,0.068223
0.49562,0.067407
0.49787,0.066604
0.50012,0.065812
0.50239,0.065032
0.50465,0.064263
0.50692,0.063506
0.5092,0.06276
0.51148,0.062024
0.51376,0.061299
0.51606,0.060585
0.51835,0.059881
0.52065,0.059187
0.52296,0.058502
0.52527,0.057828
0.52759,0.057163
0.52991,0.056508
0.53223,0.055862
0.53457,0.055225
0.5369,0.054597
0.53925,0.053978
0.54159,0.053368
0.54394,0.052766
0.5463,0.052172
0.54866,0.051587
0.55103,0.05101
0.5534,0.050441
0.55578,0.04988
0.55817,0.049326
0.56055,0.04878
0.56295,0.048242
0.56534,0.04771
0.56775,0.047186
0.57016,0.04667
0.57257,0.04616
0.57499,0.045657
0.57741,0.04516
0.57984,0.044671
0.58227,0.044188
0.58471,0.043711
0.58716,0.043241
0.5896,0.042777
0.59206,0.042319
0.59452,0.041868
0.59698,0.041422
0.59945,0.040982
0.60193,0.040548
0.60441,0.040119
0.60689,0.039696
0.60938,0.039279
0.61188,0.038867
0.61438,0.03846
0.61688,0.038059
0.61939,0.037663
0.62191,0.037271
0.62443,0.036885
0.62695,0.036504
0.62948,0.036128
0.63202,0.035756
0.63456,0.035389
0.6371,0.035027
0.63966,0.034669
0.64221,0.034316
0.64477,0.033967
0.64734,0.033623
0.64991,0.033283
0.65249,0.032947
0.65507,0.032615
0.65766,0.032288
0.66025,0.031964
0.66284,0.031645
0.66545,0.031329
0.66805,0.031017
0.67067,0.030709
0.67328,0.030405
0.6759,0.030105
0.67853,0.029808
0.68116,0.029515
0.6838,0.029225
0.68644,0.028939
0.68909,0.028656
0.69175,0.028377
0.6944,0.028101
0.69707,0.027828
0.69973,0.027558
0.70241,0.027292
0.70509,0.027029
0.70777,0.026769
0.71046,0.026512
0.71315,0.026258
0.71585,0.026007
0.71856,0.025759
0.72126,0.025514
0.72398,0.025272
0.7267,0.025032
0.72942,0.024796
0.73215,0.024562
0.73489,0.024331
0.73762,0.024102
0.74037,0.023876
0.74312,0.023653
0.74587,0.023432
0.74863,0.023214
0.7514,0.022998
0.75417,0.022785
0.75694,0.022574
0.75972,0.022365
0.76251,0.022159
0.7653,0.021955
0.7681,0.021753
0.7709,0.021554
0.7737,0.021357
0.77651,0.021162
0.77933,0.020969
0.78215,0.020779
0.78498,0.02059
0.78781,0.020404
0.79064,0.02022
0.79349,0.020037
0.79633,0.019857
0.79918,0.019679
0.80204,0.019502
0.8049,0.019328
0.80777,0.019155
0.81064,0.018985
0.81352,0.018816
0.8164,0.018649
0.81929,0.018484
0.82218,0.01832
0.82508,0.018159
0.82798,0.017999
0.83089,0.017841
0.8338,0.017684
0.83672,0.017529
0.83964,0.017376
0.84257,0.017224
0.8455,0.017074
0.84844,0.016926
0.85139,0.016779
0.85433,0.016634
0.85729,0.01649
0.86025,0.016348
0.86321,0.016207
0.86618,0.016068
0.86915,0.01593
0.87213,0.015794
0.87512,0.015659
0.87811,0.015525
0.8811,0.015393
0.8841,0.015262
0.8871,0.015133
0.89011,0.015004
0.89313,0.014878
0.89615,0.014752
0.89917,0.014628
0.9022,0.014505
0.90524,0.014383
0.90828,0.014263
0.91133,0.014143
0.91438,0.014025
0.91743,0.013908
0.92049,0.013793
0.92356,0.013678
0.92663,0.013565
0.9297,0.013452
0.93279,0.013341
0.93587,0.013231
0.93896,0.013122
0.94206,0.013014
0.94516,0.012908
0.94827,0.012802
0.95138,0.012697
0.9545,0.012594
0.95762,0.012491
0.96074,0.012389
0.96388,0.012289
0.96701,0.012189
0.97016,0.01209
0.9733,0.011993
0.97646,0.011896
0.97961,0.0118
0.98278,0.011705
0.98594,0.011611
0.98912,0.011518
0.99229,0.011426
0.99548,0.011335
0.99866,0.011245
1.0019,0.011155
1.0051,0.011066
1.0083,0.010979
1.0115,0.010892
1.0147,0.010806
1.0179,0.01072
1.0211,0.010636
1.0244,0.010552
1.0276,0.010469
1.0308,0.010387
1.0341,0.010306
1.0373,0.010225
1.0406,0.010145
1.0438,0.010066
1.0471,0.0099879
1.0504,0.0099103
1.0536,0.0098334
1.0569,0.0097573
1.0602,0.0096819
1.0635,0.0096071
1.0668,0.0095331
1.0701,0.0094597
1.0734,0.009387
1.0767,0.009315
1.08,0.0092437
1.0833,0.009173
1.0867,0.009103
1.09,0.0090336
1.0933,0.0089648
1.0967,0.0088967
1.1,0.0088292
1.1034,0.0087623
1.1067,0.008696
1.1101,0.0086303
1.1135,0.0085653
1.1168,0.0085008
1.1202,0.0084369
1.1236,0.0083735
1.127,0.0083108
1.1304,0.0082486
1.1338,0.0081869
1.1372,0.0081258
1.1406,0.0080653
1.144,0.0080053
1.1474,0.0079459
1.1508,0.0078869
1.1543,0.0078285
1.1577,0.0077706
1.1611,0.0077133
1.1646,0.0076564
1.168,0.0076
1.1715,0.0075442
1.1749,0.0074888
1.1784,0.0074339
1.1819,0.0073795
1.1853,0.0073256
1.1888,0.0072722
1.1923,0.0072192
1.1958,0.0071667
1.1993,0.0071146
1.2028,0.007063
1.2063,0.0070119
1.2098,0.0069612
1.2133,0.0069109
1.2168,0.0068611
1.2203,0.0068117
1.2239,0.0067627
1.2274,0.0067141
1.231,0.006666
1.2345,0.0066183
1.238,0.006571
1.2416,0.0065241
1.2452,0.0064776
1.2487,0.0064315
1.2523,0.0063857
1.2559,0.0063404
1.2595,0.0062955
1.263,0.0062509
1.2666,0.0062067
1.2702,0.0061629
1.2738,0.0061195
1.2774,0.0060764
1.281,0.0060337
1.2847,0.0059914
1.2883,0.0059494
1.2919,0.0059078
1.2955,0.0058665
1.2992,0.0058256
1.3028,0.005785
1.3065,0.0057447
1.3101,0.0057048
1.3138,0.0056652
1.3174,0.005626
1.3211,0.005587
1.3248,0.0055484
1.3285,0.0055101
1.3321,0.0054722
1.3358,0.0054345
1.3395,0.0053972
1.3432,0.0053601
1.3469,0.0053234
1.3506,0.0052869
1.3543,0.0052508
1.3581,0.005215
1.3618,0.0051794
1.3655,0.0051442
1.3692,0.0051092
1.373,0.0050745
1.3767,0.0050401
1.3805,0.005006
1.3842,0.0049722
1.388,0.0049386
1.3917,0.0049053
1.3955,0.0048723
1.3993,0.0048395
1.4031,0.004807
1.4069,0.0047748
1.4106,0.0047428
1.4144,0.0047111
1.4182,0.0046796
1.422,0.0046484
1.4259,0.0046174
1.4297,0.0045867
1.4335,0.0045562
1.4373,0.004526
1.4411,0.004496
1.445,0.0044663
1.4488,0.0044367
1.4527,0.0044075
1.4565,0.0043784
1.4604,0.0043496
1.4642,0.004321
1.4681,0.0042926
1.472,0.0042645
1.4758,0.0042366
1.4797,0.0042089
1.4836,0.0041814
1.4875,0.0041541
1.4914,0.004127
1.4953,0.0041002
1.4992,0.0040735
1.5031,0.0040471
1.507,0.0040209
1.511,0.0039949
1.5149,0.003969
1.5188,0.0039434
1.5228,0.003918
1.5267,0.0038928
1.5306,0.0038677
1.5346,0.0038429
1.5386,0.0038183
1.5425,0.0037938
1.5465,0.0037695
1.5505,0.0037454
1.5544,0.0037215
1.5584,0.0036978
1.5624,0.0036743
1.5664,0.0036509
1.5704,0.0036278
1.5744,0.0036048
1.5784,0.0035819
1.5824,0.0035593
1.5864,0.0035368
1.5905,0.0035145
1.5945,0.0034923
1.5985,0.0034704
1.6026,0.0034485
1.6066,0.0034269
1.6107,0.0034054
1.6147,0.0033841
1.6188,0.0033629
1.6228,0.0033419
1.6269,0.0033211
1.631,0.0033004
1.6351,0.0032799
1.6392,0.0032595
1.6432,0.0032392
1.6473,0.0032192
1.6514,0.0031992
1.6555,0.0031794
1.6597,0.0031598
1.6638,0.0031403
1.6679,0.003121
1.672,0.0031018
1.6761,0.0030827
1.6803,0.0030638
1.6844,0.003045
1.6886,0.0030263
1.6927,0.0030078
1.6969,0.0029895
1.701,0.0029712
1.7052,0.0029531
1.7094,0.0029351
1.7136,0.0029173
1.7177,0.0028996
1.7219,0.002882
1.7261,0.0028645
1.7303,0.0028472
1.7345,0.00283
1.7387,0.0028129
1.7429,0.002796
1.7472,0.0027791
1.7514,0.0027624
1.7556,0.0027458
1.7598,0.0027294
1.7641,0.002713
1.7683,0.0026968
1.7726,0.0026807
1.7768,0.0026647
1.7811,0.0026488
1.7853,0.002633
1.7896,0.0026173
1.7939,0.0026018
1.7982,0.0025863
1.8024,0.002571
1.8067,0.0025558
1.811,0.0025407
1.8153,0.0025257
1.8196,0.0025108
1.8239,0.002496
1.8283,0.0024813
1.8326,0.0024667
1.8369,0.0024522
1.8412,0.0024378
1.8456,0.0024235
1.8499,0.0024094
1.8543,0.0023953
1.8586,0.0023813
1.863,0.0023674
1.8673,0.0023536
1.8717,0.0023399
1.8761,0.0023263
1.8804,0.0023128
1.8848,0.0022994
1.8892,0.0022861
1.8936,0.0022729
1.898,0.0022597
1.9024,0.0022467
1.9068,0.0022338
1.9112,0.0022209
1.9156,0.0022081
1.92,0.0021954
1.9245,0.0021828
1.9289,0.0021703
1.9333,0.0021579
1.9378,0.0021456
1.9422,0.0021333
1.9467,0.0021211
1.9511,0.0021091
1.9556,0.0020971
1.9601,0.0020851
1.9645,0.0020733
1.969,0.0020615
1.9735,0.0020498
1.978,0.0020382
1.9825,0.0020267
1.987,0.0020153
1.9915,0.0020039
1.996,0.0019926
2.0005,0.0019814
2.005,0.0019703
2.0095,0.0019592
2.0141,0.0019482
2.0186,0.0019373
2.0231,0.0019265
2.0277,0.0019157
2.0322,0.001905
2.0368,0.0018944
2.0413,0.0018838
2.0459,0.0018733
2.0505,0.0018629
2.0551,0.0018526
2.0596,0.0018423
2.0642,0.0018321
2.0688,0.0018219
2.0734,0.0018119
2.078,0.0018019
2.0826,0.0017919
2.0872,0.0017821
2.0918,0.0017722
2.0965,0.0017625
2.1011,0.0017528
2.1057,0.0017432
2.1103,0.0017336
2.115,0.0017242
2.1196,0.0017147
2.1243,0.0017054
2.1289,0.0016961
2.1336,0.0016868
2.1383,0.0016776
2.1429,0.0016685
2.1476,0.0016594
2.1523,0.0016504
2.157,0.0016415
2.1617,0.0016326
2.1664,0.0016238
2.1711,0.001615
2.1758,0.0016063
2.1805,0.0015976
2.1852,0.001589
2.1899,0.0015805
2.1947,0.001572
2.1994,0.0015635
2.2041,0.0015552
2.2089,0.0015468
2.2136,0.0015385
2.2184,0.0015303
2.2231,0.0015221
2.2279,0.001514
2.2327,0.001506
2.2374,0.0014979
2.2422,0.00149
2.247,0.0014821
2.2518,0.0014742
2.2566,0.0014664
2.2614,0.0014586
2.2662,0.0014509
2.271,0.0014432
2.2758,0.0014356
2.2806,0.0014281
2.2854,0.0014205
2.2903,0.0014131
2.2951,0.0014056
2.2999,0.0013983
2.3048,0.0013909
2.3096,0.0013836
2.3145,0.0013764
2.3194,0.0013692
2.3242,0.001362
2.3291,0.0013549
2.334,0.0013479
2.3388,0.0013409
2.3437,0.0013339
2.3486,0.001327
2.3535,0.0013201
2.3584,0.0013132
2.3633,0.0013064
2.3682,0.0012997
2.3732,0.0012929
2.3781,0.0012863
2.383,0.0012796
2.3879,0.001273
2.3929,0.0012665
2.3978,0.00126
2.4028,0.0012535
2.4077,0.0012471
2.4127,0.0012407
2.4176,0.0012343
2.4226,0.001228
2.4276,0.0012217
2.4325,0.0012155
2.4375,0.0012093
2.4425,0.0012031
2.4475,0.001197
2.4525,0.0011909
2.4575,0.0011849
2.4625,0.0011789
2.4675,0.0011729
2.4725,0.0011669
2.4776,0.001161
2.4826,0.0011552
2.4876,0.0011493
2.4927,0.0011435
2.4977,0.0011378
2.5028,0.0011321
2.5078,0.0011264
2.5129,0.0011207
2.5179,0.0011151
2.523,0.0011095
2.5281,0.0011039
2.5332,0.0010984
2.5382,0.0010929
2.5433,0.0010875
2.5484,0.001082
2.5535,0.0010766
2.5586,0.0010713
2.5637,0.001066
2.5688,0.0010607
2.574,0.0010554
2.5791,0.0010502
2.5842,0.001045
2.5894,0.0010398
2.5945,0.0010346
2.5996,0.0010295
2.6048,0.0010245
2.6099,0.0010194
2.6151,0.0010144
2.6203,0.0010094
2.6254,0.0010044
2.6306,0.0009995
2.6358,0.00099459
2.641,0.00098972
2.6462,0.00098487
2.6514,0.00098006
2.6566,0.00097527
2.6618,0.00097051
2.667,0.00096577
2.6722,0.00096107
2.6774,0.00095639
2.6827,0.00095174
2.6879,0.00094712
2.6931,0.00094252
2.6984,0.00093795
2.7036,0.00093341
2.7089,0.00092889
2.7141,0.0009244
2.7194,0.00091994
2.7247,0.0009155
2.7299,0.00091108
2.7352,0.0009067
2.7405,0.00090233
2.7458,0.000898
2.7511,0.00089369
2.7564,0.0008894
2.7617,0.00088514
2.767,0.0008809
2.7723,0.00087668
2.7776,0.00087249
2.7829,0.00086833
2.7883,0.00086419
2.7936,0.00086007
2.7989,0.00085597
2.8043,0.0008519
2.8096,0.00084785
2.815,0.00084383
2.8203,0.00083983
2.8257,0.00083585
2.8311,0.00083189
2.8365,0.00082796
2.8418,0.00082405
2.8472,0.00082016
2.8526,0.00081629
2.858,0.00081244
2.8634,0.00080862
2.8688,0.00080482
2.8742,0.00080103
2.8796,0.00079727
2.8851,0.00079354
2.8905,0.00078982
2.8959,0.00078612
2.9013,0.00078245
2.9068,0.00077879
2.9122,0.00077515
2.9177,0.00077154
2.9231,0.00076795
2.9286,0.00076437
2.9341,0.00076082
2.9395,0.00075728
2.945,0.00075377
2.9505,0.00075027
2.956,0.0007468
2.9615,0.00074334
2.967,0.0007399
2.9725,0.00073648
2.978,0.00073308
2.9835,0.0007297
2.989,0.00072634
2.9945,0.000723
3.0001,0.00071967
3.0056,0.00071637
3.0111,0.00071308
3.0167,0.00070981
3.0222,0.00070656
3.0278,0.00070332
3.0333,0.0007001
3.0389,0.00069691
3.0445,0.00069372
3.05,0.00069056
3.0556,0.00068741
3.0612,0.00068428
3.0668,0.00068117
3.0724,0.00067807
3.078,0.000675
3.0836,0.00067193
3.0892,0.00066889
3.0948,0.00066586
3.1004,0.00066285
3.1061,0.00065985
3.1117,0.00065687
3.1173,0.00065391
3.123,0.00065096
3.1286,0.00064803
3.1343,0.00064511
3.1399,0.00064221
3.1456,0.00063933
3.1512,0.00063646
3.1569,0.00063361
3.1626,0.00063077
3.1683,0.00062794
3.1739,0.00062514
3.1796,0.00062234
3.1853,0.00061957
3.191,0.0006168
3.1967,0.00061406
3.2024,0.00061132
3.2082,0.0006086
3.2139,0.0006059
3.2196,0.00060321
3.2253,0.00060053
3.2311,0.00059787
3.2368,0.00059522
3.2426,0.00059259
3.2483,0.00058997
3.2541,0.00058737
3.2598,0.00058477
3.2656,0.0005822
3.2714,0.00057963
3.2772,0.00057708
3.2829,0.00057454
3.2887,0.00057202
3.2945,0.00056951
3.3003,0.00056701
3.3061,0.00056453
3.3119,0.00056206
3.3177,0.0005596
3.3236,0.00055715
3.3294,0.00055472
3.3352,0.0005523
3.341,0.00054989
3.3469,0.0005475
3.3527,0.00054512
3.3586,0.00054275
3.3644,0.00054039
3.3703,0.00053804
3.3761,0.00053571
3.382,0.00053339
3.3879,0.00053108
3.3938,0.00052879
3.3997,0.0005265
3.4055,0.00052423
3.4114,0.00052197
3.4173,0.00051972
3.4232,0.00051748
3.4292,0.00051525
3.4351,0.00051304
3.441,0.00051083
3.4469,0.00050864
3.4528,0.00050646
3.4588,0.00050429
3.4647,0.00050213
3.4707,0.00049999
3.4766,0.00049785
3.4826,0.00049572
3.4885,0.00049361
3.4945,0.00049151
3.5005,0.00048941
3.5064,0.00048733
3.5124,0.00048526
3.5184,0.0004832
3.5244,0.00048115
3.5304,0.00047911
3.5364,0.00047708
3.5424,0.00047506
3.5484,0.00047305
3.5544,0.00047105
3.5605,0.00046906
3.5665,0.00046708
3.5725,0.00046511
3.5786,0.00046315
3.5846,0.00046121
3.5906,0.00045927
3.5967,0.00045734
3.6028,0.00045542
3.6088,0.00045351
3.6149,0.00045161
3.621,0.00044972
3.627,0.00044783
3.6331,0.00044596
3.6392,0.0004441
3.6453,0.00044225
3.6514,0.0004404
3.6575,0.00043857
3.6636,0.00043674
3.6697,0.00043493
3.6758,0.00043312
3.682,0.00043132
3.6881,0.00042953
3.6942,0.00042775
3.7004,0.00042598
3.7065,0.00042422
3.7127,0.00042246
3.7188,0.00042072
3.725,0.00041898
3.7311,0.00041725
3.7373,0.00041553
3.7435,0.00041382
3.7497,0.00041212
3.7559,0.00041042
3.762,0.00040874
3.7682,0.00040706
3.7744,0.00040539
3.7806,0.00040373
3.7869,0.00040208
3.7931,0.00040043
3.7993,0.00039879
3.8055,0.00039716
3.8117,0.00039554
3.818,0.00039393
3.8242,0.00039233
3.8305,0.00039073
3.8367,0.00038914
3.843,0.00038756
3.8492,0.00038598
3.8555,0.00038442
3.8618,0.00038286
3.8681,0.00038131
3.8743,0.00037976
3.8806,0.00037823
3.8869,0.0003767
3.8932,0.00037518
3.8995,0.00037366
3.9058,0.00037216
3.9121,0.00037066
3.9185,0.00036917
3.9248,0.00036768
3.9311,0.0003662
3.9374,0.00036473
3.9438,0.00036327
3.9501,0.00036181
3.9565,0.00036036
3.9628,0.00035892
3.9692,0.00035749
3.9755,0.00035606
3.9819,0.00035464
3.9883,0.00035322
3.9947,0.00035181
4.001,0.00035041
4.0074,0.00034902
4.0138,0.00034763
4.0202,0.00034625
