0,0
2.5484e-006,0
1.0194e-005,0
2.2936e-005,0
4.0775e-005,0
6.371e-005,0
9.1743e-005,0
0.00012487,0
0.0001631,0
0.00020642,0
0.00025484,0
0.00030836,0
0.00036697,0
0.00043068,0
0.00049949,0
0.00057339,0
0.0006524,0
0.00073649,0
0.00082569,0
0.00091998,0
0.0010194,0
0.0011239,0
0.0012334,0
0.0013481,0
0.0014679,0
0.0015928,0
0.0017227,0
0.0018578,0
0.001998,0
0.0021432,0
0.0022936,0
0.002449,0
0.0026096,0
0.0027752,0
0.002946,0
0.0031218,0
0.0033028,0
0.0034888,2.5937e-297
0.0036799,6.1348e-267
0.0038761,2.5702e-240
0.0040775,6.6431e-217
0.0042839,3.0049e-196
0.0044954,5.7063e-178
0.004712,9.5114e-162
0.0049337,2.5976e-147
0.0051606,1.9752e-134
0.0053925,6.5732e-123
0.0056295,1.4097e-112
0.0058716,2.7162e-103
0.0061188,6.2606e-095
0.006371,2.2107e-087
0.0066284,1.4819e-080
0.0068909,2.2721e-074
0.0071585,9.3736e-069
0.0074312,1.1993e-063
0.007709,5.3885e-059
0.0079918,9.4846e-055
0.0082798,7.2e-051
0.0085729,2.5661e-047
0.008871,4.6284e-044
0.0091743,4.5154e-041
0.0094827,2.5277e-038
0.0097961,8.5569e-036
0.010115,1.8359e-033
0.010438,2.6029e-031
0.010767,2.5318e-029
0.011101,1.7471e-027
0.01144,8.8153e-026
0.011784,3.3414e-024
0.012133,9.7495e-023
0.012487,2.2386e-021
0.012847,4.1259e-020
0.013211,6.2152e-019
0.013581,7.7775e-018
0.013955,8.2055e-017
0.014335,7.3974e-016
0.01472,5.7687e-015
0.01511,3.9348e-014
0.015505,2.3715e-013
0.015905,1.2747e-012
0.01631,6.1623e-012
0.01672,2.7003e-011
0.017136,1.0801e-010
0.017556,3.9698e-010
0.017982,1.3486e-009
0.018412,4.2582e-009
0.018848,1.2559e-008
0.019289,3.4764e-008
0.019735,9.0693e-008
0.020186,2.2389e-007
0.020642,5.2489e-007
0.021103,1.1726e-006
0.02157,2.5042e-006
0.022041,5.1266e-006
0.022518,1.0088e-005
0.022999,1.913e-005
0.023486,3.5036e-005
0.023978,6.2109e-005
0.024475,0.00010678
0.024977,0.00017837
0.025484,0.00029
0.025996,0.00045964
0.026514,0.00071127
0.027036,0.0010761
0.027564,0.0015937
0.028096,0.0023136
0.028634,0.0032956
0.029177,0.0046113
0.029725,0.0063444
0.030278,0.0085909
0.030836,0.011459
0.031399,0.015068
0.031967,0.019549
0.032541,0.025041
0.033119,0.03169
0.033703,0.039648
0.034292,0.049068
0.034885,0.060105
0.035484,0.072909
0.036088,0.087625
0.036697,0.10439
0.037311,0.12332
0.037931,0.14453
0.038555,0.16812
0.039185,0.19416
0.039819,0.2227
0.040459,0.25378
0.041103,0.28741
0.041753,0.32359
0.042408,0.36227
0.043068,0.40341
0.043733,0.44693
0.044404,0.49273
0.045079,0.54071
0.045759,0.59073
0.046445,0.64265
0.047136,0.69631
0.047831,0.75153
0.048532,0.80814
0.049238,0.86595
0.049949,0.92476
0.050665,0.98437
0.051386,1.0446
0.052113,1.1052
0.052844,1.166
0.053581,1.2269
0.054322,1.2875
0.055069,1.3478
0.055821,1.4076
0.056577,1.4666
0.057339,1.5248
0.058107,1.5819
0.058879,1.6378
0.059656,1.6924
0.060438,1.7456
0.061226,1.7972
0.062018,1.8471
0.062816,1.8953
0.063619,1.9417
0.064427,1.9861
0.06524,2.0286
0.066058,2.0691
0.066881,2.1075
0.067709,2.1438
0.068542,2.178
0.069381,2.21
0.070224,2.2399
0.071073,2.2676
0.071927,2.2932
0.072785,2.3166
0.073649,2.3379
0.074518,2.3571
0.075392,2.3742
0.076272,2.3893
0.077156,2.4024
0.078045,2.4135
0.07894,2.4227
0.079839,2.43
0.080744,2.4355
0.081654,2.4391
0.082569,2.4411
0.083489,2.4414
0.084414,2.4401
0.085344,2.4372
0.086279,2.4328
0.08722,2.427
0.088165,2.4198
0.089116,2.4112
0.090071,2.4014
0.091032,2.3904
0.091998,2.3782
0.092969,2.3649
0.093945,2.3505
0.094926,2.3352
0.095912,2.3189
0.096904,2.3018
0.0979,2.2838
0.098902,2.265
0.099908,2.2455
0.10092,2.2254
0.10194,2.2046
0.10296,2.1832
0.10399,2.1613
0.10502,2.1389
0.10606,2.116
0.1071,2.0927
0.10814,2.069
0.1092,2.045
0.11025,2.0207
0.11132,1.9962
0.11239,1.9714
0.11346,1.9464
0.11454,1.9212
0.11562,1.8959
0.11671,1.8705
0.1178,1.845
0.1189,1.8194
0.12,1.7938
0.12111,1.7682
0.12222,1.7426
0.12334,1.7171
0.12447,1.6916
0.1256,1.6662
0.12673,1.6408
0.12787,1.6156
0.12901,1.5905
0.13016,1.5655
0.13132,1.5407
0.13248,1.5161
0.13364,1.4916
0.13481,1.4674
0.13599,1.4433
0.13717,1.4195
0.13835,1.3958
0.13954,1.3724
0.14074,1.3493
0.14194,1.3263
0.14314,1.3037
0.14435,1.2813
0.14557,1.2591
0.14679,1.2372
0.14801,1.2156
0.14925,1.1943
0.15048,1.1732
0.15172,1.1524
0.15297,1.1319
0.15422,1.1117
0.15548,1.0918
0.15674,1.0722
0.158,1.0528
0.15928,1.0338
0.16055,1.015
0.16183,0.99651
0.16312,0.97832
0.16441,0.96042
0.16571,0.94281
0.16701,0.92548
0.16832,0.90845
0.16963,0.89169
0.17095,0.87522
0.17227,0.85903
0.1736,0.84312
0.17493,0.82748
0.17627,0.81212
0.17761,0.79703
0.17896,0.78221
0.18032,0.76765
0.18167,0.75336
0.18304,0.73933
0.18441,0.72555
0.18578,0.71204
0.18716,0.69877
0.18854,0.68575
0.18993,0.67297
0.19133,0.66044
0.19272,0.64814
0.19413,0.63608
0.19554,0.62425
0.19695,0.61265
0.19837,0.60128
0.1998,0.59012
0.20123,0.57918
0.20266,0.56846
0.2041,0.55795
0.20555,0.54764
0.207,0.53754
0.20845,0.52764
0.20991,0.51794
0.21138,0.50843
0.21285,0.49911
0.21432,0.48997
0.2158,0.48102
0.21729,0.47225
0.21878,0.46366
0.22028,0.45524
0.22178,0.44699
0.22328,0.43891
0.22479,0.43099
0.22631,0.42323
0.22783,0.41563
0.22936,0.40819
0.23089,0.4009
0.23243,0.39375
0.23397,0.38675
0.23551,0.37989
0.23707,0.37318
0.23862,0.3666
0.24019,0.36015
0.24175,0.35384
0.24333,0.34765
0.2449,0.34159
0.24649,0.33566
0.24807,0.32984
0.24967,0.32414
0.25126,0.31856
0.25287,0.3131
0.25448,0.30774
0.25609,0.30249
0.25771,0.29735
0.25933,0.29232
0.26096,0.28738
0.26259,0.28255
0.26423,0.27781
0.26587,0.27317
0.26752,0.26862
0.26918,0.26416
0.27084,0.2598
0.2725,0.25552
0.27417,0.25132
0.27584,0.24721
0.27752,0.24318
0.27921,0.23924
0.2809,0.23537
0.28259,0.23157
0.28429,0.22786
0.286,0.22421
0.28771,0.22064
0.28942,0.21714
0.29114,0.2137
0.29287,0.21034
0.2946,0.20704
0.29633,0.2038
0.29807,0.20062
0.29982,0.19751
0.30157,0.19446
0.30333,0.19147
0.30509,0.18853
0.30685,0.18565
0.30862,0.18283
0.3104,0.18005
0.31218,0.17734
0.31397,0.17467
0.31576,0.17205
0.31756,0.16948
0.31936,0.16697
0.32116,0.16449
0.32298,0.16207
0.32479,0.15969
0.32662,0.15735
0.32844,0.15505
0.33028,0.1528
0.33211,0.15059
0.33396,0.14842
0.3358,0.14629
0.33766,0.1442
0.33951,0.14215
0.34138,0.14013
0.34324,0.13815
0.34512,0.1362
0.347,0.13429
0.34888,0.13241
0.35077,0.13057
0.35266,0.12876
0.35456,0.12698
0.35646,0.12523
0.35837,0.12351
0.36029,0.12183
0.3622,0.12017
0.36413,0.11854
0.36606,0.11693
0.36799,0.11536
0.36993,0.11381
0.37188,0.11229
0.37383,0.1108
0.37578,0.10932
0.37774,0.10788
0.3797,0.10646
0.38167,0.10506
0.38365,0.10368
0.38563,0.10233
0.38761,0.101
0.3896,0.099694
0.3916,0.098407
0.3936,0.097142
0.39561,0.095896
0.39762,0.094671
0.39963,0.093466
0.40165,0.09228
0.40368,0.091113
0.40571,0.089964
0.40775,0.088834
0.40979,0.087721
0.41183,0.086626
0.41389,0.085548
0.41594,0.084487
0.418,0.083443
0.42007,0.082415
0.42214,0.081402
0.42422,0.080405
0.4263,0.079423
0.42839,0.078457
0.43048,0.077505
0.43258,0.076567
0.43468,0.075644
0.43679,0.074734
0.4389,0.073838
0.44102,0.072955
0.44314,0.072086
0.44527,0.071229
0.4474,0.070385
0.44954,0.069554
0.45168,0.068734
0.45383,0.067927
0.45599,0.067131
0.45814,0.066347
0.46031,0.065574
0.46248,0.064813
0.46465,0.064062
0.46683,0.063322
0.46901,0.062592
0.4712,0.061873
0.4734,0.061164
0.4756,0.060465
0.4778,0.059776
0.48001,0.059097
0.48222,0.058427
0.48444,0.057766
0.48667,0.057114
0.4889,0.056472
0.49113,0.055838
0.49337,0.055213
0.49562,0.054597
0.49787,0.053989
0.50012,0.053389
0.50239,0.052797
0.50465,0.052214
0.50692,0.051638
0.5092,0.05107
0.51148,0.05051
0.51376,0.049957
0.51606,0.049411
0.51835,0.048873
0.52065,0.048342
0.52296,0.047818
0.52527,0.0473
0.52759,0.04679
0.52991,0.046286
0.53223,0.045789
0.53457,0.045298
0.5369,0.044814
0.53925,0.044336
0.54159,0.043864
0.54394,0.043398
0.5463,0.042938
0.54866,0.042484
0.55103,0.042036
0.5534,0.041593
0.55578,0.041157
0.55817,0.040725
0.56055,0.040299
0.56295,0.039879
0.56534,0.039464
0.56775,0.039053
0.57016,0.038649
0.57257,0.038249
0.57499,0.037854
0.57741,0.037464
0.57984,0.037079
0.58227,0.036698
0.58471,0.036323
0.58716,0.035952
0.5896,0.035585
0.59206,0.035223
0.59452,0.034865
0.59698,0.034512
0.59945,0.034163
0.60193,0.033818
0.60441,0.033478
0.60689,0.033141
0.60938,0.032809
0.61188,0.03248
0.61438,0.032156
0.61688,0.031835
0.61939,0.031519
0.62191,0.031206
0.62443,0.030896
0.62695,0.030591
0.62948,0.030289
0.63202,0.02999
0.63456,0.029695
0.6371,0.029404
0.63966,0.029116
0.64221,0.028831
0.64477,0.02855
0.64734,0.028272
0.64991,0.027997
0.65249,0.027725
0.65507,0.027457
0.65766,0.027191
0.66025,0.026929
0.66284,0.02667
0.66545,0.026413
0.66805,0.02616
0.67067,0.02591
0.67328,0.025662
0.6759,0.025417
0.67853,0.025175
0.68116,0.024936
0.6838,0.024699
0.68644,0.024466
0.68909,0.024234
0.69175,0.024006
0.6944,0.02378
0.69707,0.023556
0.69973,0.023335
0.70241,0.023117
0.70509,0.022901
0.70777,0.022687
0.71046,0.022476
0.71315,0.022267
0.71585,0.02206
0.71856,0.021856
0.72126,0.021654
0.72398,0.021454
0.7267,0.021256
0.72942,0.021061
0.73215,0.020867
0.73489,0.020676
0.73762,0.020487
0.74037,0.0203
0.74312,0.020115
0.74587,0.019932
0.74863,0.019751
0.7514,0.019572
0.75417,0.019394
0.75694,0.019219
0.75972,0.019046
0.76251,0.018874
0.7653,0.018705
0.7681,0.018537
0.7709,0.018371
0.7737,0.018206
0.77651,0.018044
0.77933,0.017883
0.78215,0.017724
0.78498,0.017567
0.78781,0.017411
0.79064,0.017257
0.79349,0.017104
0.79633,0.016954
0.79918,0.016804
0.80204,0.016657
0.8049,0.016511
0.80777,0.016366
0.81064,0.016223
0.81352,0.016081
0.8164,0.015941
0.81929,0.015802
0.82218,0.015665
0.82508,0.015529
0.82798,0.015395
0.83089,0.015262
0.8338,0.01513
0.83672,0.015
0.83964,0.014871
0.84257,0.014743
0.8455,0.014617
0.84844,0.014492
0.85139,0.014368
0.85433,0.014246
0.85729,0.014124
0.86025,0.014004
0.86321,0.013885
0.86618,0.013768
0.86915,0.013651
0.87213,0.013536
0.87512,0.013422
0.87811,0.013309
0.8811,0.013197
0.8841,0.013087
0.8871,0.012977
0.89011,0.012869
0.89313,0.012761
0.89615,0.012655
0.89917,0.012549
0.9022,0.012445
0.90524,0.012342
0.90828,0.01224
0.91133,0.012139
0.91438,0.012039
0.91743,0.011939
0.92049,0.011841
0.92356,0.011744
0.92663,0.011648
0.9297,0.011552
0.93279,0.011458
0.93587,0.011364
0.93896,0.011272
0.94206,0.01118
0.94516,0.011089
0.94827,0.010999
0.95138,0.01091
0.9545,0.010822
0.95762,0.010735
0.96074,0.010648
0.96388,0.010563
0.96701,0.010478
0.97016,0.010394
0.9733,0.01031
0.97646,0.010228
0.97961,0.010146
0.98278,0.010066
0.98594,0.0099854
0.98912,0.0099061
0.99229,0.0098275
0.99548,0.0097497
0.99866,0.0096726
1.0019,0.0095962
1.0051,0.0095206
1.0083,0.0094456
1.0115,0.0093714
1.0147,0.0092978
1.0179,0.009225
1.0211,0.0091528
1.0244,0.0090813
1.0276,0.0090105
1.0308,0.0089403
1.0341,0.0088708
1.0373,0.008802
1.0406,0.0087337
1.0438,0.0086661
1.0471,0.0085991
1.0504,0.0085328
1.0536,0.008467
1.0569,0.0084019
1.0602,0.0083374
1.0635,0.0082734
1.0668,0.0082101
1.0701,0.0081473
1.0734,0.0080851
1.0767,0.0080234
1.08,0.0079623
1.0833,0.0079018
1.0867,0.0078418
1.09,0.0077824
1.0933,0.0077235
1.0967,0.0076652
1.1,0.0076073
1.1034,0.00755
1.1067,0.0074932
1.1101,0.0074369
1.1135,0.0073812
1.1168,0.0073259
1.1202,0.0072711
1.1236,0.0072168
1.127,0.007163
1.1304,0.0071096
1.1338,0.0070568
1.1372,0.0070044
1.1406,0.0069525
1.144,0.006901
1.1474,0.00685
1.1508,0.0067995
1.1543,0.0067493
1.1577,0.0066997
1.1611,0.0066504
1.1646,0.0066016
1.168,0.0065533
1.1715,0.0065053
1.1749,0.0064578
1.1784,0.0064107
1.1819,0.006364
1.1853,0.0063177
1.1888,0.0062718
1.1923,0.0062263
1.1958,0.0061812
1.1993,0.0061365
1.2028,0.0060921
1.2063,0.0060482
1.2098,0.0060046
1.2133,0.0059615
1.2168,0.0059186
1.2203,0.0058762
1.2239,0.0058341
1.2274,0.0057924
1.231,0.005751
1.2345,0.00571
1.238,0.0056693
1.2416,0.005629
1.2452,0.005589
1.2487,0.0055494
1.2523,0.0055101
1.2559,0.0054711
1.2595,0.0054325
1.263,0.0053942
1.2666,0.0053562
1.2702,0.0053185
1.2738,0.0052812
1.2774,0.0052441
1.281,0.0052074
1.2847,0.005171
1.2883,0.0051349
1.2919,0.0050991
1.2955,0.0050636
1.2992,0.0050283
1.3028,0.0049934
1.3065,0.0049588
1.3101,0.0049244
1.3138,0.0048904
1.3174,0.0048566
1.3211,0.0048231
1.3248,0.0047899
1.3285,0.0047569
1.3321,0.0047242
1.3358,0.0046918
1.3395,0.0046597
1.3432,0.0046278
1.3469,0.0045962
1.3506,0.0045648
1.3543,0.0045337
1.3581,0.0045028
1.3618,0.0044722
1.3655,0.0044419
1.3692,0.0044118
1.373,0.0043819
1.3767,0.0043523
1.3805,0.0043229
1.3842,0.0042937
1.388,0.0042648
1.3917,0.0042362
1.3955,0.0042077
1.3993,0.0041795
1.4031,0.0041515
1.4069,0.0041237
1.4106,0.0040962
1.4144,0.0040689
1.4182,0.0040418
1.422,0.0040149
1.4259,0.0039882
1.4297,0.0039617
1.4335,0.0039355
1.4373,0.0039094
1.4411,0.0038836
1.445,0.0038579
1.4488,0.0038325
1.4527,0.0038073
1.4565,0.0037822
1.4604,0.0037574
1.4642,0.0037328
1.4681,0.0037083
1.472,0.0036841
1.4758,0.00366
1.4797,0.0036361
1.4836,0.0036124
1.4875,0.0035889
1.4914,0.0035656
1.4953,0.0035424
1.4992,0.0035195
1.5031,0.0034967
1.507,0.0034741
1.511,0.0034517
1.5149,0.0034294
1.5188,0.0034073
1.5228,0.0033854
1.5267,0.0033636
1.5306,0.0033421
1.5346,0.0033206
1.5386,0.0032994
1.5425,0.0032783
1.5465,0.0032574
1.5505,0.0032366
1.5544,0.003216
1.5584,0.0031955
1.5624,0.0031752
1.5664,0.0031551
1.5704,0.0031351
1.5744,0.0031153
1.5784,0.0030956
1.5824,0.003076
1.5864,0.0030566
1.5905,0.0030374
1.5945,0.0030183
1.5985,0.0029993
1.6026,0.0029805
1.6066,0.0029619
1.6107,0.0029433
1.6147,0.0029249
1.6188,0.0029067
1.6228,0.0028885
1.6269,0.0028706
1.631,0.0028527
1.6351,0.002835
1.6392,0.0028174
1.6432,0.0028
1.6473,0.0027826
1.6514,0.0027654
1.6555,0.0027484
1.6597,0.0027314
1.6638,0.0027146
1.6679,0.0026979
1.672,0.0026813
1.6761,0.0026649
1.6803,0.0026485
1.6844,0.0026323
1.6886,0.0026162
1.6927,0.0026003
1.6969,0.0025844
1.701,0.0025687
1.7052,0.002553
1.7094,0.0025375
1.7136,0.0025221
1.7177,0.0025068
1.7219,0.0024917
1.7261,0.0024766
1.7303,0.0024616
1.7345,0.0024468
1.7387,0.0024321
1.7429,0.0024174
1.7472,0.0024029
1.7514,0.0023885
1.7556,0.0023741
1.7598,0.0023599
1.7641,0.0023458
1.7683,0.0023318
1.7726,0.0023179
1.7768,0.0023041
1.7811,0.0022903
1.7853,0.0022767
1.7896,0.0022632
1.7939,0.0022498
1.7982,0.0022364
1.8024,0.0022232
1.8067,0.0022101
1.811,0.002197
1.8153,0.002184
1.8196,0.0021712
1.8239,0.0021584
1.8283,0.0021457
1.8326,0.0021331
1.8369,0.0021206
1.8412,0.0021082
1.8456,0.0020959
1.8499,0.0020836
1.8543,0.0020714
1.8586,0.0020594
1.863,0.0020474
1.8673,0.0020355
1.8717,0.0020236
1.8761,0.0020119
1.8804,0.0020002
1.8848,0.0019887
1.8892,0.0019772
1.8936,0.0019657
1.898,0.0019544
1.9024,0.0019431
1.9068,0.001932
1.9112,0.0019208
1.9156,0.0019098
1.92,0.0018989
1.9245,0.001888
1.9289,0.0018772
1.9333,0.0018664
1.9378,0.0018558
1.9422,0.0018452
1.9467,0.0018347
1.9511,0.0018242
1.9556,0.0018139
1.9601,0.0018036
1.9645,0.0017933
1.969,0.0017832
1.9735,0.0017731
1.978,0.0017631
1.9825,0.0017531
1.987,0.0017432
1.9915,0.0017334
1.996,0.0017236
2.0005,0.001714
2.005,0.0017043
2.0095,0.0016948
2.0141,0.0016853
2.0186,0.0016759
2.0231,0.0016665
2.0277,0.0016572
2.0322,0.0016479
2.0368,0.0016388
2.0413,0.0016296
2.0459,0.0016206
2.0505,0.0016116
2.0551,0.0016026
2.0596,0.0015938
2.0642,0.0015849
2.0688,0.0015762
2.0734,0.0015675
2.078,0.0015588
2.0826,0.0015502
2.0872,0.0015417
2.0918,0.0015332
2.0965,0.0015248
2.1011,0.0015164
2.1057,0.0015081
2.1103,0.0014999
2.115,0.0014917
2.1196,0.0014835
2.1243,0.0014754
2.1289,0.0014674
2.1336,0.0014594
2.1383,0.0014515
2.1429,0.0014436
2.1476,0.0014357
2.1523,0.001428
2.157,0.0014202
2.1617,0.0014125
2.1664,0.0014049
2.1711,0.0013973
2.1758,0.0013898
2.1805,0.0013823
2.1852,0.0013749
2.1899,0.0013675
2.1947,0.0013601
2.1994,0.0013528
2.2041,0.0013456
2.2089,0.0013384
2.2136,0.0013312
2.2184,0.0013241
2.2231,0.0013171
2.2279,0.0013101
2.2327,0.0013031
2.2374,0.0012961
2.2422,0.0012893
2.247,0.0012824
2.2518,0.0012756
2.2566,0.0012689
2.2614,0.0012622
2.2662,0.0012555
2.271,0.0012489
2.2758,0.0012423
2.2806,0.0012357
2.2854,0.0012292
2.2903,0.0012228
2.2951,0.0012163
2.2999,0.00121
2.3048,0.0012036
2.3096,0.0011973
2.3145,0.0011911
2.3194,0.0011848
2.3242,0.0011787
2.3291,0.0011725
2.334,0.0011664
2.3388,0.0011603
2.3437,0.0011543
2.3486,0.0011483
2.3535,0.0011424
2.3584,0.0011365
2.3633,0.0011306
2.3682,0.0011247
2.3732,0.0011189
2.3781,0.0011131
2.383,0.0011074
2.3879,0.0011017
2.3929,0.001096
2.3978,0.0010904
2.4028,0.0010848
2.4077,0.0010792
2.4127,0.0010737
2.4176,0.0010682
2.4226,0.0010628
2.4276,0.0010573
2.4325,0.0010519
2.4375,0.0010466
2.4425,0.0010413
2.4475,0.001036
2.4525,0.0010307
2.4575,0.0010255
2.4625,0.0010203
2.4675,0.0010151
2.4725,0.00101
2.4776,0.0010049
2.4826,0.00099978
2.4876,0.00099474
2.4927,0.00098972
2.4977,0.00098474
2.5028,0.00097979
2.5078,0.00097486
2.5129,0.00096997
2.5179,0.00096511
2.523,0.00096027
2.5281,0.00095547
2.5332,0.00095069
2.5382,0.00094594
2.5433,0.00094122
2.5484,0.00093653
2.5535,0.00093186
2.5586,0.00092723
2.5637,0.00092262
2.5688,0.00091804
2.574,0.00091349
2.5791,0.00090896
2.5842,0.00090446
2.5894,0.00089999
2.5945,0.00089554
2.5996,0.00089112
2.6048,0.00088673
2.6099,0.00088236
2.6151,0.00087801
2.6203,0.0008737
2.6254,0.00086941
2.6306,0.00086514
2.6358,0.0008609
2.641,0.00085668
2.6462,0.00085249
2.6514,0.00084833
2.6566,0.00084418
2.6618,0.00084007
2.667,0.00083597
2.6722,0.0008319
2.6774,0.00082786
2.6827,0.00082383
2.6879,0.00081983
2.6931,0.00081586
2.6984,0.0008119
2.7036,0.00080797
2.7089,0.00080407
2.7141,0.00080018
2.7194,0.00079632
2.7247,0.00079248
2.7299,0.00078866
2.7352,0.00078487
2.7405,0.00078109
2.7458,0.00077734
2.7511,0.00077361
2.7564,0.0007699
2.7617,0.00076622
2.767,0.00076255
2.7723,0.0007589
2.7776,0.00075528
2.7829,0.00075168
2.7883,0.00074809
2.7936,0.00074453
2.7989,0.00074099
2.8043,0.00073746
2.8096,0.00073396
2.815,0.00073048
2.8203,0.00072702
2.8257,0.00072358
2.8311,0.00072015
2.8365,0.00071675
2.8418,0.00071336
2.8472,0.00071
2.8526,0.00070665
2.858,0.00070333
2.8634,0.00070002
2.8688,0.00069673
2.8742,0.00069346
2.8796,0.0006902
2.8851,0.00068697
2.8905,0.00068375
2.8959,0.00068055
2.9013,0.00067737
2.9068,0.00067421
2.9122,0.00067106
2.9177,0.00066794
2.9231,0.00066483
2.9286,0.00066173
2.9341,0.00065866
2.9395,0.0006556
2.945,0.00065256
2.9505,0.00064953
2.956,0.00064653
2.9615,0.00064354
2.967,0.00064056
2.9725,0.0006376
2.978,0.00063466
2.9835,0.00063174
2.989,0.00062883
2.9945,0.00062594
3.0001,0.00062306
3.0056,0.0006202
3.0111,0.00061735
3.0167,0.00061452
3.0222,0.00061171
3.0278,0.00060891
3.0333,0.00060613
3.0389,0.00060336
3.0445,0.0006006
3.05,0.00059787
3.0556,0.00059514
3.0612,0.00059244
3.0668,0.00058974
3.0724,0.00058706
3.078,0.0005844
3.0836,0.00058175
3.0892,0.00057911
3.0948,0.00057649
3.1004,0.00057389
3.1061,0.00057129
3.1117,0.00056872
3.1173,0.00056615
3.123,0.0005636
3.1286,0.00056106
3.1343,0.00055854
3.1399,0.00055603
3.1456,0.00055353
3.1512,0.00055105
3.1569,0.00054858
3.1626,0.00054613
3.1683,0.00054368
3.1739,0.00054125
3.1796,0.00053884
3.1853,0.00053643
3.191,0.00053404
3.1967,0.00053166
3.2024,0.0005293
3.2082,0.00052694
3.2139,0.0005246
3.2196,0.00052228
3.2253,0.00051996
3.2311,0.00051766
3.2368,0.00051537
3.2426,0.00051309
3.2483,0.00051082
3.2541,0.00050856
3.2598,0.00050632
3.2656,0.00050409
3.2714,0.00050187
3.2772,0.00049966
3.2829,0.00049747
3.2887,0.00049528
3.2945,0.00049311
3.3003,0.00049095
3.3061,0.0004888
3.3119,0.00048666
3.3177,0.00048453
3.3236,0.00048242
3.3294,0.00048031
3.3352,0.00047822
3.341,0.00047613
3.3469,0.00047406
3.3527,0.000472
3.3586,0.00046995
3.3644,0.00046791
3.3703,0.00046588
3.3761,0.00046386
3.382,0.00046185
3.3879,0.00045985
3.3938,0.00045786
3.3997,0.00045589
3.4055,0.00045392
3.4114,0.00045196
3.4173,0.00045002
3.4232,0.00044808
3.4292,0.00044615
3.4351,0.00044424
3.441,0.00044233
3.4469,0.00044043
3.4528,0.00043854
3.4588,0.00043667
3.4647,0.0004348
3.4707,0.00043294
3.4766,0.00043109
3.4826,0.00042925
3.4885,0.00042742
3.4945,0.0004256
3.5005,0.00042379
3.5064,0.00042198
3.5124,0.00042019
3.5184,0.00041841
3.5244,0.00041663
3.5304,0.00041487
3.5364,0.00041311
3.5424,0.00041136
3.5484,0.00040962
3.5544,0.00040789
3.5605,0.00040617
3.5665,0.00040446
3.5725,0.00040275
3.5786,0.00040106
3.5846,0.00039937
3.5906,0.00039769
3.5967,0.00039602
3.6028,0.00039436
3.6088,0.00039271
3.6149,0.00039106
3.621,0.00038942
3.627,0.0003878
3.6331,0.00038618
3.6392,0.00038456
3.6453,0.00038296
3.6514,0.00038136
3.6575,0.00037978
3.6636,0.00037819
3.6697,0.00037662
3.6758,0.00037506
3.682,0.0003735
3.6881,0.00037195
3.6942,0.00037041
3.7004,0.00036888
3.7065,0.00036735
3.7127,0.00036583
3.7188,0.00036432
3.725,0.00036282
3.7311,0.00036132
3.7373,0.00035983
3.7435,0.00035835
3.7497,0.00035688
3.7559,0.00035541
3.762,0.00035395
3.7682,0.0003525
3.7744,0.00035105
3.7806,0.00034962
3.7869,0.00034819
3.7931,0.00034676
3.7993,0.00034534
3.8055,0.00034393
3.8117,0.00034253
3.818,0.00034113
3.8242,0.00033975
3.8305,0.00033836
3.8367,0.00033699
3.843,0.00033562
3.8492,0.00033425
3.8555,0.0003329
3.8618,0.00033155
3.8681,0.00033021
3.8743,0.00032887
3.8806,0.00032754
3.8869,0.00032622
3.8932,0.0003249
3.8995,0.00032359
3.9058,0.00032229
3.9121,0.00032099
3.9185,0.0003197
3.9248,0.00031841
3.9311,0.00031713
3.9374,0.00031586
3.9438,0.00031459
3.9501,0.00031333
3.9565,0.00031208
3.9628,0.00031083
3.9692,0.00030958
3.9755,0.00030835
3.9819,0.00030712
3.9883,0.00030589
3.9947,0.00030467
4.001,0.00030346
4.0074,0.00030225
4.0138,0.00030105
4.0202,0.00029985
