0,0
0.005,0
0.01,0
0.015,0
0.02,0
0.025,0
0.03,0
0.035,0
0.04,0
0.045,0
0.05,0
0.055,0
0.06,0
0.065,0
0.07,0
0.075,0
0.08,0
0.085,0
0.09,0
0.095,0
0.1,0
0.105,0
0.11,0
0.115,0
0.12,0
0.125,0
0.13,0
0.135,0
0.14,0
0.145,0
0.15,0
0.155,0
0.16,0
0.165,0
0.17,0
0.175,0
0.18,0
0.185,9.7827e-299
0.19,2.3764e-268
0.195,1.0218e-241
0.2,2.7087e-218
0.205,1.2559e-197
0.21,2.4431e-179
0.215,4.1691e-163
0.22,1.1651e-148
0.225,9.0606e-136
0.23,3.0823e-124
0.235,6.7538e-114
0.24,1.329e-104
0.245,3.1271e-96
0.25,1.1268e-88
0.255,7.7041e-82
0.26,1.2044e-75
0.265,5.0642e-70
0.27,6.6014e-65
0.275,3.0211e-60
0.28,5.4142e-56
0.285,4.1835e-52
0.29,1.5172e-48
0.295,2.7837e-45
0.3,2.7617e-42
0.305,1.5717e-39
0.31,5.408e-37
0.315,1.179e-34
0.32,1.6981e-32
0.325,1.6775e-30
0.33,1.1754e-28
0.335,6.0207e-27
0.34,2.3161e-25
0.345,6.8574e-24
0.35,1.5973e-22
0.355,2.9861e-21
0.36,4.5616e-20
0.365,5.7875e-19
0.37,6.1897e-18
0.375,5.6555e-17
0.38,4.4691e-16
0.385,3.0885e-15
0.39,1.8856e-14
0.395,1.0265e-13
0.4,5.0253e-13
0.405,2.2296e-12
0.41,9.0285e-12
0.415,3.3587e-11
0.42,1.1548e-10
0.425,3.6896e-10
0.43,1.101e-09
0.435,3.083e-09
0.44,8.1356e-09
0.445,2.0312e-08
0.45,4.8155e-08
0.455,1.0878e-07
0.46,2.3485e-07
0.465,4.8601e-07
0.47,9.6668e-07
0.475,1.8526e-06
0.48,3.4286e-06
0.485,6.1413e-06
0.49,1.0667e-05
0.495,1.8e-05
0.5,2.9562e-05
0.505,4.7323e-05
0.51,7.3954e-05
0.515,0.00011298
0.52,0.00016896
0.525,0.00024763
0.53,0.0003561
0.535,0.00050296
0.54,0.00069847
0.545,0.00095454
0.55,0.0012849
0.555,0.001705
0.56,0.0022319
0.565,0.0028844
0.57,0.0036826
0.575,0.0046478
0.58,0.0058022
0.585,0.0071685
0.59,0.0087699
0.595,0.010629
0.6,0.012769
0.605,0.015211
0.61,0.017975
0.615,0.02108
0.62,0.024542
0.625,0.028377
0.63,0.032596
0.635,0.037208
0.64,0.042221
0.645,0.047638
0.65,0.053459
0.655,0.059681
0.66,0.0663
0.665,0.073307
0.67,0.080691
0.675,0.088438
0.68,0.096532
0.685,0.10495
0.69,0.11368
0.695,0.1227
0.7,0.13197
0.705,0.14148
0.71,0.15121
0.715,0.16111
0.72,0.17116
0.725,0.18134
0.73,0.19162
0.735,0.20197
0.74,0.21236
0.745,0.22276
0.75,0.23314
0.755,0.24349
0.76,0.25376
0.765,0.26395
0.77,0.27402
0.775,0.28396
0.78,0.29373
0.785,0.30333
0.79,0.31273
0.795,0.32191
0.8,0.33087
0.805,0.33958
0.81,0.34803
0.815,0.35621
0.82,0.3641
0.825,0.37171
0.83,0.37902
0.835,0.38602
0.84,0.39271
0.845,0.39908
0.85,0.40514
0.855,0.41087
0.86,0.41627
0.865,0.42135
0.87,0.42611
0.875,0.43054
0.88,0.43465
0.885,0.43844
0.89,0.44191
0.895,0.44506
0.9,0.44791
0.905,0.45045
0.91,0.4527
0.915,0.45465
0.92,0.45631
0.925,0.45769
0.93,0.45879
0.935,0.45963
0.94,0.46021
0.945,0.46053
0.95,0.4606
0.955,0.46044
0.96,0.46004
0.965,0.45942
0.97,0.45858
0.975,0.45754
0.98,0.45629
0.985,0.45485
0.99,0.45323
0.995,0.45143
1,0.44946
1.005,0.44732
1.01,0.44504
1.015,0.4426
1.02,0.44002
1.025,0.43731
1.03,0.43448
1.035,0.43152
1.04,0.42845
1.045,0.42528
1.05,0.422
1.055,0.41864
1.06,0.41518
1.065,0.41164
1.07,0.40803
1.075,0.40435
1.08,0.4006
1.085,0.3968
1.09,0.39294
1.095,0.38903
1.1,0.38507
1.105,0.38108
1.11,0.37705
1.115,0.37299
1.12,0.3689
1.125,0.36479
1.13,0.36067
1.135,0.35652
1.14,0.35237
1.145,0.3482
1.15,0.34403
1.155,0.33986
1.16,0.33569
1.165,0.33153
1.17,0.32737
1.175,0.32322
1.18,0.31908
1.185,0.31495
1.19,0.31084
1.195,0.30675
1.2,0.30268
1.205,0.29863
1.21,0.29461
1.215,0.29061
1.22,0.28664
1.225,0.28269
1.23,0.27878
1.235,0.2749
1.24,0.27104
1.245,0.26723
1.25,0.26344
1.255,0.25969
1.26,0.25598
1.265,0.25231
1.27,0.24867
1.275,0.24507
1.28,0.24151
1.285,0.23799
1.29,0.23451
1.295,0.23107
1.3,0.22767
1.305,0.22432
1.31,0.221
1.315,0.21772
1.32,0.21449
1.325,0.2113
1.33,0.20815
1.335,0.20504
1.34,0.20198
1.345,0.19895
1.35,0.19597
1.355,0.19303
1.36,0.19014
1.365,0.18728
1.37,0.18446
1.375,0.18169
1.38,0.17896
1.385,0.17627
1.39,0.17362
1.395,0.17101
1.4,0.16843
1.405,0.1659
1.41,0.16341
1.415,0.16096
1.42,0.15854
1.425,0.15617
1.43,0.15383
1.435,0.15153
1.44,0.14926
1.445,0.14704
1.45,0.14484
1.455,0.14269
1.46,0.14057
1.465,0.13848
1.47,0.13643
1.475,0.13442
1.48,0.13243
1.485,0.13048
1.49,0.12857
1.495,0.12668
1.5,0.12483
1.505,0.12301
1.51,0.12122
1.515,0.11946
1.52,0.11772
1.525,0.11602
1.53,0.11435
1.535,0.11271
1.54,0.11109
1.545,0.1095
1.55,0.10794
1.555,0.10641
1.56,0.1049
1.565,0.10342
1.57,0.10197
1.575,0.10054
1.58,0.099129
1.585,0.097748
1.59,0.096389
1.595,0.095055
1.6,0.093743
1.605,0.092454
1.61,0.091187
1.615,0.089942
1.62,0.088719
1.625,0.087516
1.63,0.086334
1.635,0.085172
1.64,0.084031
1.645,0.082908
1.65,0.081805
1.655,0.080721
1.66,0.079655
1.665,0.078608
1.67,0.077578
1.675,0.076566
1.68,0.075571
1.685,0.074592
1.69,0.073631
1.695,0.072685
1.7,0.071755
1.705,0.070841
1.71,0.069943
1.715,0.069059
1.72,0.06819
1.725,0.067335
1.73,0.066495
1.735,0.065668
1.74,0.064855
1.745,0.064056
1.75,0.06327
1.755,0.062496
1.76,0.061735
1.765,0.060987
1.77,0.06025
1.775,0.059526
1.78,0.058813
1.785,0.058112
1.79,0.057422
1.795,0.056743
1.8,0.056074
1.805,0.055417
1.81,0.054769
1.815,0.054132
1.82,0.053505
1.825,0.052888
1.83,0.05228
1.835,0.051682
1.84,0.051093
1.845,0.050513
1.85,0.049942
1.855,0.04938
1.86,0.048826
1.865,0.048281
1.87,0.047744
1.875,0.047215
1.88,0.046694
1.885,0.04618
1.89,0.045675
1.895,0.045177
1.9,0.044686
1.905,0.044202
1.91,0.043726
1.915,0.043256
1.92,0.042794
1.925,0.042338
1.93,0.041888
1.935,0.041445
1.94,0.041009
1.945,0.040578
1.95,0.040154
1.955,0.039735
1.96,0.039323
1.965,0.038916
1.97,0.038515
1.975,0.038119
1.98,0.037729
1.985,0.037345
1.99,0.036965
1.995,0.036591
2,0.036222
2.005,0.035858
2.01,0.035498
2.015,0.035144
2.02,0.034794
2.025,0.034449
2.03,0.034108
2.035,0.033772
2.04,0.033441
2.045,0.033113
2.05,0.03279
2.055,0.032471
2.06,0.032157
2.065,0.031846
2.07,0.031539
2.075,0.031236
2.08,0.030937
2.085,0.030642
2.09,0.030351
2.095,0.030063
2.1,0.029778
2.105,0.029498
2.11,0.02922
2.115,0.028947
2.12,0.028676
2.125,0.028409
2.13,0.028145
2.135,0.027884
2.14,0.027627
2.145,0.027372
2.15,0.027121
2.155,0.026872
2.16,0.026627
2.165,0.026384
2.17,0.026145
2.175,0.025908
2.18,0.025674
2.185,0.025442
2.19,0.025214
2.195,0.024988
2.2,0.024764
2.205,0.024544
2.21,0.024325
2.215,0.024109
2.22,0.023896
2.225,0.023685
2.23,0.023477
2.235,0.02327
2.24,0.023067
2.245,0.022865
2.25,0.022666
2.255,0.022469
2.26,0.022274
2.265,0.022081
2.27,0.02189
2.275,0.021702
2.28,0.021515
2.285,0.021331
2.29,0.021148
2.295,0.020968
2.3,0.020789
2.305,0.020613
2.31,0.020438
2.315,0.020265
2.32,0.020094
2.325,0.019925
2.33,0.019758
2.335,0.019592
2.34,0.019429
2.345,0.019266
2.35,0.019106
2.355,0.018947
2.36,0.01879
2.365,0.018635
2.37,0.018481
2.375,0.018329
2.38,0.018178
2.385,0.018029
2.39,0.017882
2.395,0.017736
2.4,0.017591
2.405,0.017448
2.41,0.017306
2.415,0.017166
2.42,0.017027
2.425,0.01689
2.43,0.016754
2.435,0.016619
2.44,0.016486
2.445,0.016354
2.45,0.016224
2.455,0.016094
2.46,0.015966
2.465,0.01584
2.47,0.015714
2.475,0.01559
2.48,0.015467
2.485,0.015345
2.49,0.015224
2.495,0.015105
2.5,0.014987
2.505,0.01487
2.51,0.014754
2.515,0.014639
2.52,0.014525
2.525,0.014412
2.53,0.014301
2.535,0.01419
2.54,0.014081
2.545,0.013972
2.55,0.013865
2.555,0.013759
2.56,0.013653
2.565,0.013549
2.57,0.013446
2.575,0.013343
2.58,0.013242
2.585,0.013142
2.59,0.013042
2.595,0.012944
2.6,0.012846
2.605,0.012749
2.61,0.012653
2.615,0.012559
2.62,0.012464
2.625,0.012371
2.63,0.012279
2.635,0.012188
2.64,0.012097
2.645,0.012007
2.65,0.011918
2.655,0.01183
2.66,0.011743
2.665,0.011656
2.67,0.011571
2.675,0.011486
2.68,0.011401
2.685,0.011318
2.69,0.011235
2.695,0.011153
2.7,0.011072
2.705,0.010992
2.71,0.010912
2.715,0.010833
2.72,0.010755
2.725,0.010677
2.73,0.0106
2.735,0.010524
2.74,0.010449
2.745,0.010374
2.75,0.0103
2.755,0.010226
2.76,0.010153
2.765,0.010081
2.77,0.010009
2.775,0.0099384
2.78,0.009868
2.785,0.0097983
2.79,0.0097291
2.795,0.0096606
2.8,0.0095927
2.805,0.0095254
2.81,0.0094586
2.815,0.0093925
2.82,0.0093269
2.825,0.0092618
2.83,0.0091974
2.835,0.0091335
2.84,0.0090701
2.845,0.0090073
2.85,0.008945
2.855,0.0088833
2.86,0.0088221
2.865,0.0087614
2.87,0.0087012
2.875,0.0086415
2.88,0.0085824
2.885,0.0085237
2.89,0.0084656
2.895,0.0084079
2.9,0.0083507
2.905,0.0082941
2.91,0.0082378
2.915,0.0081821
2.92,0.0081268
2.925,0.008072
2.93,0.0080176
2.935,0.0079637
2.94,0.0079103
2.945,0.0078573
2.95,0.0078047
2.955,0.0077526
2.96,0.0077009
2.965,0.0076496
2.97,0.0075988
2.975,0.0075483
2.98,0.0074983
2.985,0.0074487
2.99,0.0073995
2.995,0.0073507
3,0.0073023
3.005,0.0072543
3.01,0.0072067
3.015,0.0071595
3.02,0.0071127
3.025,0.0070662
3.03,0.0070201
3.035,0.0069744
3.04,0.0069291
3.045,0.0068841
3.05,0.0068395
3.055,0.0067953
3.06,0.0067514
3.065,0.0067078
3.07,0.0066646
3.075,0.0066218
3.08,0.0065793
3.085,0.0065371
3.09,0.0064953
3.095,0.0064538
3.1,0.0064126
3.105,0.0063718
3.11,0.0063312
3.115,0.006291
3.12,0.0062511
3.125,0.0062116
3.13,0.0061723
3.135,0.0061334
3.14,0.0060947
3.145,0.0060564
3.15,0.0060183
3.155,0.0059806
3.16,0.0059431
3.165,0.0059059
3.17,0.0058691
3.175,0.0058325
3.18,0.0057962
3.185,0.0057602
3.19,0.0057244
3.195,0.0056889
3.2,0.0056537
3.205,0.0056188
3.21,0.0055842
3.215,0.0055498
3.22,0.0055156
3.225,0.0054818
3.23,0.0054481
3.235,0.0054148
3.24,0.0053817
3.245,0.0053488
3.25,0.0053162
3.255,0.0052839
3.26,0.0052518
3.265,0.0052199
3.27,0.0051883
3.275,0.0051569
3.28,0.0051257
3.285,0.0050948
3.29,0.0050641
3.295,0.0050337
3.3,0.0050034
3.305,0.0049734
3.31,0.0049437
3.315,0.0049141
3.32,0.0048848
3.325,0.0048556
3.33,0.0048267
3.335,0.004798
3.34,0.0047696
3.345,0.0047413
3.35,0.0047132
3.355,0.0046854
3.36,0.0046577
3.365,0.0046303
3.37,0.004603
3.375,0.004576
3.38,0.0045491
3.385,0.0045225
3.39,0.004496
3.395,0.0044698
3.4,0.0044437
3.405,0.0044178
3.41,0.0043921
3.415,0.0043666
3.42,0.0043413
3.425,0.0043161
3.43,0.0042911
3.435,0.0042664
3.44,0.0042418
3.445,0.0042173
3.45,0.0041931
3.455,0.004169
3.46,0.0041451
3.465,0.0041213
3.47,0.0040978
3.475,0.0040744
3.48,0.0040511
3.485,0.0040281
3.49,0.0040052
3.495,0.0039824
3.5,0.0039598
3.505,0.0039374
3.51,0.0039151
3.515,0.003893
3.52,0.0038711
3.525,0.0038493
3.53,0.0038276
3.535,0.0038061
3.54,0.0037848
3.545,0.0037636
3.55,0.0037425
3.555,0.0037216
3.56,0.0037009
3.565,0.0036802
3.57,0.0036598
3.575,0.0036394
3.58,0.0036192
3.585,0.0035992
3.59,0.0035793
3.595,0.0035595
3.6,0.0035399
3.605,0.0035204
3.61,0.003501
3.615,0.0034818
3.62,0.0034627
3.625,0.0034437
3.63,0.0034248
3.635,0.0034061
3.64,0.0033875
3.645,0.0033691
3.65,0.0033507
3.655,0.0033325
3.66,0.0033144
3.665,0.0032965
3.67,0.0032786
3.675,0.0032609
3.68,0.0032433
3.685,0.0032258
3.69,0.0032084
3.695,0.0031912
3.7,0.003174
3.705,0.003157
3.71,0.0031401
3.715,0.0031233
3.72,0.0031066
3.725,0.00309
3.73,0.0030735
3.735,0.0030572
3.74,0.0030409
3.745,0.0030248
3.75,0.0030088
3.755,0.0029928
3.76,0.002977
3.765,0.0029613
3.77,0.0029457
3.775,0.0029302
3.78,0.0029148
3.785,0.0028994
3.79,0.0028842
3.795,0.0028691
3.8,0.0028541
3.805,0.0028392
3.81,0.0028244
3.815,0.0028097
3.82,0.002795
3.825,0.0027805
3.83,0.0027661
3.835,0.0027517
3.84,0.0027375
3.845,0.0027233
3.85,0.0027092
3.855,0.0026953
3.86,0.0026814
3.865,0.0026676
3.87,0.0026539
3.875,0.0026403
3.88,0.0026267
3.885,0.0026133
3.89,0.0025999
3.895,0.0025866
3.9,0.0025734
3.905,0.0025603
3.91,0.0025473
3.915,0.0025344
3.92,0.0025215
3.925,0.0025087
3.93,0.002496
3.935,0.0024834
3.94,0.0024709
3.945,0.0024584
3.95,0.002446
3.955,0.0024337
3.96,0.0024215
3.965,0.0024093
3.97,0.0023973
3.975,0.0023853
3.98,0.0023733
3.985,0.0023615
3.99,0.0023497
3.995,0.002338
4,0.0023264
4.005,0.0023148
4.01,0.0023033
4.015,0.0022919
4.02,0.0022806
4.025,0.0022693
4.03,0.0022581
4.035,0.0022469
4.04,0.0022359
4.045,0.0022249
4.05,0.0022139
4.055,0.0022031
4.06,0.0021923
4.065,0.0021815
4.07,0.0021709
4.075,0.0021603
4.08,0.0021497
4.085,0.0021393
4.09,0.0021288
4.095,0.0021185
4.1,0.0021082
4.105,0.002098
4.11,0.0020878
4.115,0.0020777
4.12,0.0020677
4.125,0.0020577
4.13,0.0020478
4.135,0.0020379
4.14,0.0020281
4.145,0.0020184
4.15,0.0020087
4.155,0.0019991
4.16,0.0019895
4.165,0.00198
4.17,0.0019705
4.175,0.0019611
4.18,0.0019518
4.185,0.0019425
4.19,0.0019333
4.195,0.0019241
4.2,0.001915
4.205,0.0019059
4.21,0.0018969
4.215,0.0018879
4.22,0.001879
4.225,0.0018702
4.23,0.0018614
4.235,0.0018526
4.24,0.0018439
4.245,0.0018353
4.25,0.0018267
4.255,0.0018181
4.26,0.0018096
4.265,0.0018012
4.27,0.0017928
4.275,0.0017844
4.28,0.0017761
4.285,0.0017679
4.29,0.0017596
4.295,0.0017515
4.3,0.0017434
4.305,0.0017353
4.31,0.0017273
4.315,0.0017193
4.32,0.0017114
4.325,0.0017035
4.33,0.0016957
4.335,0.0016879
4.34,0.0016801
4.345,0.0016724
4.35,0.0016648
4.355,0.0016572
4.36,0.0016496
4.365,0.0016421
4.37,0.0016346
4.375,0.0016271
4.38,0.0016197
4.385,0.0016124
4.39,0.0016051
4.395,0.0015978
4.4,0.0015905
4.405,0.0015833
4.41,0.0015762
4.415,0.0015691
4.42,0.001562
4.425,0.001555
4.43,0.001548
4.435,0.001541
4.44,0.0015341
4.445,0.0015272
4.45,0.0015204
4.455,0.0015136
4.46,0.0015068
4.465,0.0015001
4.47,0.0014934
4.475,0.0014868
4.48,0.0014802
4.485,0.0014736
4.49,0.001467
4.495,0.0014605
4.5,0.0014541
4.505,0.0014476
4.51,0.0014412
4.515,0.0014349
4.52,0.0014286
4.525,0.0014223
4.53,0.001416
4.535,0.0014098
4.54,0.0014036
4.545,0.0013974
4.55,0.0013913
4.555,0.0013852
4.56,0.0013792
4.565,0.0013732
4.57,0.0013672
4.575,0.0013612
4.58,0.0013553
4.585,0.0013494
4.59,0.0013435
4.595,0.0013377
4.6,0.0013319
4.605,0.0013262
4.61,0.0013204
4.615,0.0013147
4.62,0.001309
4.625,0.0013034
4.63,0.0012978
4.635,0.0012922
4.64,0.0012867
4.645,0.0012811
4.65,0.0012756
4.655,0.0012702
4.66,0.0012647
4.665,0.0012593
4.67,0.001254
4.675,0.0012486
4.68,0.0012433
4.685,0.001238
4.69,0.0012328
4.695,0.0012275
4.7,0.0012223
4.705,0.0012171
4.71,0.001212
4.715,0.0012069
4.72,0.0012018
4.725,0.0011967
4.73,0.0011916
4.735,0.0011866
4.74,0.0011816
4.745,0.0011767
4.75,0.0011717
4.755,0.0011668
4.76,0.0011619
4.765,0.0011571
4.77,0.0011522
4.775,0.0011474
4.78,0.0011426
4.785,0.0011379
4.79,0.0011331
4.795,0.0011284
4.8,0.0011237
4.805,0.0011191
4.81,0.0011144
4.815,0.0011098
4.82,0.0011052
4.825,0.0011007
4.83,0.0010961
4.835,0.0010916
4.84,0.0010871
4.845,0.0010826
4.85,0.0010782
4.855,0.0010738
4.86,0.0010693
4.865,0.001065
4.87,0.0010606
4.875,0.0010563
4.88,0.0010519
4.885,0.0010477
4.89,0.0010434
4.895,0.0010391
4.9,0.0010349
4.905,0.0010307
4.91,0.0010265
4.915,0.0010223
4.92,0.0010182
4.925,0.0010141
4.93,0.00101
4.935,0.0010059
4.94,0.0010018
4.945,0.00099779
4.95,0.00099377
4.955,0.00098977
4.96,0.00098579
4.965,0.00098184
4.97,0.0009779
4.975,0.00097398
4.98,0.00097007
4.985,0.00096619
4.99,0.00096233
4.995,0.00095849
5,0.00095467
5.005,0.00095086
5.01,0.00094708
5.015,0.00094331
5.02,0.00093956
5.025,0.00093583
5.03,0.00093212
5.035,0.00092843
5.04,0.00092476
5.045,0.0009211
5.05,0.00091746
5.055,0.00091384
5.06,0.00091024
5.065,0.00090666
5.07,0.00090309
5.075,0.00089954
5.08,0.00089601
5.085,0.00089249
5.09,0.000889
5.095,0.00088551
5.1,0.00088205
5.105,0.0008786
5.11,0.00087518
5.115,0.00087176
5.12,0.00086837
5.125,0.00086499
5.13,0.00086162
5.135,0.00085828
5.14,0.00085494
5.145,0.00085163
5.15,0.00084833
5.155,0.00084505
5.16,0.00084178
5.165,0.00083853
5.17,0.0008353
5.175,0.00083208
5.18,0.00082887
5.185,0.00082568
5.19,0.00082251
5.195,0.00081935
5.2,0.00081621
5.205,0.00081308
5.21,0.00080997
5.215,0.00080687
5.22,0.00080378
5.225,0.00080071
5.23,0.00079766
5.235,0.00079462
5.24,0.00079159
5.245,0.00078858
5.25,0.00078559
5.255,0.0007826
5.26,0.00077964
5.265,0.00077668
5.27,0.00077374
5.275,0.00077082
5.28,0.0007679
5.285,0.000765
5.29,0.00076212
5.295,0.00075925
5.3,0.00075639
5.305,0.00075354
5.31,0.00075071
5.315,0.0007479
5.32,0.00074509
5.325,0.0007423
5.33,0.00073952
5.335,0.00073675
5.34,0.000734
5.345,0.00073126
5.35,0.00072853
5.355,0.00072582
5.36,0.00072312
5.365,0.00072043
5.37,0.00071775
5.375,0.00071509
5.38,0.00071244
5.385,0.0007098
5.39,0.00070717
5.395,0.00070455
5.4,0.00070195
5.405,0.00069936
5.41,0.00069678
5.415,0.00069421
5.42,0.00069166
5.425,0.00068911
5.43,0.00068658
5.435,0.00068406
5.44,0.00068155
5.445,0.00067905
5.45,0.00067657
5.455,0.00067409
5.46,0.00067163
5.465,0.00066917
5.47,0.00066673
5.475,0.0006643
5.48,0.00066188
5.485,0.00065948
5.49,0.00065708
5.495,0.00065469
5.5,0.00065232
5.505,0.00064995
5.51,0.0006476
5.515,0.00064526
5.52,0.00064292
5.525,0.0006406
5.53,0.00063829
5.535,0.00063599
5.54,0.0006337
5.545,0.00063142
5.55,0.00062915
5.555,0.00062689
5.56,0.00062464
5.565,0.0006224
5.57,0.00062017
5.575,0.00061795
5.58,0.00061574
5.585,0.00061354
5.59,0.00061135
5.595,0.00060917
5.6,0.00060699
5.605,0.00060483
5.61,0.00060268
5.615,0.00060054
5.62,0.00059841
5.625,0.00059628
5.63,0.00059417
5.635,0.00059207
5.64,0.00058997
5.645,0.00058789
5.65,0.00058581
5.655,0.00058374
5.66,0.00058168
5.665,0.00057963
5.67,0.00057759
5.675,0.00057556
5.68,0.00057354
5.685,0.00057153
5.69,0.00056952
5.695,0.00056753
5.7,0.00056554
5.705,0.00056356
5.71,0.00056159
5.715,0.00055963
5.72,0.00055768
5.725,0.00055573
5.73,0.0005538
5.735,0.00055187
5.74,0.00054995
5.745,0.00054804
5.75,0.00054614
5.755,0.00054424
5.76,0.00054236
5.765,0.00054048
5.77,0.00053861
5.775,0.00053675
5.78,0.00053489
5.785,0.00053305
5.79,0.00053121
5.795,0.00052938
5.8,0.00052756
5.805,0.00052575
5.81,0.00052394
5.815,0.00052214
5.82,0.00052035
5.825,0.00051857
5.83,0.00051679
5.835,0.00051502
5.84,0.00051326
5.845,0.00051151
5.85,0.00050977
5.855,0.00050803
5.86,0.0005063
5.865,0.00050457
5.87,0.00050286
5.875,0.00050115
5.88,0.00049945
5.885,0.00049776
5.89,0.00049607
5.895,0.00049439
5.9,0.00049272
5.905,0.00049105
5.91,0.00048939
5.915,0.00048774
5.92,0.0004861
5.925,0.00048446
5.93,0.00048283
5.935,0.0004812
5.94,0.00047959
5.945,0.00047798
5.95,0.00047637
5.955,0.00047478
5.96,0.00047319
5.965,0.0004716
5.97,0.00047002
5.975,0.00046845
5.98,0.00046689
5.985,0.00046533
5.99,0.00046378
5.995,0.00046224
6,0.0004607
6.005,0.00045917
6.01,0.00045764
6.015,0.00045612
6.02,0.00045461
6.025,0.00045311
6.03,0.00045161
6.035,0.00045011
6.04,0.00044862
6.045,0.00044714
6.05,0.00044567
6.055,0.0004442
6.06,0.00044273
6.065,0.00044128
6.07,0.00043983
6.075,0.00043838
6.08,0.00043694
6.085,0.00043551
6.09,0.00043408
6.095,0.00043266
6.1,0.00043124
6.105,0.00042983
6.11,0.00042843
6.115,0.00042703
6.12,0.00042564
6.125,0.00042425
6.13,0.00042287
6.135,0.00042149
6.14,0.00042012
6.145,0.00041876
6.15,0.0004174
6.155,0.00041604
6.16,0.00041469
6.165,0.00041335
6.17,0.00041201
6.175,0.00041068
6.18,0.00040935
6.185,0.00040803
6.19,0.00040672
6.195,0.00040541
6.2,0.0004041
6.205,0.0004028
6.21,0.00040151
6.215,0.00040022
6.22,0.00039893
6.225,0.00039765
6.23,0.00039638
6.235,0.00039511
6.24,0.00039384
6.245,0.00039259
6.25,0.00039133
6.255,0.00039008
6.26,0.00038884
6.265,0.0003876
6.27,0.00038636
6.275,0.00038514
6.28,0.00038391
