0,0
0.005,0
0.01,0
0.015,0
0.02,0
0.025,0
0.03,0
0.035,0
0.04,0
0.045,0
0.05,0
0.055,0
0.06,0
0.065,0
0.07,0
0.075,0
0.08,0
0.085,0
0.09,0
0.095,0
0.1,0
0.105,0
0.11,0
0.115,0
0.12,0
0.125,0
0.13,0
0.135,0
0.14,0
0.145,0
0.15,0
0.155,0
0.16,0
0.165,0
0.17,0
0.175,0
0.18,0
0.185,0
0.19,0
0.195,0
0.2,0
0.205,0
0.21,0
0.215,0
0.22,0
0.225,0
0.23,0
0.235,0
0.24,0
0.245,0
0.25,0
0.255,0
0.26,0
0.265,0
0.27,0
0.275,0
0.28,0
0.285,0
0.29,0
0.295,0
0.3,0
0.305,0
0.31,0
0.315,0
0.32,0
0.325,0
0.33,0
0.335,0
0.34,0
0.345,0
0.35,0
0.355,0
0.36,0
0.365,1.0337e-311
0.37,3.4424e-295
0.375,9.5168e-280
0.38,2.6482e-265
0.385,8.8397e-252
0.39,4.1541e-239
0.395,3.1806e-227
0.4,4.5347e-216
0.405,1.3605e-205
0.41,9.6065e-196
0.415,1.7693e-186
0.42,9.3396e-178
0.425,1.5411e-169
0.43,8.608e-162
0.435,1.7517e-154
0.44,1.3897e-147
0.445,4.575e-141
0.45,6.621e-135
0.455,4.4431e-129
0.46,1.4524e-123
0.465,2.4209e-118
0.47,2.1465e-113
0.475,1.0529e-108
0.48,2.9636e-104
0.485,4.9508e-100
0.49,5.0657e-96
0.495,3.2691e-92
0.5,1.3674e-88
0.505,3.8021e-85
0.51,7.1968e-82
0.515,9.4805e-79
0.52,8.8726e-76
0.525,6.014e-73
0.53,3.0061e-70
0.535,1.1269e-67
0.54,3.2185e-65
0.545,7.1078e-63
0.55,1.2307e-60
0.555,1.6925e-58
0.56,1.8713e-56
0.565,1.6827e-54
0.57,1.2439e-52
0.575,7.635e-51
0.58,3.9287e-49
0.585,1.71e-47
0.59,6.3484e-46
0.595,2.0264e-44
0.6,5.603e-43
0.605,1.3515e-41
0.61,2.8626e-40
0.615,5.3581e-39
0.62,8.9153e-38
0.625,1.326e-36
0.63,1.7724e-35
0.635,2.1396e-34
0.64,2.3438e-33
0.645,2.3402e-32
0.65,2.1389e-31
0.655,1.7967e-30
0.66,1.3923e-29
0.665,9.9896e-29
0.67,6.6589e-28
0.675,4.1371e-27
0.68,2.4031e-26
0.685,1.3089e-25
0.69,6.7033e-25
0.695,3.2365e-24
0.7,1.4769e-23
0.705,6.3845e-23
0.71,2.6207e-22
0.715,1.0237e-21
0.72,3.8127e-21
0.725,1.3567e-20
0.73,4.6208e-20
0.735,1.5091e-19
0.74,4.7339e-19
0.745,1.4286e-18
0.75,4.1539e-18
0.755,1.1655e-17
0.76,3.1599e-17
0.765,8.2892e-17
0.77,2.1067e-16
0.775,5.1934e-16
0.78,1.2433e-15
0.785,2.8939e-15
0.79,6.5553e-15
0.795,1.4467e-14
0.8,3.1134e-14
0.805,6.5403e-14
0.81,1.3422e-13
0.815,2.6935e-13
0.82,5.2894e-13
0.825,1.0173e-12
0.83,1.9175e-12
0.835,3.5451e-12
0.84,6.4328e-12
0.845,1.1464e-11
0.85,2.0078e-11
0.855,3.458e-11
0.86,5.8597e-11
0.865,9.7756e-11
0.87,1.6064e-10
0.875,2.6014e-10
0.88,4.1539e-10
0.885,6.5432e-10
0.89,1.0172e-09
0.895,1.5614e-09
0.9,2.3673e-09
0.905,3.5469e-09
0.91,5.2535e-09
0.915,7.6952e-09
0.92,1.1151e-08
0.925,1.5992e-08
0.93,2.2704e-08
0.935,3.192e-08
0.94,4.4457e-08
0.945,6.1354e-08
0.95,8.3927e-08
0.955,1.1383e-07
0.96,1.531e-07
0.965,2.0427e-07
0.97,2.7044e-07
0.975,3.5533e-07
0.98,4.6348e-07
0.985,6.0026e-07
0.99,7.7208e-07
0.995,9.8647e-07
1,1.2523e-06
1.005,1.5797e-06
1.01,1.9807e-06
1.015,2.4689e-06
1.02,3.0597e-06
1.025,3.771e-06
1.03,4.6225e-06
1.035,5.6367e-06
1.04,6.8384e-06
1.045,8.2555e-06
1.05,9.9185e-06
1.055,1.1861e-05
1.06,1.412e-05
1.065,1.6736e-05
1.07,1.9751e-05
1.075,2.3213e-05
1.08,2.7172e-05
1.085,3.1682e-05
1.09,3.6799e-05
1.095,4.2586e-05
1.1,4.9105e-05
1.105,5.6424e-05
1.11,6.4615e-05
1.115,7.3749e-05
1.12,8.3904e-05
1.125,9.516e-05
1.13,0.0001076
1.135,0.0001213
1.14,0.00013636
1.145,0.00015285
1.15,0.00017088
1.155,0.00019053
1.16,0.00021189
1.165,0.00023505
1.17,0.00026011
1.175,0.00028716
1.18,0.00031629
1.185,0.0003476
1.19,0.00038117
1.195,0.0004171
1.2,0.00045547
1.205,0.00049637
1.21,0.00053989
1.215,0.00058611
1.22,0.0006351
1.225,0.00068696
1.23,0.00074175
1.235,0.00079954
1.24,0.00086042
1.245,0.00092444
1.25,0.00099167
1.255,0.0010622
1.26,0.001136
1.265,0.0012132
1.27,0.0012939
1.275,0.001378
1.28,0.0014657
1.285,0.001557
1.29,0.0016519
1.295,0.0017505
1.3,0.0018528
1.305,0.0019588
1.31,0.0020687
1.315,0.0021823
1.32,0.0022998
1.325,0.0024212
1.33,0.0025466
1.335,0.0026758
1.34,0.0028091
1.345,0.0029464
1.35,0.0030878
1.355,0.0032332
1.36,0.0033828
1.365,0.0035366
1.37,0.0036946
1.375,0.0038569
1.38,0.0040234
1.385,0.0041943
1.39,0.0043696
1.395,0.0045494
1.4,0.0047337
1.405,0.0049226
1.41,0.0051161
1.415,0.0053143
1.42,0.0055174
1.425,0.0057253
1.43,0.0059381
1.435,0.006156
1.44,0.0063791
1.445,0.0066073
1.45,0.0068409
1.455,0.0070799
1.46,0.0073244
1.465,0.0075746
1.47,0.0078305
1.475,0.0080924
1.48,0.0083602
1.485,0.0086342
1.49,0.0089145
1.495,0.0092012
1.5,0.0094944
1.505,0.0097943
1.51,0.010101
1.515,0.010415
1.52,0.010735
1.525,0.011063
1.53,0.011399
1.535,0.011742
1.54,0.012092
1.545,0.01245
1.55,0.012817
1.555,0.013191
1.56,0.013573
1.565,0.013964
1.57,0.014363
1.575,0.01477
1.58,0.015186
1.585,0.015611
1.59,0.016044
1.595,0.016486
1.6,0.016936
1.605,0.017396
1.61,0.017864
1.615,0.01834
1.62,0.018825
1.625,0.019319
1.63,0.019821
1.635,0.020331
1.64,0.020849
1.645,0.021375
1.65,0.021909
1.655,0.02245
1.66,0.022998
1.665,0.023552
1.67,0.024113
1.675,0.02468
1.68,0.025252
1.685,0.025829
1.69,0.026411
1.695,0.026996
1.7,0.027584
1.705,0.028175
1.71,0.028767
1.715,0.02936
1.72,0.029954
1.725,0.030546
1.73,0.031137
1.735,0.031726
1.74,0.032311
1.745,0.032891
1.75,0.033467
1.755,0.034035
1.76,0.034596
1.765,0.035148
1.77,0.03569
1.775,0.036221
1.78,0.036741
1.785,0.037247
1.79,0.037738
1.795,0.038214
1.8,0.038673
1.805,0.039115
1.81,0.039538
1.815,0.039941
1.82,0.040323
1.825,0.040683
1.83,0.041021
1.835,0.041335
1.84,0.041624
1.845,0.041888
1.85,0.042127
1.855,0.042339
1.86,0.042523
1.865,0.042681
1.87,0.04281
1.875,0.042911
1.88,0.042984
1.885,0.043029
1.89,0.043044
1.895,0.043031
1.9,0.04299
1.905,0.04292
1.91,0.042823
1.915,0.042698
1.92,0.042546
1.925,0.042367
1.93,0.042163
1.935,0.041933
1.94,0.041679
1.945,0.041401
1.95,0.0411
1.955,0.040778
1.96,0.040435
1.965,0.040071
1.97,0.039689
1.975,0.039289
1.98,0.038873
1.985,0.038441
1.99,0.037994
1.995,0.037534
2,0.037062
2.005,0.036579
2.01,0.036087
2.015,0.035585
2.02,0.035076
2.025,0.034561
2.03,0.034039
2.035,0.033514
2.04,0.032985
2.045,0.032453
2.05,0.03192
2.055,0.031387
2.06,0.030853
2.065,0.030321
2.07,0.02979
2.075,0.029262
2.08,0.028737
2.085,0.028217
2.09,0.0277
2.095,0.027189
2.1,0.026683
2.105,0.026183
2.11,0.025689
2.115,0.025203
2.12,0.024724
2.125,0.024252
2.13,0.023788
2.135,0.023332
2.14,0.022884
2.145,0.022445
2.15,0.022015
2.155,0.021593
2.16,0.02118
2.165,0.020775
2.17,0.02038
2.175,0.019994
2.18,0.019616
2.185,0.019248
2.19,0.018888
2.195,0.018538
2.2,0.018196
2.205,0.017863
2.21,0.017538
2.215,0.017222
2.22,0.016914
2.225,0.016614
2.23,0.016323
2.235,0.01604
2.24,0.015764
2.245,0.015496
2.25,0.015235
2.255,0.014982
2.26,0.014737
2.265,0.014498
2.27,0.014266
2.275,0.01404
2.28,0.013822
2.285,0.013609
2.29,0.013403
2.295,0.013203
2.3,0.013009
2.305,0.01282
2.31,0.012637
2.315,0.01246
2.32,0.012287
2.325,0.01212
2.33,0.011957
2.335,0.0118
2.34,0.011647
2.345,0.011498
2.35,0.011354
2.355,0.011214
2.36,0.011077
2.365,0.010945
2.37,0.010817
2.375,0.010692
2.38,0.010571
2.385,0.010453
2.39,0.010338
2.395,0.010227
2.4,0.010119
2.405,0.010013
2.41,0.0099108
2.415,0.009811
2.42,0.0097139
2.425,0.0096192
2.43,0.0095271
2.435,0.0094373
2.44,0.0093497
2.445,0.0092643
2.45,0.0091811
2.455,0.0090998
2.46,0.0090205
2.465,0.0089431
2.47,0.0088675
2.475,0.0087936
2.48,0.0087213
2.485,0.0086507
2.49,0.0085815
2.495,0.0085139
2.5,0.0084477
2.505,0.0083828
2.51,0.0083192
2.515,0.0082569
2.52,0.0081958
2.525,0.0081358
2.53,0.008077
2.535,0.0080192
2.54,0.0079624
2.545,0.0079066
2.55,0.0078518
2.555,0.0077979
2.56,0.0077448
2.565,0.0076926
2.57,0.0076411
2.575,0.0075905
2.58,0.0075406
2.585,0.0074914
2.59,0.0074428
2.595,0.007395
2.6,0.0073477
2.605,0.0073011
2.61,0.0072551
2.615,0.0072096
2.62,0.0071647
2.625,0.0071202
2.63,0.0070763
2.635,0.0070329
2.64,0.00699
2.645,0.0069475
2.65,0.0069054
2.655,0.0068638
2.66,0.0068226
2.665,0.0067817
2.67,0.0067413
2.675,0.0067012
2.68,0.0066615
2.685,0.0066222
2.69,0.0065831
2.695,0.0065444
2.7,0.0065061
2.705,0.006468
2.71,0.0064303
2.715,0.0063928
2.72,0.0063556
2.725,0.0063188
2.73,0.0062822
2.735,0.0062458
2.74,0.0062098
2.745,0.0061739
2.75,0.0061384
2.755,0.0061031
2.76,0.006068
2.765,0.0060332
2.77,0.0059986
2.775,0.0059642
2.78,0.0059301
2.785,0.0058962
2.79,0.0058625
2.795,0.0058291
2.8,0.0057958
2.805,0.0057628
2.81,0.00573
2.815,0.0056973
2.82,0.0056649
2.825,0.0056327
2.83,0.0056007
2.835,0.0055689
2.84,0.0055373
2.845,0.0055059
2.85,0.0054746
2.855,0.0054436
2.86,0.0054128
2.865,0.0053821
2.87,0.0053516
2.875,0.0053213
2.88,0.0052912
2.885,0.0052613
2.89,0.0052316
2.895,0.005202
2.9,0.0051726
2.905,0.0051434
2.91,0.0051144
2.915,0.0050855
2.92,0.0050569
2.925,0.0050284
2.93,0.005
2.935,0.0049719
2.94,0.0049439
2.945,0.004916
2.95,0.0048884
2.955,0.0048609
2.96,0.0048335
2.965,0.0048064
2.97,0.0047794
2.975,0.0047525
2.98,0.0047259
2.985,0.0046993
2.99,0.004673
2.995,0.0046468
3,0.0046208
3.005,0.0045949
3.01,0.0045692
3.015,0.0045436
3.02,0.0045182
3.025,0.0044929
3.03,0.0044678
3.035,0.0044429
3.04,0.0044181
3.045,0.0043934
3.05,0.0043689
3.055,0.0043446
3.06,0.0043204
3.065,0.0042963
3.07,0.0042724
3.075,0.0042486
3.08,0.004225
3.085,0.0042015
3.09,0.0041782
3.095,0.004155
3.1,0.004132
3.105,0.0041091
3.11,0.0040863
3.115,0.0040637
3.12,0.0040412
3.125,0.0040189
3.13,0.0039966
3.135,0.0039746
3.14,0.0039526
3.145,0.0039308
3.15,0.0039092
3.155,0.0038876
3.16,0.0038662
3.165,0.003845
3.17,0.0038238
3.175,0.0038028
3.18,0.0037819
3.185,0.0037612
3.19,0.0037405
3.195,0.00372
3.2,0.0036997
3.205,0.0036794
3.21,0.0036593
3.215,0.0036393
3.22,0.0036194
3.225,0.0035997
3.23,0.0035801
3.235,0.0035606
3.24,0.0035412
3.245,0.0035219
3.25,0.0035028
3.255,0.0034837
3.26,0.0034648
3.265,0.003446
3.27,0.0034273
3.275,0.0034088
3.28,0.0033903
3.285,0.003372
3.29,0.0033538
3.295,0.0033357
3.3,0.0033177
3.305,0.0032998
3.31,0.003282
3.315,0.0032643
3.32,0.0032468
3.325,0.0032293
3.33,0.003212
3.335,0.0031947
3.34,0.0031776
3.345,0.0031606
3.35,0.0031437
3.355,0.0031269
3.36,0.0031101
3.365,0.0030935
3.37,0.003077
3.375,0.0030606
3.38,0.0030443
3.385,0.0030281
3.39,0.003012
3.395,0.002996
3.4,0.0029801
3.405,0.0029643
3.41,0.0029486
3.415,0.002933
3.42,0.0029175
3.425,0.0029021
3.43,0.0028867
3.435,0.0028715
3.44,0.0028564
3.445,0.0028413
3.45,0.0028264
3.455,0.0028115
3.46,0.0027967
3.465,0.002782
3.47,0.0027674
3.475,0.0027529
3.48,0.0027385
3.485,0.0027242
3.49,0.00271
3.495,0.0026958
3.5,0.0026818
3.505,0.0026678
3.51,0.0026539
3.515,0.0026401
3.52,0.0026264
3.525,0.0026127
3.53,0.0025992
3.535,0.0025857
3.54,0.0025723
3.545,0.002559
3.55,0.0025458
3.555,0.0025326
3.56,0.0025195
3.565,0.0025065
3.57,0.0024936
3.575,0.0024808
3.58,0.002468
3.585,0.0024554
3.59,0.0024428
3.595,0.0024302
3.6,0.0024178
3.605,0.0024054
3.61,0.0023931
3.615,0.0023809
3.62,0.0023687
3.625,0.0023567
3.63,0.0023447
3.635,0.0023327
3.64,0.0023209
3.645,0.0023091
3.65,0.0022974
3.655,0.0022857
3.66,0.0022741
3.665,0.0022626
3.67,0.0022512
3.675,0.0022398
3.68,0.0022285
3.685,0.0022173
3.69,0.0022061
3.695,0.002195
3.7,0.002184
3.705,0.002173
3.71,0.0021621
3.715,0.0021513
3.72,0.0021405
3.725,0.0021298
3.73,0.0021191
3.735,0.0021086
3.74,0.002098
3.745,0.0020876
3.75,0.0020772
3.755,0.0020669
3.76,0.0020566
3.765,0.0020464
3.77,0.0020362
3.775,0.0020261
3.78,0.0020161
3.785,0.0020061
3.79,0.0019962
3.795,0.0019864
3.8,0.0019766
3.805,0.0019668
3.81,0.0019572
3.815,0.0019475
3.82,0.001938
3.825,0.0019285
3.83,0.001919
3.835,0.0019096
3.84,0.0019003
3.845,0.001891
3.85,0.0018817
3.855,0.0018726
3.86,0.0018634
3.865,0.0018544
3.87,0.0018453
3.875,0.0018364
3.88,0.0018275
3.885,0.0018186
3.89,0.0018098
3.895,0.001801
3.9,0.0017923
3.905,0.0017837
3.91,0.001775
3.915,0.0017665
3.92,0.001758
3.925,0.0017495
3.93,0.0017411
3.935,0.0017327
3.94,0.0017244
3.945,0.0017162
3.95,0.0017079
3.955,0.0016998
3.96,0.0016917
3.965,0.0016836
3.97,0.0016755
3.975,0.0016676
3.98,0.0016596
3.985,0.0016517
3.99,0.0016439
3.995,0.0016361
4,0.0016283
4.005,0.0016206
4.01,0.0016129
4.015,0.0016053
4.02,0.0015977
4.025,0.0015902
4.03,0.0015827
4.035,0.0015752
4.04,0.0015678
4.045,0.0015605
4.05,0.0015531
4.055,0.0015459
4.06,0.0015386
4.065,0.0015314
4.07,0.0015242
4.075,0.0015171
4.08,0.00151
4.085,0.001503
4.09,0.001496
4.095,0.001489
4.1,0.0014821
4.105,0.0014752
4.11,0.0014684
4.115,0.0014616
4.12,0.0014548
4.125,0.0014481
4.13,0.0014414
4.135,0.0014347
4.14,0.0014281
4.145,0.0014215
4.15,0.001415
4.155,0.0014085
4.16,0.001402
4.165,0.0013956
4.17,0.0013892
4.175,0.0013828
4.18,0.0013765
4.185,0.0013702
4.19,0.0013639
4.195,0.0013577
4.2,0.0013515
4.205,0.0013454
4.21,0.0013392
4.215,0.0013332
4.22,0.0013271
4.225,0.0013211
4.23,0.0013151
4.235,0.0013091
4.24,0.0013032
4.245,0.0012973
4.25,0.0012915
4.255,0.0012857
4.26,0.0012799
4.265,0.0012741
4.27,0.0012684
4.275,0.0012627
4.28,0.001257
4.285,0.0012514
4.29,0.0012458
4.295,0.0012402
4.3,0.0012347
4.305,0.0012291
4.31,0.0012237
4.315,0.0012182
4.32,0.0012128
4.325,0.0012074
4.33,0.001202
4.335,0.0011967
4.34,0.0011914
4.345,0.0011861
4.35,0.0011809
4.355,0.0011756
4.36,0.0011704
4.365,0.0011653
4.37,0.0011601
4.375,0.001155
4.38,0.0011499
4.385,0.0011449
4.39,0.0011399
4.395,0.0011349
4.4,0.0011299
4.405,0.0011249
4.41,0.00112
4.415,0.0011151
4.42,0.0011103
4.425,0.0011054
4.43,0.0011006
4.435,0.0010958
4.44,0.001091
4.445,0.0010863
4.45,0.0010816
4.455,0.0010769
4.46,0.0010722
4.465,0.0010676
4.47,0.001063
4.475,0.0010584
4.48,0.0010538
4.485,0.0010493
4.49,0.0010447
4.495,0.0010403
4.5,0.0010358
4.505,0.0010313
4.51,0.0010269
4.515,0.0010225
4.52,0.0010181
4.525,0.0010138
4.53,0.0010094
4.535,0.0010051
4.54,0.0010008
4.545,0.00099657
4.55,0.00099233
4.555,0.00098811
4.56,0.00098391
4.565,0.00097973
4.57,0.00097558
4.575,0.00097145
4.58,0.00096733
4.585,0.00096324
4.59,0.00095917
4.595,0.00095512
4.6,0.0009511
4.605,0.00094709
4.61,0.0009431
4.615,0.00093914
4.62,0.00093519
4.625,0.00093127
4.63,0.00092736
4.635,0.00092348
4.64,0.00091961
4.645,0.00091577
4.65,0.00091194
4.655,0.00090814
4.66,0.00090435
4.665,0.00090059
4.67,0.00089684
4.675,0.00089311
4.68,0.0008894
4.685,0.00088571
4.69,0.00088204
4.695,0.00087839
4.7,0.00087475
4.705,0.00087114
4.71,0.00086754
4.715,0.00086396
4.72,0.0008604
4.725,0.00085686
4.73,0.00085333
4.735,0.00084982
4.74,0.00084633
4.745,0.00084286
4.75,0.00083941
4.755,0.00083597
4.76,0.00083255
4.765,0.00082915
4.77,0.00082576
4.775,0.00082239
4.78,0.00081904
4.785,0.00081571
4.79,0.00081239
4.795,0.00080909
4.8,0.0008058
4.805,0.00080254
4.81,0.00079928
4.815,0.00079605
4.82,0.00079283
4.825,0.00078962
4.83,0.00078643
4.835,0.00078326
4.84,0.00078011
4.845,0.00077697
4.85,0.00077384
4.855,0.00077073
4.86,0.00076764
4.865,0.00076456
4.87,0.00076149
4.875,0.00075844
4.88,0.00075541
4.885,0.00075239
4.89,0.00074939
4.895,0.0007464
4.9,0.00074342
4.905,0.00074046
4.91,0.00073752
4.915,0.00073459
4.92,0.00073167
4.925,0.00072877
4.93,0.00072588
4.935,0.00072301
4.94,0.00072015
4.945,0.0007173
4.95,0.00071447
4.955,0.00071165
4.96,0.00070885
4.965,0.00070605
4.97,0.00070328
4.975,0.00070051
4.98,0.00069776
4.985,0.00069502
4.99,0.0006923
4.995,0.00068959
5,0.00068689
5.005,0.00068421
5.01,0.00068153
5.015,0.00067887
5.02,0.00067623
5.025,0.00067359
5.03,0.00067097
5.035,0.00066837
5.04,0.00066577
5.045,0.00066319
5.05,0.00066061
5.055,0.00065806
5.06,0.00065551
5.065,0.00065298
5.07,0.00065045
5.075,0.00064794
5.08,0.00064544
5.085,0.00064296
5.09,0.00064048
5.095,0.00063802
5.1,0.00063557
5.105,0.00063313
5.11,0.0006307
5.115,0.00062828
5.12,0.00062588
5.125,0.00062349
5.13,0.0006211
5.135,0.00061873
5.14,0.00061637
5.145,0.00061402
5.15,0.00061169
5.155,0.00060936
5.16,0.00060704
5.165,0.00060474
5.17,0.00060244
5.175,0.00060016
5.18,0.00059789
5.185,0.00059562
5.19,0.00059337
5.195,0.00059113
5.2,0.0005889
5.205,0.00058668
5.21,0.00058447
5.215,0.00058227
5.22,0.00058008
5.225,0.0005779
5.23,0.00057573
5.235,0.00057357
5.24,0.00057143
5.245,0.00056929
5.25,0.00056716
5.255,0.00056504
5.26,0.00056293
5.265,0.00056083
5.27,0.00055874
5.275,0.00055666
5.28,0.00055459
5.285,0.00055253
5.29,0.00055047
5.295,0.00054843
5.3,0.0005464
5.305,0.00054437
5.31,0.00054236
5.315,0.00054035
5.32,0.00053836
5.325,0.00053637
5.33,0.00053439
5.335,0.00053242
5.34,0.00053046
5.345,0.00052851
5.35,0.00052657
5.355,0.00052464
5.36,0.00052271
5.365,0.0005208
5.37,0.00051889
5.375,0.00051699
5.38,0.0005151
5.385,0.00051322
5.39,0.00051135
5.395,0.00050948
5.4,0.00050763
5.405,0.00050578
5.41,0.00050394
5.415,0.00050211
5.42,0.00050028
5.425,0.00049847
5.43,0.00049666
5.435,0.00049486
5.44,0.00049307
5.445,0.00049129
5.45,0.00048952
5.455,0.00048775
5.46,0.00048599
5.465,0.00048424
5.47,0.0004825
5.475,0.00048076
5.48,0.00047904
5.485,0.00047732
5.49,0.0004756
5.495,0.0004739
5.5,0.0004722
5.505,0.00047051
5.51,0.00046883
5.515,0.00046716
5.52,0.00046549
5.525,0.00046383
5.53,0.00046218
5.535,0.00046053
5.54,0.0004589
5.545,0.00045726
5.55,0.00045564
5.555,0.00045403
5.56,0.00045242
5.565,0.00045081
5.57,0.00044922
5.575,0.00044763
5.58,0.00044605
5.585,0.00044448
5.59,0.00044291
5.595,0.00044135
5.6,0.00043979
5.605,0.00043825
5.61,0.00043671
5.615,0.00043517
5.62,0.00043365
5.625,0.00043213
5.63,0.00043061
5.635,0.00042911
5.64,0.00042761
5.645,0.00042611
5.65,0.00042462
5.655,0.00042314
5.66,0.00042167
5.665,0.0004202
5.67,0.00041874
5.675,0.00041728
5.68,0.00041583
5.685,0.00041439
5.69,0.00041295
5.695,0.00041152
5.7,0.0004101
5.705,0.00040868
5.71,0.00040727
5.715,0.00040586
5.72,0.00040446
5.725,0.00040307
5.73,0.00040168
5.735,0.00040029
5.74,0.00039892
5.745,0.00039755
5.75,0.00039618
5.755,0.00039482
5.76,0.00039347
5.765,0.00039212
5.77,0.00039078
5.775,0.00038944
5.78,0.00038811
5.785,0.00038679
5.79,0.00038547
5.795,0.00038416
5.8,0.00038285
5.805,0.00038155
5.81,0.00038025
5.815,0.00037896
5.82,0.00037767
5.825,0.00037639
5.83,0.00037512
5.835,0.00037385
5.84,0.00037258
5.845,0.00037132
5.85,0.00037007
5.855,0.00036882
5.86,0.00036758
5.865,0.00036634
5.87,0.0003651
5.875,0.00036388
5.88,0.00036265
5.885,0.00036144
5.89,0.00036022
5.895,0.00035901
5.9,0.00035781
5.905,0.00035661
5.91,0.00035542
5.915,0.00035423
5.92,0.00035305
5.925,0.00035187
5.93,0.0003507
5.935,0.00034953
5.94,0.00034837
5.945,0.00034721
5.95,0.00034606
5.955,0.00034491
5.96,0.00034376
5.965,0.00034262
5.97,0.00034149
5.975,0.00034036
5.98,0.00033923
5.985,0.00033811
5.99,0.000337
5.995,0.00033588
6,0.00033478
6.005,0.00033367
6.01,0.00033258
6.015,0.00033148
6.02,0.00033039
6.025,0.00032931
6.03,0.00032823
6.035,0.00032715
6.04,0.00032608
6.045,0.00032501
6.05,0.00032395
6.055,0.00032289
6.06,0.00032184
6.065,0.00032079
6.07,0.00031974
6.075,0.0003187
6.08,0.00031766
6.085,0.00031663
6.09,0.0003156
6.095,0.00031458
6.1,0.00031356
6.105,0.00031254
6.11,0.00031153
6.115,0.00031052
6.12,0.00030951
6.125,0.00030851
6.13,0.00030752
6.135,0.00030653
6.14,0.00030554
6.145,0.00030455
6.15,0.00030357
6.155,0.0003026
6.16,0.00030162
6.165,0.00030065
6.17,0.00029969
6.175,0.00029873
6.18,0.00029777
6.185,0.00029682
6.19,0.00029587
6.195,0.00029492
6.2,0.00029398
6.205,0.00029304
6.21,0.00029211
6.215,0.00029118
6.22,0.00029025
6.225,0.00028933
6.23,0.00028841
6.235,0.00028749
6.24,0.00028658
6.245,0.00028567
6.25,0.00028476
6.255,0.00028386
6.26,0.00028296
6.265,0.00028207
6.27,0.00028118
6.275,0.00028029
6.28,0.00027941
