0,0
0.005,0
0.01,0
0.015,0
0.02,0
0.025,0
0.03,0
0.035,0
0.04,0
0.045,0
0.05,0
0.055,0
0.06,0
0.065,0
0.07,0
0.075,0
0.08,0
0.085,0
0.09,0
0.095,0
0.1,0
0.105,0
0.11,0
0.115,0
0.12,0
0.125,0
0.13,0
0.135,0
0.14,0
0.145,0
0.15,0
0.155,0
0.16,0
0.165,0
0.17,0
0.175,0
0.18,0
0.185,0
0.19,0
0.195,0
0.2,0
0.205,0
0.21,0
0.215,0
0.22,0
0.225,0
0.23,0
0.235,0
0.24,0
0.245,0
0.25,0
0.255,0
0.26,0
0.265,0
0.27,0
0.275,0
0.28,0
0.285,0
0.29,0
0.295,0
0.3,0
0.305,0
0.31,2.6088e-316
0.315,1.1468e-296
0.32,1.592e-278
0.325,9.5314e-262
0.33,3.2542e-246
0.335,8.1426e-232
0.34,1.871e-218
0.345,4.8375e-206
0.35,1.6905e-194
0.355,9.4225e-184
0.36,9.7314e-174
0.365,2.133e-164
0.37,1.1223e-155
0.375,1.5855e-147
0.38,6.6581e-140
0.385,9.1186e-133
0.39,4.4325e-126
0.395,8.2609e-120
0.4,6.3349e-114
0.405,2.1322e-108
0.41,3.3419e-103
0.415,2.5753e-98
0.42,1.0255e-93
0.425,2.2094e-89
0.43,2.686e-85
0.435,1.9155e-81
0.44,8.3051e-78
0.445,2.2627e-74
0.45,3.9937e-71
0.455,4.697e-68
0.46,3.7782e-65
0.465,2.1293e-62
0.47,8.5984e-60
0.475,2.5399e-57
0.48,5.5949e-55
0.485,9.3567e-53
0.49,1.2079e-50
0.495,1.2224e-48
0.5,9.8392e-47
0.505,6.3837e-45
0.51,3.3806e-43
0.515,1.4784e-41
0.52,5.3975e-40
0.525,1.662e-38
0.53,4.3574e-37
0.535,9.8142e-36
0.54,1.9149e-34
0.545,3.2618e-33
0.55,4.8865e-32
0.555,6.4825e-31
0.56,7.6644e-30
0.565,8.1253e-29
0.57,7.7675e-28
0.575,6.7317e-27
0.58,5.3156e-26
0.585,3.8425e-25
0.59,2.5541e-24
0.595,1.5676e-23
0.6,8.9196e-23
0.605,4.7224e-22
0.61,2.3346e-21
0.615,1.0813e-20
0.62,4.7063e-20
0.625,1.9308e-19
0.63,7.4875e-19
0.635,2.7517e-18
0.64,9.6077e-18
0.645,3.1946e-17
0.65,1.0139e-16
0.655,3.0776e-16
0.66,8.9533e-16
0.665,2.5011e-15
0.67,6.7209e-15
0.675,1.7403e-14
0.68,4.3494e-14
0.685,1.0508e-13
0.69,2.4575e-13
0.695,5.5719e-13
0.7,1.2263e-12
0.705,2.6232e-12
0.71,5.4602e-12
0.715,1.1072e-11
0.72,2.1897e-11
0.725,4.2278e-11
0.73,7.9769e-11
0.735,1.4722e-10
0.74,2.6599e-10
0.745,4.709e-10
0.75,8.1755e-10
0.755,1.393e-09
0.76,2.331e-09
0.765,3.8337e-09
0.77,6.201e-09
0.775,9.8708e-09
0.78,1.5473e-08
0.785,2.3897e-08
0.79,3.6386e-08
0.795,5.4649e-08
0.8,8.1003e-08
0.805,1.1855e-07
0.81,1.7139e-07
0.815,2.4489e-07
0.82,3.4597e-07
0.825,4.8344e-07
0.83,6.6847e-07
0.835,9.1499e-07
0.84,1.2402e-06
0.845,1.6653e-06
0.85,2.2157e-06
0.855,2.9224e-06
0.86,3.8219e-06
0.865,4.9577e-06
0.87,6.3804e-06
0.875,8.1492e-06
0.88,1.0332e-05
0.885,1.3007e-05
0.89,1.6263e-05
0.895,2.02e-05
0.9,2.493e-05
0.905,3.0579e-05
0.91,3.7283e-05
0.915,4.5197e-05
0.92,5.4486e-05
0.925,6.5331e-05
0.93,7.7928e-05
0.935,9.2486e-05
0.94,0.00010923
0.945,0.0001284
0.95,0.00015025
0.955,0.00017505
0.96,0.00020307
0.965,0.00023461
0.97,0.00026997
0.975,0.00030946
0.98,0.00035341
0.985,0.00040214
0.99,0.000456
0.995,0.00051532
1,0.00058046
1.005,0.00065177
1.01,0.00072959
1.015,0.00081428
1.02,0.0009062
1.025,0.0010057
1.03,0.0011131
1.035,0.0012288
1.04,0.0013531
1.045,0.0014864
1.05,0.0016289
1.055,0.001781
1.06,0.001943
1.065,0.0021152
1.07,0.0022978
1.075,0.0024913
1.08,0.0026958
1.085,0.0029116
1.09,0.003139
1.095,0.0033782
1.1,0.0036294
1.105,0.0038929
1.11,0.0041688
1.115,0.0044575
1.12,0.004759
1.125,0.0050735
1.13,0.0054013
1.135,0.0057425
1.14,0.0060973
1.145,0.0064658
1.15,0.0068481
1.155,0.0072445
1.16,0.007655
1.165,0.0080798
1.17,0.008519
1.175,0.0089728
1.18,0.0094412
1.185,0.0099244
1.19,0.010422
1.195,0.010936
1.2,0.011464
1.205,0.012007
1.21,0.012566
1.215,0.01314
1.22,0.013729
1.225,0.014335
1.23,0.014955
1.235,0.015592
1.24,0.016244
1.245,0.016912
1.25,0.017596
1.255,0.018297
1.26,0.019013
1.265,0.019745
1.27,0.020493
1.275,0.021257
1.28,0.022037
1.285,0.022833
1.29,0.023645
1.295,0.024473
1.3,0.025316
1.305,0.026176
1.31,0.02705
1.315,0.02794
1.32,0.028845
1.325,0.029765
1.33,0.030699
1.335,0.031647
1.34,0.032609
1.345,0.033585
1.35,0.034574
1.355,0.035575
1.36,0.036588
1.365,0.037613
1.37,0.038648
1.375,0.039693
1.38,0.040748
1.385,0.041811
1.39,0.042881
1.395,0.043958
1.4,0.045041
1.405,0.046129
1.41,0.04722
1.415,0.048314
1.42,0.049409
1.425,0.050504
1.43,0.051597
1.435,0.052688
1.44,0.053774
1.445,0.054855
1.45,0.055928
1.455,0.056993
1.46,0.058047
1.465,0.059089
1.47,0.060118
1.475,0.061131
1.48,0.062127
1.485,0.063104
1.49,0.06406
1.495,0.064994
1.5,0.065904
1.505,0.066788
1.51,0.067645
1.515,0.068472
1.52,0.069268
1.525,0.070032
1.53,0.070762
1.535,0.071457
1.54,0.072114
1.545,0.072733
1.55,0.073313
1.555,0.073851
1.56,0.074348
1.565,0.074802
1.57,0.075211
1.575,0.075576
1.58,0.075896
1.585,0.07617
1.59,0.076397
1.595,0.076578
1.6,0.076711
1.605,0.076797
1.61,0.076837
1.615,0.076829
1.62,0.076775
1.625,0.076674
1.63,0.076528
1.635,0.076337
1.64,0.076101
1.645,0.075822
1.65,0.0755
1.655,0.075137
1.66,0.074734
1.665,0.074291
1.67,0.073811
1.675,0.073294
1.68,0.072743
1.685,0.072158
1.69,0.071542
1.695,0.070896
1.7,0.070221
1.705,0.069519
1.71,0.068792
1.715,0.068042
1.72,0.067271
1.725,0.066479
1.73,0.06567
1.735,0.064844
1.74,0.064004
1.745,0.063151
1.75,0.062286
1.755,0.061412
1.76,0.06053
1.765,0.059641
1.77,0.058747
1.775,0.05785
1.78,0.05695
1.785,0.05605
1.79,0.05515
1.795,0.054251
1.8,0.053356
1.805,0.052464
1.81,0.051577
1.815,0.050696
1.82,0.049822
1.825,0.048956
1.83,0.048098
1.835,0.047249
1.84,0.04641
1.845,0.045582
1.85,0.044764
1.855,0.043959
1.86,0.043165
1.865,0.042383
1.87,0.041615
1.875,0.040859
1.88,0.040117
1.885,0.039388
1.89,0.038673
1.895,0.037972
1.9,0.037284
1.905,0.036611
1.91,0.035952
1.915,0.035307
1.92,0.034676
1.925,0.034059
1.93,0.033456
1.935,0.032866
1.94,0.032291
1.945,0.031729
1.95,0.03118
1.955,0.030645
1.96,0.030123
1.965,0.029614
1.97,0.029117
1.975,0.028633
1.98,0.028161
1.985,0.027701
1.99,0.027254
1.995,0.026817
2,0.026392
2.005,0.025979
2.01,0.025576
2.015,0.025183
2.02,0.024801
2.025,0.024429
2.03,0.024067
2.035,0.023715
2.04,0.023372
2.045,0.023038
2.05,0.022713
2.055,0.022397
2.06,0.022089
2.065,0.021789
2.07,0.021497
2.075,0.021213
2.08,0.020936
2.085,0.020666
2.09,0.020404
2.095,0.020148
2.1,0.019899
2.105,0.019657
2.11,0.01942
2.115,0.01919
2.12,0.018965
2.125,0.018746
2.13,0.018533
2.135,0.018325
2.14,0.018122
2.145,0.017924
2.15,0.01773
2.155,0.017541
2.16,0.017357
2.165,0.017177
2.17,0.017001
2.175,0.016829
2.18,0.016661
2.185,0.016497
2.19,0.016337
2.195,0.016179
2.2,0.016026
2.205,0.015875
2.21,0.015728
2.215,0.015584
2.22,0.015442
2.225,0.015304
2.23,0.015168
2.235,0.015034
2.24,0.014904
2.245,0.014776
2.25,0.01465
2.255,0.014526
2.26,0.014405
2.265,0.014285
2.27,0.014168
2.275,0.014053
2.28,0.013939
2.285,0.013828
2.29,0.013718
2.295,0.01361
2.3,0.013503
2.305,0.013399
2.31,0.013295
2.315,0.013194
2.32,0.013093
2.325,0.012994
2.33,0.012897
2.335,0.0128
2.34,0.012705
2.345,0.012612
2.35,0.012519
2.355,0.012427
2.36,0.012337
2.365,0.012248
2.37,0.01216
2.375,0.012072
2.38,0.011986
2.385,0.011901
2.39,0.011817
2.395,0.011733
2.4,0.011651
2.405,0.011569
2.41,0.011488
2.415,0.011408
2.42,0.011329
2.425,0.01125
2.43,0.011173
2.435,0.011096
2.44,0.011019
2.445,0.010944
2.45,0.010869
2.455,0.010795
2.46,0.010721
2.465,0.010648
2.47,0.010576
2.475,0.010504
2.48,0.010433
2.485,0.010363
2.49,0.010293
2.495,0.010224
2.5,0.010155
2.505,0.010087
2.51,0.01002
2.515,0.0099527
2.52,0.0098863
2.525,0.0098203
2.53,0.0097549
2.535,0.00969
2.54,0.0096256
2.545,0.0095617
2.55,0.0094984
2.555,0.0094355
2.56,0.009373
2.565,0.0093111
2.57,0.0092496
2.575,0.0091886
2.58,0.0091281
2.585,0.009068
2.59,0.0090083
2.595,0.0089491
2.6,0.0088904
2.605,0.0088321
2.61,0.0087742
2.615,0.0087168
2.62,0.0086597
2.625,0.0086031
2.63,0.008547
2.635,0.0084912
2.64,0.0084358
2.645,0.0083809
2.65,0.0083263
2.655,0.0082722
2.66,0.0082185
2.665,0.0081651
2.67,0.0081121
2.675,0.0080596
2.68,0.0080074
2.685,0.0079556
2.69,0.0079041
2.695,0.0078531
2.7,0.0078024
2.705,0.0077521
2.71,0.0077021
2.715,0.0076525
2.72,0.0076033
2.725,0.0075545
2.73,0.0075059
2.735,0.0074578
2.74,0.00741
2.745,0.0073625
2.75,0.0073154
2.755,0.0072686
2.76,0.0072222
2.765,0.0071761
2.77,0.0071304
2.775,0.0070849
2.78,0.0070398
2.785,0.0069951
2.79,0.0069506
2.795,0.0069065
2.8,0.0068627
2.805,0.0068192
2.81,0.006776
2.815,0.0067332
2.82,0.0066906
2.825,0.0066484
2.83,0.0066065
2.835,0.0065648
2.84,0.0065235
2.845,0.0064825
2.85,0.0064417
2.855,0.0064013
2.86,0.0063612
2.865,0.0063213
2.87,0.0062817
2.875,0.0062424
2.88,0.0062035
2.885,0.0061647
2.89,0.0061263
2.895,0.0060881
2.9,0.0060503
2.905,0.0060126
2.91,0.0059753
2.915,0.0059382
2.92,0.0059014
2.925,0.0058649
2.93,0.0058286
2.935,0.0057926
2.94,0.0057569
2.945,0.0057214
2.95,0.0056861
2.955,0.0056511
2.96,0.0056164
2.965,0.0055819
2.97,0.0055477
2.975,0.0055137
2.98,0.0054799
2.985,0.0054464
2.99,0.0054131
2.995,0.0053801
3,0.0053473
3.005,0.0053147
3.01,0.0052824
3.015,0.0052503
3.02,0.0052184
3.025,0.0051868
3.03,0.0051554
3.035,0.0051242
3.04,0.0050932
3.045,0.0050625
3.05,0.0050319
3.055,0.0050016
3.06,0.0049715
3.065,0.0049416
3.07,0.004912
3.075,0.0048825
3.08,0.0048532
3.085,0.0048242
3.09,0.0047953
3.095,0.0047667
3.1,0.0047383
3.105,0.00471
3.11,0.004682
3.115,0.0046542
3.12,0.0046265
3.125,0.0045991
3.13,0.0045718
3.135,0.0045447
3.14,0.0045179
3.145,0.0044912
3.15,0.0044647
3.155,0.0044384
3.16,0.0044122
3.165,0.0043863
3.17,0.0043605
3.175,0.004335
3.18,0.0043096
3.185,0.0042843
3.19,0.0042593
3.195,0.0042344
3.2,0.0042097
3.205,0.0041852
3.21,0.0041608
3.215,0.0041366
3.22,0.0041126
3.225,0.0040887
3.23,0.004065
3.235,0.0040415
3.24,0.0040181
3.245,0.0039949
3.25,0.0039719
3.255,0.003949
3.26,0.0039263
3.265,0.0039037
3.27,0.0038813
3.275,0.003859
3.28,0.0038369
3.285,0.003815
3.29,0.0037932
3.295,0.0037715
3.3,0.00375
3.305,0.0037286
3.31,0.0037074
3.315,0.0036864
3.32,0.0036654
3.325,0.0036446
3.33,0.003624
3.335,0.0036035
3.34,0.0035831
3.345,0.0035629
3.35,0.0035428
3.355,0.0035229
3.36,0.0035031
3.365,0.0034834
3.37,0.0034638
3.375,0.0034444
3.38,0.0034251
3.385,0.003406
3.39,0.003387
3.395,0.0033681
3.4,0.0033493
3.405,0.0033306
3.41,0.0033121
3.415,0.0032937
3.42,0.0032755
3.425,0.0032573
3.43,0.0032393
3.435,0.0032214
3.44,0.0032036
3.445,0.0031859
3.45,0.0031684
3.455,0.0031509
3.46,0.0031336
3.465,0.0031164
3.47,0.0030993
3.475,0.0030823
3.48,0.0030655
3.485,0.0030487
3.49,0.0030321
3.495,0.0030156
3.5,0.0029991
3.505,0.0029828
3.51,0.0029666
3.515,0.0029505
3.52,0.0029345
3.525,0.0029186
3.53,0.0029029
3.535,0.0028872
3.54,0.0028716
3.545,0.0028561
3.55,0.0028407
3.555,0.0028255
3.56,0.0028103
3.565,0.0027952
3.57,0.0027802
3.575,0.0027654
3.58,0.0027506
3.585,0.0027359
3.59,0.0027213
3.595,0.0027068
3.6,0.0026924
3.605,0.0026781
3.61,0.0026639
3.615,0.0026497
3.62,0.0026357
3.625,0.0026218
3.63,0.0026079
3.635,0.0025941
3.64,0.0025805
3.645,0.0025669
3.65,0.0025534
3.655,0.00254
3.66,0.0025266
3.665,0.0025134
3.67,0.0025002
3.675,0.0024871
3.68,0.0024742
3.685,0.0024612
3.69,0.0024484
3.695,0.0024357
3.7,0.002423
3.705,0.0024104
3.71,0.0023979
3.715,0.0023855
3.72,0.0023731
3.725,0.0023609
3.73,0.0023487
3.735,0.0023366
3.74,0.0023245
3.745,0.0023125
3.75,0.0023007
3.755,0.0022888
3.76,0.0022771
3.765,0.0022654
3.77,0.0022538
3.775,0.0022423
3.78,0.0022309
3.785,0.0022195
3.79,0.0022082
3.795,0.002197
3.8,0.0021858
3.805,0.0021747
3.81,0.0021637
3.815,0.0021527
3.82,0.0021418
3.825,0.002131
3.83,0.0021202
3.835,0.0021095
3.84,0.0020989
3.845,0.0020884
3.85,0.0020779
3.855,0.0020674
3.86,0.0020571
3.865,0.0020468
3.87,0.0020365
3.875,0.0020263
3.88,0.0020162
3.885,0.0020062
3.89,0.0019962
3.895,0.0019863
3.9,0.0019764
3.905,0.0019666
3.91,0.0019568
3.915,0.0019471
3.92,0.0019375
3.925,0.0019279
3.93,0.0019184
3.935,0.001909
3.94,0.0018996
3.945,0.0018902
3.95,0.0018809
3.955,0.0018717
3.96,0.0018625
3.965,0.0018534
3.97,0.0018443
3.975,0.0018353
3.98,0.0018264
3.985,0.0018174
3.99,0.0018086
3.995,0.0017998
4,0.0017911
4.005,0.0017824
4.01,0.0017737
4.015,0.0017651
4.02,0.0017566
4.025,0.0017481
4.03,0.0017397
4.035,0.0017313
4.04,0.0017229
4.045,0.0017147
4.05,0.0017064
4.055,0.0016982
4.06,0.0016901
4.065,0.001682
4.07,0.0016739
4.075,0.0016659
4.08,0.001658
4.085,0.0016501
4.09,0.0016422
4.095,0.0016344
4.1,0.0016266
4.105,0.0016189
4.11,0.0016112
4.115,0.0016036
4.12,0.001596
4.125,0.0015885
4.13,0.001581
4.135,0.0015735
4.14,0.0015661
4.145,0.0015587
4.15,0.0015514
4.155,0.0015441
4.16,0.0015369
4.165,0.0015297
4.17,0.0015225
4.175,0.0015154
4.18,0.0015083
4.185,0.0015013
4.19,0.0014943
4.195,0.0014873
4.2,0.0014804
4.205,0.0014735
4.21,0.0014667
4.215,0.0014599
4.22,0.0014531
4.225,0.0014464
4.23,0.0014397
4.235,0.0014331
4.24,0.0014265
4.245,0.0014199
4.25,0.0014134
4.255,0.0014069
4.26,0.0014004
4.265,0.001394
4.27,0.0013876
4.275,0.0013813
4.28,0.001375
4.285,0.0013687
4.29,0.0013624
4.295,0.0013562
4.3,0.0013501
4.305,0.0013439
4.31,0.0013378
4.315,0.0013317
4.32,0.0013257
4.325,0.0013197
4.33,0.0013137
4.335,0.0013078
4.34,0.0013019
4.345,0.001296
4.35,0.0012902
4.355,0.0012844
4.36,0.0012786
4.365,0.0012729
4.37,0.0012672
4.375,0.0012615
4.38,0.0012558
4.385,0.0012502
4.39,0.0012447
4.395,0.0012391
4.4,0.0012336
4.405,0.0012281
4.41,0.0012226
4.415,0.0012172
4.42,0.0012118
4.425,0.0012064
4.43,0.0012011
4.435,0.0011958
4.44,0.0011905
4.445,0.0011852
4.45,0.00118
4.455,0.0011748
4.46,0.0011696
4.465,0.0011645
4.47,0.0011594
4.475,0.0011543
4.48,0.0011492
4.485,0.0011442
4.49,0.0011392
4.495,0.0011342
4.5,0.0011293
4.505,0.0011244
4.51,0.0011195
4.515,0.0011146
4.52,0.0011097
4.525,0.0011049
4.53,0.0011001
4.535,0.0010954
4.54,0.0010906
4.545,0.0010859
4.55,0.0010812
4.555,0.0010766
4.56,0.0010719
4.565,0.0010673
4.57,0.0010627
4.575,0.0010581
4.58,0.0010536
4.585,0.0010491
4.59,0.0010446
4.595,0.0010401
4.6,0.0010357
4.605,0.0010312
4.61,0.0010268
4.615,0.0010225
4.62,0.0010181
4.625,0.0010138
4.63,0.0010095
4.635,0.0010052
4.64,0.0010009
4.645,0.00099669
4.65,0.00099247
4.655,0.00098827
4.66,0.0009841
4.665,0.00097994
4.67,0.00097581
4.675,0.0009717
4.68,0.00096762
4.685,0.00096355
4.69,0.00095951
4.695,0.00095548
4.7,0.00095148
4.705,0.0009475
4.71,0.00094353
4.715,0.00093959
4.72,0.00093567
4.725,0.00093177
4.73,0.00092789
4.735,0.00092403
4.74,0.00092019
4.745,0.00091637
4.75,0.00091257
4.755,0.00090879
4.76,0.00090502
4.765,0.00090128
4.77,0.00089756
4.775,0.00089385
4.78,0.00089017
4.785,0.0008865
4.79,0.00088285
4.795,0.00087922
4.8,0.00087561
4.805,0.00087202
4.81,0.00086844
4.815,0.00086489
4.82,0.00086135
4.825,0.00085783
4.83,0.00085432
4.835,0.00085084
4.84,0.00084737
4.845,0.00084392
4.85,0.00084049
4.855,0.00083707
4.86,0.00083368
4.865,0.0008303
4.87,0.00082693
4.875,0.00082359
4.88,0.00082026
4.885,0.00081694
4.89,0.00081365
4.895,0.00081037
4.9,0.0008071
4.905,0.00080385
4.91,0.00080062
4.915,0.00079741
4.92,0.00079421
4.925,0.00079102
4.93,0.00078786
4.935,0.0007847
4.94,0.00078157
4.945,0.00077845
4.95,0.00077534
4.955,0.00077225
4.96,0.00076918
4.965,0.00076612
4.97,0.00076307
4.975,0.00076005
4.98,0.00075703
4.985,0.00075403
4.99,0.00075105
4.995,0.00074808
5,0.00074512
5.005,0.00074218
5.01,0.00073925
5.015,0.00073634
5.02,0.00073344
5.025,0.00073056
5.03,0.00072769
5.035,0.00072483
5.04,0.00072199
5.045,0.00071916
5.05,0.00071635
5.055,0.00071355
5.06,0.00071076
5.065,0.00070799
5.07,0.00070523
5.075,0.00070248
5.08,0.00069975
5.085,0.00069703
5.09,0.00069432
5.095,0.00069162
5.1,0.00068894
5.105,0.00068627
5.11,0.00068362
5.115,0.00068098
5.12,0.00067835
5.125,0.00067573
5.13,0.00067312
5.135,0.00067053
5.14,0.00066795
5.145,0.00066538
5.15,0.00066283
5.155,0.00066028
5.16,0.00065775
5.165,0.00065523
5.17,0.00065273
5.175,0.00065023
5.18,0.00064775
5.185,0.00064528
5.19,0.00064282
5.195,0.00064037
5.2,0.00063793
5.205,0.00063551
5.21,0.00063309
5.215,0.00063069
5.22,0.0006283
5.225,0.00062592
5.23,0.00062355
5.235,0.00062119
5.24,0.00061885
5.245,0.00061651
5.25,0.00061419
5.255,0.00061187
5.26,0.00060957
5.265,0.00060728
5.27,0.000605
5.275,0.00060273
5.28,0.00060047
5.285,0.00059822
5.29,0.00059598
5.295,0.00059375
5.3,0.00059153
5.305,0.00058932
5.31,0.00058713
5.315,0.00058494
5.32,0.00058276
5.325,0.00058059
5.33,0.00057844
5.335,0.00057629
5.34,0.00057415
5.345,0.00057202
5.35,0.00056991
5.355,0.0005678
5.36,0.0005657
5.365,0.00056361
5.37,0.00056153
5.375,0.00055946
5.38,0.0005574
5.385,0.00055535
5.39,0.00055331
5.395,0.00055128
5.4,0.00054926
5.405,0.00054724
5.41,0.00054524
5.415,0.00054324
5.42,0.00054126
5.425,0.00053928
5.43,0.00053731
5.435,0.00053535
5.44,0.0005334
5.445,0.00053146
5.45,0.00052953
5.455,0.0005276
5.46,0.00052569
5.465,0.00052378
5.47,0.00052188
5.475,0.00051999
5.48,0.00051811
5.485,0.00051624
5.49,0.00051438
5.495,0.00051252
5.5,0.00051067
5.505,0.00050883
5.51,0.000507
5.515,0.00050518
5.52,0.00050336
5.525,0.00050156
5.53,0.00049976
5.535,0.00049797
5.54,0.00049619
5.545,0.00049441
5.55,0.00049265
5.555,0.00049089
5.56,0.00048914
5.565,0.00048739
5.57,0.00048566
5.575,0.00048393
5.58,0.00048221
5.585,0.0004805
5.59,0.00047879
5.595,0.00047709
5.6,0.0004754
5.605,0.00047372
5.61,0.00047205
5.615,0.00047038
5.62,0.00046872
5.625,0.00046707
5.63,0.00046542
5.635,0.00046378
5.64,0.00046215
5.645,0.00046053
5.65,0.00045891
5.655,0.0004573
5.66,0.0004557
5.665,0.0004541
5.67,0.00045251
5.675,0.00045093
5.68,0.00044935
5.685,0.00044778
5.69,0.00044622
5.695,0.00044467
5.7,0.00044312
5.705,0.00044158
5.71,0.00044004
5.715,0.00043851
5.72,0.00043699
5.725,0.00043548
5.73,0.00043397
5.735,0.00043247
5.74,0.00043097
5.745,0.00042948
5.75,0.000428
5.755,0.00042652
5.76,0.00042505
5.765,0.00042359
5.77,0.00042213
5.775,0.00042068
5.78,0.00041924
5.785,0.0004178
5.79,0.00041636
5.795,0.00041494
5.8,0.00041352
5.805,0.0004121
5.81,0.00041069
5.815,0.00040929
5.82,0.0004079
5.825,0.00040651
5.83,0.00040512
5.835,0.00040374
5.84,0.00040237
5.845,0.000401
5.85,0.00039964
5.855,0.00039829
5.86,0.00039694
5.865,0.00039559
5.87,0.00039425
5.875,0.00039292
5.88,0.00039159
5.885,0.00039027
5.89,0.00038896
5.895,0.00038764
5.9,0.00038634
5.905,0.00038504
5.91,0.00038375
5.915,0.00038246
5.92,0.00038117
5.925,0.0003799
5.93,0.00037862
5.935,0.00037736
5.94,0.00037609
5.945,0.00037484
5.95,0.00037359
5.955,0.00037234
5.96,0.0003711
5.965,0.00036986
5.97,0.00036863
5.975,0.0003674
5.98,0.00036618
5.985,0.00036497
5.99,0.00036376
5.995,0.00036255
6,0.00036135
6.005,0.00036016
6.01,0.00035896
6.015,0.00035778
6.02,0.0003566
6.025,0.00035542
6.03,0.00035425
6.035,0.00035308
6.04,0.00035192
6.045,0.00035076
6.05,0.00034961
6.055,0.00034846
6.06,0.00034732
6.065,0.00034618
6.07,0.00034505
6.075,0.00034392
6.08,0.0003428
6.085,0.00034168
6.09,0.00034056
6.095,0.00033945
6.1,0.00033834
6.105,0.00033724
6.11,0.00033615
6.115,0.00033505
6.12,0.00033396
6.125,0.00033288
6.13,0.0003318
6.135,0.00033073
6.14,0.00032966
6.145,0.00032859
6.15,0.00032753
6.155,0.00032647
6.16,0.00032541
6.165,0.00032437
6.17,0.00032332
6.175,0.00032228
6.18,0.00032124
6.185,0.00032021
6.19,0.00031918
6.195,0.00031816
6.2,0.00031714
6.205,0.00031612
6.21,0.00031511
6.215,0.0003141
6.22,0.00031309
6.225,0.00031209
6.23,0.0003111
6.235,0.00031011
6.24,0.00030912
6.245,0.00030813
6.25,0.00030715
6.255,0.00030618
6.26,0.0003052
6.265,0.00030423
6.27,0.00030327
6.275,0.00030231
6.28,0.00030135
