0,0
0.005,0
0.01,0
0.015,0
0.02,0
0.025,0
0.03,0
0.035,0
0.04,0
0.045,0
0.05,0
0.055,0
0.06,0
0.065,0
0.07,0
0.075,0
0.08,0
0.085,0
0.09,0
0.095,0
0.1,0
0.105,0
0.11,0
0.115,0
0.12,0
0.125,0
0.13,0
0.135,0
0.14,0
0.145,0
0.15,0
0.155,0
0.16,0
0.165,0
0.17,0
0.175,1.7794e-315
0.18,1.1219e-281
0.185,2.8835e-252
0.19,1.4007e-226
0.195,4.5743e-204
0.2,2.885e-184
0.205,8.486e-167
0.21,2.4396e-151
0.215,1.2789e-137
0.22,2.0723e-125
0.225,1.6252e-114
0.23,9.0427e-105
0.235,4.9511e-096
0.24,3.5331e-088
0.245,4.1859e-081
0.25,1.015e-074
0.255,6.038e-069
0.26,1.0317e-063
0.265,5.8087e-059
0.27,1.2151e-054
0.275,1.0492e-050
0.28,4.101e-047
0.285,7.8716e-044
0.29,7.9715e-041
0.295,4.5382e-038
0.3,1.5364e-035
0.305,3.2518e-033
0.31,4.4979e-031
0.315,4.2304e-029
0.32,2.8029e-027
0.325,1.3503e-025
0.33,4.8661e-024
0.335,1.3456e-022
0.34,2.9213e-021
0.345,5.0831e-020
0.35,7.2222e-019
0.355,8.5209e-018
0.36,8.4759e-017
0.365,7.2071e-016
0.37,5.3044e-015
0.375,3.4178e-014
0.38,1.948e-013
0.385,9.9136e-013
0.39,4.5437e-012
0.395,1.8903e-011
0.4,7.1895e-011
0.405,2.5163e-010
0.41,8.1531e-010
0.415,2.4591e-009
0.42,6.9392e-009
0.425,1.8405e-008
0.43,4.6083e-008
0.435,1.0934e-007
0.44,2.4677e-007
0.445,5.3148e-007
0.45,1.0957e-006
0.455,2.1687e-006
0.46,4.1315e-006
0.465,7.5946e-006
0.47,1.3501e-005
0.475,2.3258e-005
0.48,3.8907e-005
0.485,6.331e-005
0.49,0.00010038
0.495,0.00015533
0.5,0.00023491
0.505,0.00034769
0.51,0.00050426
0.515,0.00071749
0.52,0.0010027
0.525,0.0013776
0.53,0.0018625
0.535,0.0024804
0.54,0.0032564
0.545,0.0042178
0.55,0.0053937
0.555,0.0068147
0.56,0.0085121
0.565,0.010518
0.57,0.012864
0.575,0.015581
0.58,0.018699
0.585,0.022245
0.59,0.026246
0.595,0.030723
0.6,0.035697
0.605,0.041182
0.61,0.04719
0.615,0.053729
0.62,0.060802
0.625,0.068407
0.63,0.076539
0.635,0.085187
0.64,0.094338
0.645,0.10397
0.65,0.11407
0.655,0.12461
0.66,0.13555
0.665,0.14688
0.67,0.15855
0.675,0.17053
0.68,0.18278
0.685,0.19527
0.69,0.20796
0.695,0.2208
0.7,0.23376
0.705,0.2468
0.71,0.25988
0.715,0.27297
0.72,0.28601
0.725,0.29899
0.73,0.31186
0.735,0.3246
0.74,0.33716
0.745,0.34952
0.75,0.36166
0.755,0.37354
0.76,0.38515
0.765,0.39645
0.77,0.40743
0.775,0.41808
0.78,0.42837
0.785,0.43829
0.79,0.44783
0.795,0.45698
0.8,0.46573
0.805,0.47406
0.81,0.48199
0.815,0.48949
0.82,0.49657
0.825,0.50323
0.83,0.50946
0.835,0.51527
0.84,0.52066
0.845,0.52564
0.85,0.5302
0.855,0.53435
0.86,0.5381
0.865,0.54145
0.87,0.54441
0.875,0.54699
0.88,0.5492
0.885,0.55104
0.89,0.55252
0.895,0.55366
0.9,0.55447
0.905,0.55494
0.91,0.5551
0.915,0.55495
0.92,0.55451
0.925,0.55378
0.93,0.55277
0.935,0.5515
0.94,0.54998
0.945,0.54821
0.95,0.5462
0.955,0.54398
0.96,0.54154
0.965,0.53889
0.97,0.53606
0.975,0.53304
0.98,0.52984
0.985,0.52648
0.99,0.52297
0.995,0.5193
1,0.5155
1.005,0.51157
1.01,0.50752
1.015,0.50335
1.02,0.49908
1.025,0.49471
1.03,0.49025
1.035,0.48571
1.04,0.48109
1.045,0.4764
1.05,0.47165
1.055,0.46684
1.06,0.46197
1.065,0.45707
1.07,0.45212
1.075,0.44714
1.08,0.44212
1.085,0.43709
1.09,0.43203
1.095,0.42696
1.1,0.42188
1.105,0.41679
1.11,0.41169
1.115,0.4066
1.12,0.40151
1.125,0.39643
1.13,0.39136
1.135,0.3863
1.14,0.38126
1.145,0.37624
1.15,0.37124
1.155,0.36627
1.16,0.36132
1.165,0.35641
1.17,0.35152
1.175,0.34667
1.18,0.34185
1.185,0.33706
1.19,0.33232
1.195,0.32761
1.2,0.32295
1.205,0.31833
1.21,0.31375
1.215,0.30921
1.22,0.30472
1.225,0.30028
1.23,0.29588
1.235,0.29153
1.24,0.28723
1.245,0.28298
1.25,0.27877
1.255,0.27462
1.26,0.27052
1.265,0.26646
1.27,0.26246
1.275,0.25851
1.28,0.25461
1.285,0.25076
1.29,0.24696
1.295,0.24322
1.3,0.23952
1.305,0.23588
1.31,0.23228
1.315,0.22874
1.32,0.22525
1.325,0.22181
1.33,0.21842
1.335,0.21507
1.34,0.21178
1.345,0.20854
1.35,0.20535
1.355,0.2022
1.36,0.19911
1.365,0.19606
1.37,0.19306
1.375,0.1901
1.38,0.18719
1.385,0.18433
1.39,0.18152
1.395,0.17874
1.4,0.17602
1.405,0.17334
1.41,0.1707
1.415,0.1681
1.42,0.16555
1.425,0.16304
1.43,0.16057
1.435,0.15814
1.44,0.15576
1.445,0.15341
1.45,0.1511
1.455,0.14883
1.46,0.1466
1.465,0.14441
1.47,0.14225
1.475,0.14013
1.48,0.13805
1.485,0.136
1.49,0.13399
1.495,0.13201
1.5,0.13006
1.505,0.12815
1.51,0.12627
1.515,0.12443
1.52,0.12261
1.525,0.12083
1.53,0.11908
1.535,0.11736
1.54,0.11567
1.545,0.114
1.55,0.11237
1.555,0.11076
1.56,0.10919
1.565,0.10764
1.57,0.10611
1.575,0.10461
1.58,0.10314
1.585,0.1017
1.59,0.10028
1.595,0.09888
1.6,0.097508
1.605,0.09616
1.61,0.094834
1.615,0.093532
1.62,0.092252
1.625,0.090994
1.63,0.089758
1.635,0.088543
1.64,0.087349
1.645,0.086175
1.65,0.085021
1.655,0.083887
1.66,0.082772
1.665,0.081676
1.67,0.080599
1.675,0.07954
1.68,0.078499
1.685,0.077476
1.69,0.07647
1.695,0.075481
1.7,0.074508
1.705,0.073552
1.71,0.072611
1.715,0.071686
1.72,0.070777
1.725,0.069883
1.73,0.069004
1.735,0.068139
1.74,0.067288
1.745,0.066451
1.75,0.065628
1.755,0.064819
1.76,0.064022
1.765,0.063239
1.77,0.062468
1.775,0.06171
1.78,0.060964
1.785,0.06023
1.79,0.059508
1.795,0.058797
1.8,0.058097
1.805,0.057409
1.81,0.056731
1.815,0.056064
1.82,0.055408
1.825,0.054762
1.83,0.054126
1.835,0.0535
1.84,0.052883
1.845,0.052276
1.85,0.051679
1.855,0.05109
1.86,0.050511
1.865,0.04994
1.87,0.049378
1.875,0.048825
1.88,0.04828
1.885,0.047743
1.89,0.047214
1.895,0.046693
1.9,0.046179
1.905,0.045674
1.91,0.045175
1.915,0.044684
1.92,0.044201
1.925,0.043724
1.93,0.043254
1.935,0.042791
1.94,0.042334
1.945,0.041884
1.95,0.041441
1.955,0.041004
1.96,0.040573
1.965,0.040148
1.97,0.039729
1.975,0.039316
1.98,0.038908
1.985,0.038507
1.99,0.038111
1.995,0.03772
2,0.037335
2.005,0.036954
2.01,0.03658
2.015,0.03621
2.02,0.035845
2.025,0.035485
2.03,0.03513
2.035,0.034779
2.04,0.034434
2.045,0.034093
2.05,0.033756
2.055,0.033424
2.06,0.033096
2.065,0.032772
2.07,0.032453
2.075,0.032137
2.08,0.031826
2.085,0.031519
2.09,0.031215
2.095,0.030916
2.1,0.03062
2.105,0.030328
2.11,0.03004
2.115,0.029755
2.12,0.029474
2.125,0.029196
2.13,0.028922
2.135,0.028651
2.14,0.028384
2.145,0.028119
2.15,0.027858
2.155,0.0276
2.16,0.027346
2.165,0.027094
2.17,0.026845
2.175,0.0266
2.18,0.026357
2.185,0.026117
2.19,0.02588
2.195,0.025645
2.2,0.025414
2.205,0.025185
2.21,0.024959
2.215,0.024735
2.22,0.024515
2.225,0.024296
2.23,0.02408
2.235,0.023867
2.24,0.023656
2.245,0.023447
2.25,0.023241
2.255,0.023037
2.26,0.022836
2.265,0.022636
2.27,0.022439
2.275,0.022244
2.28,0.022052
2.285,0.021861
2.29,0.021673
2.295,0.021486
2.3,0.021302
2.305,0.02112
2.31,0.020939
2.315,0.020761
2.32,0.020584
2.325,0.02041
2.33,0.020237
2.335,0.020066
2.34,0.019897
2.345,0.01973
2.35,0.019565
2.355,0.019401
2.36,0.019239
2.365,0.019079
2.37,0.018921
2.375,0.018764
2.38,0.018609
2.385,0.018455
2.39,0.018303
2.395,0.018153
2.4,0.018004
2.405,0.017857
2.41,0.017711
2.415,0.017567
2.42,0.017424
2.425,0.017282
2.43,0.017143
2.435,0.017004
2.44,0.016867
2.445,0.016731
2.45,0.016597
2.455,0.016464
2.46,0.016332
2.465,0.016202
2.47,0.016073
2.475,0.015945
2.48,0.015819
2.485,0.015694
2.49,0.01557
2.495,0.015447
2.5,0.015326
2.505,0.015205
2.51,0.015086
2.515,0.014968
2.52,0.014851
2.525,0.014736
2.53,0.014621
2.535,0.014508
2.54,0.014395
2.545,0.014284
2.55,0.014174
2.555,0.014065
2.56,0.013957
2.565,0.01385
2.57,0.013744
2.575,0.013639
2.58,0.013535
2.585,0.013432
2.59,0.01333
2.595,0.013229
2.6,0.013128
2.605,0.013029
2.61,0.012931
2.615,0.012834
2.62,0.012737
2.625,0.012642
2.63,0.012547
2.635,0.012453
2.64,0.01236
2.645,0.012268
2.65,0.012177
2.655,0.012087
2.66,0.011998
2.665,0.011909
2.67,0.011821
2.675,0.011734
2.68,0.011648
2.685,0.011562
2.69,0.011478
2.695,0.011394
2.7,0.011311
2.705,0.011228
2.71,0.011147
2.715,0.011066
2.72,0.010985
2.725,0.010906
2.73,0.010827
2.735,0.010749
2.74,0.010672
2.745,0.010595
2.75,0.010519
2.755,0.010444
2.76,0.010369
2.765,0.010295
2.77,0.010222
2.775,0.010149
2.78,0.010077
2.785,0.010006
2.79,0.0099353
2.795,0.0098651
2.8,0.0097956
2.805,0.0097267
2.81,0.0096584
2.815,0.0095907
2.82,0.0095236
2.825,0.009457
2.83,0.0093911
2.835,0.0093257
2.84,0.0092609
2.845,0.0091966
2.85,0.0091329
2.855,0.0090697
2.86,0.0090071
2.865,0.008945
2.87,0.0088835
2.875,0.0088224
2.88,0.0087619
2.885,0.0087019
2.89,0.0086425
2.895,0.0085835
2.9,0.008525
2.905,0.008467
2.91,0.0084095
2.915,0.0083525
2.92,0.008296
2.925,0.0082399
2.93,0.0081843
2.935,0.0081292
2.94,0.0080746
2.945,0.0080204
2.95,0.0079666
2.955,0.0079133
2.96,0.0078604
2.965,0.007808
2.97,0.007756
2.975,0.0077045
2.98,0.0076533
2.985,0.0076026
2.99,0.0075523
2.995,0.0075025
3,0.007453
3.005,0.0074039
3.01,0.0073553
3.015,0.007307
3.02,0.0072591
3.025,0.0072116
3.03,0.0071645
3.035,0.0071178
3.04,0.0070715
3.045,0.0070255
3.05,0.0069799
3.055,0.0069347
3.06,0.0068898
3.065,0.0068453
3.07,0.0068012
3.075,0.0067574
3.08,0.006714
3.085,0.0066709
3.09,0.0066281
3.095,0.0065857
3.1,0.0065436
3.105,0.0065019
3.11,0.0064605
3.115,0.0064194
3.12,0.0063787
3.125,0.0063382
3.13,0.0062981
3.135,0.0062583
3.14,0.0062188
3.145,0.0061796
3.15,0.0061408
3.155,0.0061022
3.16,0.0060639
3.165,0.006026
3.17,0.0059883
3.175,0.0059509
3.18,0.0059138
3.185,0.005877
3.19,0.0058405
3.195,0.0058043
3.2,0.0057683
3.205,0.0057327
3.21,0.0056972
3.215,0.0056621
3.22,0.0056273
3.225,0.0055927
3.23,0.0055583
3.235,0.0055243
3.24,0.0054904
3.245,0.0054569
3.25,0.0054236
3.255,0.0053905
3.26,0.0053578
3.265,0.0053252
3.27,0.0052929
3.275,0.0052609
3.28,0.005229
3.285,0.0051975
3.29,0.0051661
3.295,0.005135
3.3,0.0051041
3.305,0.0050735
3.31,0.0050431
3.315,0.0050129
3.32,0.0049829
3.325,0.0049532
3.33,0.0049237
3.335,0.0048944
3.34,0.0048653
3.345,0.0048364
3.35,0.0048078
3.355,0.0047794
3.36,0.0047511
3.365,0.0047231
3.37,0.0046953
3.375,0.0046677
3.38,0.0046403
3.385,0.004613
3.39,0.004586
3.395,0.0045592
3.4,0.0045326
3.405,0.0045062
3.41,0.0044799
3.415,0.0044539
3.42,0.004428
3.425,0.0044023
3.43,0.0043769
3.435,0.0043515
3.44,0.0043264
3.445,0.0043015
3.45,0.0042767
3.455,0.0042521
3.46,0.0042277
3.465,0.0042035
3.47,0.0041794
3.475,0.0041555
3.48,0.0041318
3.485,0.0041083
3.49,0.0040849
3.495,0.0040617
3.5,0.0040386
3.505,0.0040157
3.51,0.003993
3.515,0.0039704
3.52,0.003948
3.525,0.0039258
3.53,0.0039037
3.535,0.0038817
3.54,0.0038599
3.545,0.0038383
3.55,0.0038168
3.555,0.0037955
3.56,0.0037743
3.565,0.0037533
3.57,0.0037324
3.575,0.0037116
3.58,0.003691
3.585,0.0036705
3.59,0.0036502
3.595,0.00363
3.6,0.00361
3.605,0.0035901
3.61,0.0035703
3.615,0.0035507
3.62,0.0035312
3.625,0.0035118
3.63,0.0034926
3.635,0.0034735
3.64,0.0034545
3.645,0.0034357
3.65,0.003417
3.655,0.0033984
3.66,0.0033799
3.665,0.0033616
3.67,0.0033434
3.675,0.0033253
3.68,0.0033073
3.685,0.0032895
3.69,0.0032717
3.695,0.0032541
3.7,0.0032366
3.705,0.0032193
3.71,0.003202
3.715,0.0031849
3.72,0.0031678
3.725,0.0031509
3.73,0.0031341
3.735,0.0031174
3.74,0.0031009
3.745,0.0030844
3.75,0.003068
3.755,0.0030518
3.76,0.0030356
3.765,0.0030196
3.77,0.0030037
3.775,0.0029878
3.78,0.0029721
3.785,0.0029565
3.79,0.002941
3.795,0.0029255
3.8,0.0029102
3.805,0.002895
3.81,0.0028799
3.815,0.0028649
3.82,0.00285
3.825,0.0028351
3.83,0.0028204
3.835,0.0028058
3.84,0.0027912
3.845,0.0027768
3.85,0.0027624
3.855,0.0027482
3.86,0.002734
3.865,0.0027199
3.87,0.0027059
3.875,0.002692
3.88,0.0026782
3.885,0.0026645
3.89,0.0026509
3.895,0.0026373
3.9,0.0026239
3.905,0.0026105
3.91,0.0025972
3.915,0.002584
3.92,0.0025709
3.925,0.0025579
3.93,0.0025449
3.935,0.002532
3.94,0.0025192
3.945,0.0025065
3.95,0.0024939
3.955,0.0024813
3.96,0.0024689
3.965,0.0024565
3.97,0.0024442
3.975,0.0024319
3.98,0.0024198
3.985,0.0024077
3.99,0.0023957
3.995,0.0023837
4,0.0023718
4.005,0.0023601
4.01,0.0023483
4.015,0.0023367
4.02,0.0023251
4.025,0.0023136
4.03,0.0023022
4.035,0.0022908
4.04,0.0022795
4.045,0.0022683
4.05,0.0022572
4.055,0.0022461
4.06,0.0022351
4.065,0.0022241
4.07,0.0022132
4.075,0.0022024
4.08,0.0021917
4.085,0.002181
4.09,0.0021704
4.095,0.0021598
4.1,0.0021493
4.105,0.0021389
4.11,0.0021285
4.115,0.0021182
4.12,0.002108
4.125,0.0020978
4.13,0.0020877
4.135,0.0020776
4.14,0.0020676
4.145,0.0020577
4.15,0.0020478
4.155,0.002038
4.16,0.0020283
4.165,0.0020186
4.17,0.0020089
4.175,0.0019993
4.18,0.0019898
4.185,0.0019803
4.19,0.0019709
4.195,0.0019616
4.2,0.0019523
4.205,0.001943
4.21,0.0019338
4.215,0.0019247
4.22,0.0019156
4.225,0.0019066
4.23,0.0018976
4.235,0.0018886
4.24,0.0018798
4.245,0.001871
4.25,0.0018622
4.255,0.0018535
4.26,0.0018448
4.265,0.0018362
4.27,0.0018276
4.275,0.0018191
4.28,0.0018106
4.285,0.0018022
4.29,0.0017938
4.295,0.0017855
4.3,0.0017772
4.305,0.001769
4.31,0.0017608
4.315,0.0017527
4.32,0.0017446
4.325,0.0017366
4.33,0.0017286
4.335,0.0017206
4.34,0.0017127
4.345,0.0017049
4.35,0.0016971
4.355,0.0016893
4.36,0.0016816
4.365,0.0016739
4.37,0.0016663
4.375,0.0016587
4.38,0.0016511
4.385,0.0016436
4.39,0.0016362
4.395,0.0016288
4.4,0.0016214
4.405,0.001614
4.41,0.0016068
4.415,0.0015995
4.42,0.0015923
4.425,0.0015851
4.43,0.001578
4.435,0.0015709
4.44,0.0015638
4.445,0.0015568
4.45,0.0015499
4.455,0.0015429
4.46,0.001536
4.465,0.0015292
4.47,0.0015223
4.475,0.0015156
4.48,0.0015088
4.485,0.0015021
4.49,0.0014955
4.495,0.0014888
4.5,0.0014822
4.505,0.0014757
4.51,0.0014691
4.515,0.0014627
4.52,0.0014562
4.525,0.0014498
4.53,0.0014434
4.535,0.0014371
4.54,0.0014308
4.545,0.0014245
4.55,0.0014182
4.555,0.001412
4.56,0.0014059
4.565,0.0013997
4.57,0.0013936
4.575,0.0013875
4.58,0.0013815
4.585,0.0013755
4.59,0.0013695
4.595,0.0013636
4.6,0.0013577
4.605,0.0013518
4.61,0.0013459
4.615,0.0013401
4.62,0.0013343
4.625,0.0013286
4.63,0.0013229
4.635,0.0013172
4.64,0.0013115
4.645,0.0013059
4.65,0.0013003
4.655,0.0012947
4.66,0.0012892
4.665,0.0012837
4.67,0.0012782
4.675,0.0012727
4.68,0.0012673
4.685,0.0012619
4.69,0.0012566
4.695,0.0012512
4.7,0.0012459
4.705,0.0012406
4.71,0.0012354
4.715,0.0012302
4.72,0.001225
4.725,0.0012198
4.73,0.0012146
4.735,0.0012095
4.74,0.0012044
4.745,0.0011994
4.75,0.0011943
4.755,0.0011893
4.76,0.0011844
4.765,0.0011794
4.77,0.0011745
4.775,0.0011696
4.78,0.0011647
4.785,0.0011598
4.79,0.001155
4.795,0.0011502
4.8,0.0011454
4.805,0.0011407
4.81,0.0011359
4.815,0.0011312
4.82,0.0011266
4.825,0.0011219
4.83,0.0011173
4.835,0.0011127
4.84,0.0011081
4.845,0.0011035
4.85,0.001099
4.855,0.0010945
4.86,0.00109
4.865,0.0010855
4.87,0.001081
4.875,0.0010766
4.88,0.0010722
4.885,0.0010678
4.89,0.0010635
4.895,0.0010592
4.9,0.0010548
4.905,0.0010506
4.91,0.0010463
4.915,0.001042
4.92,0.0010378
4.925,0.0010336
4.93,0.0010294
4.935,0.0010253
4.94,0.0010211
4.945,0.001017
4.95,0.0010129
4.955,0.0010088
4.96,0.0010048
4.965,0.0010007
4.97,0.00099673
4.975,0.00099273
4.98,0.00098876
4.985,0.0009848
4.99,0.00098086
4.995,0.00097694
5,0.00097305
5.005,0.00096917
5.01,0.00096531
5.015,0.00096147
5.02,0.00095765
5.025,0.00095385
5.03,0.00095006
5.035,0.0009463
5.04,0.00094256
5.045,0.00093883
5.05,0.00093512
5.055,0.00093143
5.06,0.00092776
5.065,0.0009241
5.07,0.00092047
5.075,0.00091685
5.08,0.00091325
5.085,0.00090966
5.09,0.0009061
5.095,0.00090255
5.1,0.00089902
5.105,0.00089551
5.11,0.00089201
5.115,0.00088853
5.12,0.00088507
5.125,0.00088162
5.13,0.0008782
5.135,0.00087478
5.14,0.00087139
5.145,0.00086801
5.15,0.00086465
5.155,0.0008613
5.16,0.00085797
5.165,0.00085465
5.17,0.00085136
5.175,0.00084807
5.18,0.00084481
5.185,0.00084156
5.19,0.00083832
5.195,0.0008351
5.2,0.0008319
5.205,0.00082871
5.21,0.00082553
5.215,0.00082238
5.22,0.00081923
5.225,0.0008161
5.23,0.00081299
5.235,0.00080989
5.24,0.00080681
5.245,0.00080374
5.25,0.00080068
5.255,0.00079764
5.26,0.00079462
5.265,0.00079161
5.27,0.00078861
5.275,0.00078563
5.28,0.00078266
5.285,0.0007797
5.29,0.00077676
5.295,0.00077383
5.3,0.00077092
5.305,0.00076802
5.31,0.00076513
5.315,0.00076226
5.32,0.0007594
5.325,0.00075656
5.33,0.00075372
5.335,0.00075091
5.34,0.0007481
5.345,0.00074531
5.35,0.00074253
5.355,0.00073976
5.36,0.00073701
5.365,0.00073426
5.37,0.00073154
5.375,0.00072882
5.38,0.00072612
5.385,0.00072342
5.39,0.00072075
5.395,0.00071808
5.4,0.00071543
5.405,0.00071279
5.41,0.00071016
5.415,0.00070754
5.42,0.00070493
5.425,0.00070234
5.43,0.00069976
5.435,0.00069719
5.44,0.00069463
5.445,0.00069209
5.45,0.00068955
5.455,0.00068703
5.46,0.00068452
5.465,0.00068202
5.47,0.00067953
5.475,0.00067705
5.48,0.00067459
5.485,0.00067213
5.49,0.00066969
5.495,0.00066726
5.5,0.00066484
5.505,0.00066243
5.51,0.00066003
5.515,0.00065764
5.52,0.00065526
5.525,0.00065289
5.53,0.00065054
5.535,0.00064819
5.54,0.00064586
5.545,0.00064353
5.55,0.00064122
5.555,0.00063891
5.56,0.00063662
5.565,0.00063434
5.57,0.00063206
5.575,0.0006298
5.58,0.00062755
5.585,0.0006253
5.59,0.00062307
5.595,0.00062085
5.6,0.00061864
5.605,0.00061643
5.61,0.00061424
5.615,0.00061206
5.62,0.00060988
5.625,0.00060772
5.63,0.00060556
5.635,0.00060342
5.64,0.00060128
5.645,0.00059916
5.65,0.00059704
5.655,0.00059493
5.66,0.00059284
5.665,0.00059075
5.67,0.00058867
5.675,0.0005866
5.68,0.00058454
5.685,0.00058248
5.69,0.00058044
5.695,0.00057841
5.7,0.00057638
5.705,0.00057436
5.71,0.00057236
5.715,0.00057036
5.72,0.00056837
5.725,0.00056638
5.73,0.00056441
5.735,0.00056245
5.74,0.00056049
5.745,0.00055854
5.75,0.0005566
5.755,0.00055467
5.76,0.00055275
5.765,0.00055084
5.77,0.00054893
5.775,0.00054703
5.78,0.00054515
5.785,0.00054326
5.79,0.00054139
5.795,0.00053953
5.8,0.00053767
5.805,0.00053582
5.81,0.00053398
5.815,0.00053215
5.82,0.00053032
5.825,0.0005285
5.83,0.00052669
5.835,0.00052489
5.84,0.0005231
5.845,0.00052131
5.85,0.00051953
5.855,0.00051776
5.86,0.000516
5.865,0.00051424
5.87,0.00051249
5.875,0.00051075
5.88,0.00050902
5.885,0.00050729
5.89,0.00050557
5.895,0.00050386
5.9,0.00050215
5.905,0.00050046
5.91,0.00049877
5.915,0.00049708
5.92,0.00049541
5.925,0.00049374
5.93,0.00049207
5.935,0.00049042
5.94,0.00048877
5.945,0.00048713
5.95,0.0004855
5.955,0.00048387
5.96,0.00048225
5.965,0.00048063
5.97,0.00047903
5.975,0.00047743
5.98,0.00047583
5.985,0.00047424
5.99,0.00047266
5.995,0.00047109
6,0.00046952
6.005,0.00046796
6.01,0.00046641
6.015,0.00046486
6.02,0.00046332
6.025,0.00046178
6.03,0.00046025
6.035,0.00045873
6.04,0.00045721
6.045,0.0004557
6.05,0.0004542
6.055,0.0004527
6.06,0.00045121
6.065,0.00044973
6.07,0.00044825
6.075,0.00044677
6.08,0.00044531
6.085,0.00044384
6.09,0.00044239
6.095,0.00044094
6.1,0.0004395
6.105,0.00043806
6.11,0.00043663
6.115,0.0004352
6.12,0.00043378
6.125,0.00043237
6.13,0.00043096
6.135,0.00042956
6.14,0.00042816
6.145,0.00042677
6.15,0.00042538
6.155,0.000424
6.16,0.00042263
6.165,0.00042126
6.17,0.0004199
6.175,0.00041854
6.18,0.00041719
6.185,0.00041584
6.19,0.0004145
6.195,0.00041316
6.2,0.00041183
6.205,0.00041051
6.21,0.00040919
6.215,0.00040787
6.22,0.00040657
6.225,0.00040526
6.23,0.00040396
6.235,0.00040267
6.24,0.00040138
6.245,0.0004001
6.25,0.00039882
6.255,0.00039755
6.26,0.00039628
6.265,0.00039501
6.27,0.00039376
6.275,0.0003925
6.28,0.00039126
