0,0
0.005,0
0.01,0
0.015,0
0.02,0
0.025,0
0.03,0
0.035,0
0.04,0
0.045,0
0.05,0
0.055,0
0.06,0
0.065,0
0.07,0
0.075,0
0.08,0
0.085,0
0.09,0
0.095,0
0.1,0
0.105,0
0.11,0
0.115,0
0.12,0
0.125,0
0.13,0
0.135,0
0.14,0
0.145,0
0.15,0
0.155,0
0.16,0
0.165,0
0.17,0
0.175,0
0.18,0
0.185,0
0.19,0
0.195,0
0.2,0
0.205,0
0.21,0
0.215,0
0.22,0
0.225,0
0.23,0
0.235,0
0.24,0
0.245,0
0.25,0
0.255,0
0.26,0
0.265,0
0.27,0
0.275,0
0.28,0
0.285,0
0.29,0
0.295,0
0.3,0
0.305,0
0.31,0
0.315,0
0.32,0
0.325,0
0.33,0
0.335,0
0.34,0
0.345,0
0.35,0
0.355,0
0.36,0
0.365,0
0.37,0
0.375,0
0.38,0
0.385,0
0.39,0
0.395,0
0.4,0
0.405,0
0.41,0
0.415,0
0.42,0
0.425,0
0.43,0
0.435,0
0.44,0
0.445,0
0.45,0
0.455,0
0.46,0
0.465,0
0.47,0
0.475,0
0.48,0
0.485,0
0.49,0
0.495,0
0.5,0
0.505,0
0.51,7.9449e-313
0.515,7.5117e-301
0.52,1.9191e-289
0.525,1.4262e-278
0.53,3.3033e-268
0.535,2.5432e-258
0.54,6.9134e-249
0.545,7.0216e-240
0.55,2.8095e-231
0.555,4.6541e-223
0.56,3.3444e-215
0.565,1.0892e-207
0.57,1.675e-200
0.575,1.2643e-193
0.58,4.8576e-187
0.585,9.8299e-181
0.59,1.082e-174
0.595,6.6779e-169
0.6,2.3778e-163
0.605,5.0184e-158
0.61,6.439e-153
0.615,5.1449e-148
0.62,2.6186e-143
0.625,8.6734e-139
0.63,1.9078e-134
0.635,2.8403e-130
0.64,2.9147e-126
0.645,2.0971e-122
0.65,1.0752e-118
0.655,3.9892e-115
0.66,1.0867e-111
0.665,2.2036e-108
0.67,3.3703e-105
0.675,3.9363e-102
0.68,3.5523e-099
0.685,2.5049e-096
0.69,1.3948e-093
0.695,6.1958e-091
0.7,2.2166e-088
0.705,6.4456e-086
0.71,1.5366e-083
0.715,3.0283e-081
0.72,4.9723e-079
0.725,6.8533e-077
0.73,7.9859e-075
0.735,7.921e-073
0.74,6.7308e-071
0.745,4.9304e-069
0.75,3.1316e-067
0.755,1.7344e-065
0.76,8.4217e-064
0.765,3.6033e-062
0.77,1.3652e-060
0.775,4.6013e-059
0.78,1.3859e-057
0.785,3.7461e-056
0.79,9.1242e-055
0.795,2.0104e-053
0.8,4.0219e-052
0.805,7.3322e-051
0.81,1.2222e-049
0.815,1.8689e-048
0.82,2.6299e-047
0.825,3.4157e-046
0.83,4.1065e-045
0.835,4.5825e-044
0.84,4.7591e-043
0.845,4.6115e-042
0.85,4.1793e-041
0.855,3.5508e-040
0.86,2.8345e-039
0.865,2.1305e-038
0.87,1.511e-037
0.875,1.0131e-036
0.88,6.434e-036
0.885,3.8775e-035
0.89,2.2213e-034
0.895,1.2117e-033
0.9,6.3044e-033
0.905,3.1332e-032
0.91,1.4897e-031
0.915,6.7859e-031
0.92,2.9656e-030
0.925,1.2451e-029
0.93,5.028e-029
0.935,1.9556e-028
0.94,7.3343e-028
0.945,2.6554e-027
0.95,9.291e-027
0.955,3.1451e-026
0.96,1.0311e-025
0.965,3.2769e-025
0.97,1.0105e-024
0.975,3.0267e-024
0.98,8.8126e-024
0.985,2.4965e-023
0.99,6.8864e-023
0.995,1.8512e-022
1,4.8533e-022
1.005,1.2419e-021
1.01,3.1037e-021
1.015,7.5812e-021
1.02,1.8112e-020
1.025,4.2346e-020
1.03,9.6955e-020
1.035,2.1752e-019
1.04,4.7848e-019
1.045,1.0325e-018
1.05,2.1869e-018
1.055,4.5488e-018
1.06,9.2966e-018
1.065,1.8678e-017
1.07,3.6907e-017
1.075,7.1759e-017
1.08,1.3735e-016
1.085,2.589e-016
1.09,4.8081e-016
1.095,8.8014e-016
1.1,1.5886e-015
1.105,2.8285e-015
1.11,4.9694e-015
1.115,8.6183e-015
1.12,1.476e-014
1.125,2.4969e-014
1.13,4.1737e-014
1.135,6.8962e-014
1.14,1.1266e-013
1.145,1.8203e-013
1.15,2.9098e-013
1.155,4.6028e-013
1.16,7.2072e-013
1.165,1.1174e-012
1.17,1.7156e-012
1.175,2.6095e-012
1.18,3.9328e-012
1.185,5.8744e-012
1.19,8.6981e-012
1.195,1.277e-011
1.2,1.8594e-011
1.205,2.6854e-011
1.21,3.8481e-011
1.215,5.4717e-011
1.22,7.7224e-011
1.225,1.0819e-010
1.23,1.505e-010
1.235,2.079e-010
1.24,2.8525e-010
1.245,3.8879e-010
1.25,5.2648e-010
1.255,7.0845e-010
1.26,9.4745e-010
1.265,1.2595e-009
1.27,1.6644e-009
1.275,2.187e-009
1.28,2.8576e-009
1.285,3.7134e-009
1.29,4.7998e-009
1.295,6.1717e-009
1.3,7.8954e-009
1.305,1.005e-008
1.31,1.2731e-008
1.315,1.605e-008
1.32,2.0141e-008
1.325,2.516e-008
1.33,3.129e-008
1.335,3.8745e-008
1.34,4.7774e-008
1.345,5.8662e-008
1.35,7.1741e-008
1.355,8.7388e-008
1.36,1.0604e-007
1.365,1.2818e-007
1.37,1.5437e-007
1.375,1.8524e-007
1.38,2.2149e-007
1.385,2.6393e-007
1.39,3.1343e-007
1.395,3.7098e-007
1.4,4.3767e-007
1.405,5.1471e-007
1.41,6.0343e-007
1.415,7.0529e-007
1.42,8.219e-007
1.425,9.55e-007
1.43,1.1065e-006
1.435,1.2784e-006
1.44,1.4731e-006
1.445,1.6928e-006
1.45,1.9402e-006
1.455,2.218e-006
1.46,2.5293e-006
1.465,2.8772e-006
1.47,3.265e-006
1.475,3.6964e-006
1.48,4.1751e-006
1.485,4.7051e-006
1.49,5.2906e-006
1.495,5.9361e-006
1.5,6.6461e-006
1.505,7.4256e-006
1.51,8.2795e-006
1.515,9.2132e-006
1.52,1.0232e-005
1.525,1.1342e-005
1.53,1.2548e-005
1.535,1.3857e-005
1.54,1.5274e-005
1.545,1.6807e-005
1.55,1.8461e-005
1.555,2.0244e-005
1.56,2.2161e-005
1.565,2.4221e-005
1.57,2.6429e-005
1.575,2.8793e-005
1.58,3.132e-005
1.585,3.4017e-005
1.59,3.6891e-005
1.595,3.9949e-005
1.6,4.3199e-005
1.605,4.6648e-005
1.61,5.0303e-005
1.615,5.4171e-005
1.62,5.8258e-005
1.625,6.2573e-005
1.63,6.7121e-005
1.635,7.1909e-005
1.64,7.6944e-005
1.645,8.2233e-005
1.65,8.7781e-005
1.655,9.3594e-005
1.66,9.9678e-005
1.665,0.00010604
1.67,0.00011268
1.675,0.00011961
1.68,0.00012683
1.685,0.00013435
1.69,0.00014216
1.695,0.00015028
1.7,0.00015871
1.705,0.00016745
1.71,0.0001765
1.715,0.00018586
1.72,0.00019555
1.725,0.00020555
1.73,0.00021587
1.735,0.00022652
1.74,0.00023749
1.745,0.00024878
1.75,0.00026039
1.755,0.00027232
1.76,0.00028458
1.765,0.00029715
1.77,0.00031004
1.775,0.00032325
1.78,0.00033677
1.785,0.0003506
1.79,0.00036473
1.795,0.00037917
1.8,0.00039391
1.805,0.00040895
1.81,0.00042427
1.815,0.00043988
1.82,0.00045577
1.825,0.00047194
1.83,0.00048837
1.835,0.00050507
1.84,0.00052202
1.845,0.00053922
1.85,0.00055667
1.855,0.00057435
1.86,0.00059225
1.865,0.00061038
1.87,0.00062872
1.875,0.00064727
1.88,0.00066601
1.885,0.00068494
1.89,0.00070405
1.895,0.00072333
1.9,0.00074278
1.905,0.00076237
1.91,0.00078211
1.915,0.00080199
1.92,0.00082199
1.925,0.00084211
1.93,0.00086234
1.935,0.00088267
1.94,0.00090308
1.945,0.00092357
1.95,0.00094414
1.955,0.00096476
1.96,0.00098544
1.965,0.0010062
1.97,0.0010269
1.975,0.0010477
1.98,0.0010685
1.985,0.0010893
1.99,0.0011101
1.995,0.0011309
2,0.0011516
2.005,0.0011724
2.01,0.0011931
2.015,0.0012137
2.02,0.0012343
2.025,0.0012548
2.03,0.0012753
2.035,0.0012957
2.04,0.001316
2.045,0.0013362
2.05,0.0013563
2.055,0.0013762
2.06,0.0013961
2.065,0.0014159
2.07,0.0014355
2.075,0.001455
2.08,0.0014743
2.085,0.0014935
2.09,0.0015125
2.095,0.0015314
2.1,0.0015501
2.105,0.0015686
2.11,0.0015869
2.115,0.0016051
2.12,0.0016231
2.125,0.0016408
2.13,0.0016584
2.135,0.0016758
2.14,0.0016929
2.145,0.0017099
2.15,0.0017266
2.155,0.0017431
2.16,0.0017594
2.165,0.0017755
2.17,0.0017913
2.175,0.0018069
2.18,0.0018223
2.185,0.0018374
2.19,0.0018523
2.195,0.001867
2.2,0.0018814
2.205,0.0018955
2.21,0.0019094
2.215,0.001923
2.22,0.0019364
2.225,0.0019496
2.23,0.0019624
2.235,0.0019751
2.24,0.0019874
2.245,0.0019995
2.25,0.0020114
2.255,0.002023
2.26,0.0020343
2.265,0.0020453
2.27,0.0020561
2.275,0.0020667
2.28,0.002077
2.285,0.002087
2.29,0.0020967
2.295,0.0021062
2.3,0.0021155
2.305,0.0021244
2.31,0.0021331
2.315,0.0021416
2.32,0.0021498
2.325,0.0021577
2.33,0.0021654
2.335,0.0021729
2.34,0.00218
2.345,0.002187
2.35,0.0021936
2.355,0.0022001
2.36,0.0022063
2.365,0.0022122
2.37,0.0022179
2.375,0.0022233
2.38,0.0022285
2.385,0.0022335
2.39,0.0022383
2.395,0.0022428
2.4,0.002247
2.405,0.0022511
2.41,0.0022549
2.415,0.0022584
2.42,0.0022618
2.425,0.0022649
2.43,0.0022679
2.435,0.0022706
2.44,0.002273
2.445,0.0022753
2.45,0.0022774
2.455,0.0022792
2.46,0.0022809
2.465,0.0022823
2.47,0.0022836
2.475,0.0022846
2.48,0.0022854
2.485,0.0022861
2.49,0.0022866
2.495,0.0022868
2.5,0.0022869
2.505,0.0022868
2.51,0.0022866
2.515,0.0022861
2.52,0.0022855
2.525,0.0022847
2.53,0.0022837
2.535,0.0022826
2.54,0.0022813
2.545,0.0022798
2.55,0.0022782
2.555,0.0022764
2.56,0.0022745
2.565,0.0022724
2.57,0.0022702
2.575,0.0022678
2.58,0.0022653
2.585,0.0022626
2.59,0.0022598
2.595,0.0022569
2.6,0.0022538
2.605,0.0022506
2.61,0.0022472
2.615,0.0022438
2.62,0.0022402
2.625,0.0022364
2.63,0.0022326
2.635,0.0022287
2.64,0.0022246
2.645,0.0022204
2.65,0.0022161
2.655,0.0022117
2.66,0.0022072
2.665,0.0022026
2.67,0.0021979
2.675,0.0021931
2.68,0.0021882
2.685,0.0021832
2.69,0.0021781
2.695,0.0021729
2.7,0.0021676
2.705,0.0021622
2.71,0.0021568
2.715,0.0021513
2.72,0.0021457
2.725,0.00214
2.73,0.0021342
2.735,0.0021284
2.74,0.0021225
2.745,0.0021165
2.75,0.0021104
2.755,0.0021043
2.76,0.0020981
2.765,0.0020919
2.77,0.0020856
2.775,0.0020792
2.78,0.0020728
2.785,0.0020663
2.79,0.0020598
2.795,0.0020532
2.8,0.0020466
2.805,0.0020399
2.81,0.0020332
2.815,0.0020264
2.82,0.0020196
2.825,0.0020127
2.83,0.0020058
2.835,0.0019988
2.84,0.0019919
2.845,0.0019848
2.85,0.0019778
2.855,0.0019707
2.86,0.0019636
2.865,0.0019564
2.87,0.0019492
2.875,0.001942
2.88,0.0019347
2.885,0.0019275
2.89,0.0019202
2.895,0.0019129
2.9,0.0019055
2.905,0.0018981
2.91,0.0018908
2.915,0.0018834
2.92,0.0018759
2.925,0.0018685
2.93,0.001861
2.935,0.0018536
2.94,0.0018461
2.945,0.0018386
2.95,0.0018311
2.955,0.0018236
2.96,0.001816
2.965,0.0018085
2.97,0.001801
2.975,0.0017934
2.98,0.0017858
2.985,0.0017783
2.99,0.0017707
2.995,0.0017631
3,0.0017556
3.005,0.001748
3.01,0.0017404
3.015,0.0017328
3.02,0.0017253
3.025,0.0017177
3.03,0.0017101
3.035,0.0017025
3.04,0.001695
3.045,0.0016874
3.05,0.0016799
3.055,0.0016723
3.06,0.0016648
3.065,0.0016572
3.07,0.0016497
3.075,0.0016422
3.08,0.0016347
3.085,0.0016272
3.09,0.0016197
3.095,0.0016122
3.1,0.0016047
3.105,0.0015972
3.11,0.0015898
3.115,0.0015824
3.12,0.0015749
3.125,0.0015675
3.13,0.0015601
3.135,0.0015527
3.14,0.0015454
3.145,0.001538
3.15,0.0015307
3.155,0.0015234
3.16,0.0015161
3.165,0.0015088
3.17,0.0015015
3.175,0.0014943
3.18,0.001487
3.185,0.0014798
3.19,0.0014726
3.195,0.0014654
3.2,0.0014583
3.205,0.0014511
3.21,0.001444
3.215,0.0014369
3.22,0.0014298
3.225,0.0014228
3.23,0.0014157
3.235,0.0014087
3.24,0.0014017
3.245,0.0013948
3.25,0.0013878
3.255,0.0013809
3.26,0.001374
3.265,0.0013671
3.27,0.0013602
3.275,0.0013534
3.28,0.0013466
3.285,0.0013398
3.29,0.0013331
3.295,0.0013263
3.3,0.0013196
3.305,0.0013129
3.31,0.0013062
3.315,0.0012996
3.32,0.001293
3.325,0.0012864
3.33,0.0012798
3.335,0.0012733
3.34,0.0012668
3.345,0.0012603
3.35,0.0012538
3.355,0.0012473
3.36,0.0012409
3.365,0.0012345
3.37,0.0012282
3.375,0.0012218
3.38,0.0012155
3.385,0.0012092
3.39,0.001203
3.395,0.0011967
3.4,0.0011905
3.405,0.0011844
3.41,0.0011782
3.415,0.0011721
3.42,0.001166
3.425,0.0011599
3.43,0.0011538
3.435,0.0011478
3.44,0.0011418
3.445,0.0011359
3.45,0.0011299
3.455,0.001124
3.46,0.0011181
3.465,0.0011122
3.47,0.0011064
3.475,0.0011006
3.48,0.0010948
3.485,0.001089
3.49,0.0010833
3.495,0.0010776
3.5,0.0010719
3.505,0.0010663
3.51,0.0010607
3.515,0.0010551
3.52,0.0010495
3.525,0.001044
3.53,0.0010384
3.535,0.0010329
3.54,0.0010275
3.545,0.001022
3.55,0.0010166
3.555,0.0010112
3.56,0.0010059
3.565,0.0010006
3.57,0.00099525
3.575,0.00098997
3.58,0.00098471
3.585,0.00097948
3.59,0.00097428
3.595,0.00096911
3.6,0.00096395
3.605,0.00095883
3.61,0.00095373
3.615,0.00094866
3.62,0.00094361
3.625,0.00093859
3.63,0.00093359
3.635,0.00092862
3.64,0.00092368
3.645,0.00091876
3.65,0.00091387
3.655,0.000909
3.66,0.00090415
3.665,0.00089933
3.67,0.00089454
3.675,0.00088977
3.68,0.00088503
3.685,0.00088031
3.69,0.00087561
3.695,0.00087094
3.7,0.0008663
3.705,0.00086167
3.71,0.00085708
3.715,0.00085251
3.72,0.00084796
3.725,0.00084343
3.73,0.00083893
3.735,0.00083446
3.74,0.00083
3.745,0.00082558
3.75,0.00082117
3.755,0.00081679
3.76,0.00081243
3.765,0.0008081
3.77,0.00080379
3.775,0.0007995
3.78,0.00079523
3.785,0.00079099
3.79,0.00078677
3.795,0.00078258
3.8,0.0007784
3.805,0.00077425
3.81,0.00077013
3.815,0.00076602
3.82,0.00076194
3.825,0.00075788
3.83,0.00075384
3.835,0.00074982
3.84,0.00074583
3.845,0.00074186
3.85,0.00073791
3.855,0.00073398
3.86,0.00073007
3.865,0.00072618
3.87,0.00072232
3.875,0.00071848
3.88,0.00071465
3.885,0.00071085
3.89,0.00070707
3.895,0.00070332
3.9,0.00069958
3.905,0.00069586
3.91,0.00069217
3.915,0.00068849
3.92,0.00068483
3.925,0.0006812
3.93,0.00067759
3.935,0.00067399
3.94,0.00067042
3.945,0.00066686
3.95,0.00066333
3.955,0.00065981
3.96,0.00065632
3.965,0.00065284
3.97,0.00064939
3.975,0.00064595
3.98,0.00064253
3.985,0.00063913
3.99,0.00063576
3.995,0.0006324
4,0.00062905
4.005,0.00062573
4.01,0.00062243
4.015,0.00061914
4.02,0.00061588
4.025,0.00061263
4.03,0.0006094
4.035,0.00060619
4.04,0.00060299
4.045,0.00059982
4.05,0.00059666
4.055,0.00059352
4.06,0.0005904
4.065,0.0005873
4.07,0.00058421
4.075,0.00058114
4.08,0.00057809
4.085,0.00057506
4.09,0.00057204
4.095,0.00056904
4.1,0.00056606
4.105,0.00056309
4.11,0.00056014
4.115,0.00055721
4.12,0.00055429
4.125,0.00055139
4.13,0.00054851
4.135,0.00054564
4.14,0.00054279
4.145,0.00053996
4.15,0.00053714
4.155,0.00053434
4.16,0.00053156
4.165,0.00052879
4.17,0.00052603
4.175,0.00052329
4.18,0.00052057
4.185,0.00051786
4.19,0.00051517
4.195,0.00051249
4.2,0.00050983
4.205,0.00050719
4.21,0.00050456
4.215,0.00050194
4.22,0.00049934
4.225,0.00049675
4.23,0.00049418
4.235,0.00049162
4.24,0.00048908
4.245,0.00048655
4.25,0.00048404
4.255,0.00048154
4.26,0.00047906
4.265,0.00047658
4.27,0.00047413
4.275,0.00047168
4.28,0.00046926
4.285,0.00046684
4.29,0.00046444
4.295,0.00046205
4.3,0.00045968
4.305,0.00045732
4.31,0.00045497
4.315,0.00045264
4.32,0.00045032
4.325,0.00044801
4.33,0.00044572
4.335,0.00044343
4.34,0.00044117
4.345,0.00043891
4.35,0.00043667
4.355,0.00043444
4.36,0.00043222
4.365,0.00043002
4.37,0.00042783
4.375,0.00042565
4.38,0.00042348
4.385,0.00042133
4.39,0.00041918
4.395,0.00041705
4.4,0.00041494
4.405,0.00041283
4.41,0.00041074
4.415,0.00040866
4.42,0.00040658
4.425,0.00040453
4.43,0.00040248
4.435,0.00040044
4.44,0.00039842
4.445,0.00039641
4.45,0.00039441
4.455,0.00039242
4.46,0.00039044
4.465,0.00038847
4.47,0.00038652
4.475,0.00038457
4.48,0.00038264
4.485,0.00038072
4.49,0.0003788
4.495,0.0003769
4.5,0.00037501
4.505,0.00037313
4.51,0.00037126
4.515,0.00036941
4.52,0.00036756
4.525,0.00036572
4.53,0.00036389
4.535,0.00036208
4.54,0.00036027
4.545,0.00035847
4.55,0.00035669
4.555,0.00035491
4.56,0.00035315
4.565,0.00035139
4.57,0.00034964
4.575,0.00034791
4.58,0.00034618
4.585,0.00034446
4.59,0.00034276
4.595,0.00034106
4.6,0.00033937
4.605,0.00033769
4.61,0.00033602
4.615,0.00033436
4.62,0.00033271
4.625,0.00033107
4.63,0.00032944
4.635,0.00032781
4.64,0.0003262
4.645,0.0003246
4.65,0.000323
4.655,0.00032141
4.66,0.00031983
4.665,0.00031826
4.67,0.0003167
4.675,0.00031515
4.68,0.00031361
4.685,0.00031207
4.69,0.00031055
4.695,0.00030903
4.7,0.00030752
4.705,0.00030602
4.71,0.00030453
4.715,0.00030305
4.72,0.00030157
4.725,0.0003001
4.73,0.00029864
4.735,0.00029719
4.74,0.00029575
4.745,0.00029431
4.75,0.00029289
4.755,0.00029147
4.76,0.00029006
4.765,0.00028865
4.77,0.00028726
4.775,0.00028587
4.78,0.00028449
4.785,0.00028311
4.79,0.00028175
4.795,0.00028039
4.8,0.00027904
4.805,0.0002777
4.81,0.00027636
4.815,0.00027504
4.82,0.00027372
4.825,0.0002724
4.83,0.0002711
4.835,0.0002698
4.84,0.00026851
4.845,0.00026722
4.85,0.00026594
4.855,0.00026467
4.86,0.00026341
4.865,0.00026215
4.87,0.0002609
4.875,0.00025966
4.88,0.00025842
4.885,0.00025719
4.89,0.00025597
4.895,0.00025476
4.9,0.00025355
4.905,0.00025234
4.91,0.00025115
4.915,0.00024996
4.92,0.00024878
4.925,0.0002476
4.93,0.00024643
4.935,0.00024526
4.94,0.00024411
4.945,0.00024296
4.95,0.00024181
4.955,0.00024067
4.96,0.00023954
4.965,0.00023841
4.97,0.00023729
4.975,0.00023618
4.98,0.00023507
4.985,0.00023397
4.99,0.00023287
4.995,0.00023178
5,0.0002307
