0,0
0.005,0
0.01,0
0.015,0
0.02,0
0.025,0
0.03,0
0.035,0
0.04,0
0.045,0
0.05,0
0.055,0
0.06,0
0.065,0
0.07,0
0.075,0
0.08,0
0.085,0
0.09,0
0.095,0
0.1,0
0.105,0
0.11,0
0.115,0
0.12,0
0.125,1.1238e-306
0.13,1.0456e-261
0.135,1.2677e-224
0.14,7.9843e-194
0.145,4.4784e-168
0.15,2.0421e-146
0.155,4.2966e-128
0.16,1.6481e-112
0.165,3.4476e-099
0.17,9.4823e-088
0.175,6.9851e-078
0.18,2.4586e-069
0.185,6.6407e-062
0.19,2.0326e-055
0.195,9.7349e-050
0.2,9.539e-045
0.205,2.3927e-040
0.21,1.8542e-036
0.215,5.2016e-033
0.22,6.0406e-030
0.225,3.2542e-027
0.23,8.963e-025
0.235,1.3715e-022
0.24,1.2521e-020
0.245,7.2535e-019
0.25,2.8116e-017
0.255,7.6359e-016
0.26,1.5123e-014
0.265,2.2619e-013
0.27,2.6336e-012
0.275,2.4518e-011
0.28,1.8684e-010
0.285,1.1897e-009
0.29,6.4466e-009
0.295,3.0208e-008
0.3,1.2417e-007
0.305,4.5339e-007
0.31,1.4874e-006
0.315,4.4284e-006
0.32,1.2072e-005
0.325,3.0379e-005
0.33,7.107e-005
0.335,0.00015558
0.34,0.00032054
0.345,0.00062479
0.35,0.0011576
0.355,0.0020475
0.36,0.0034704
0.365,0.0056563
0.37,0.0088934
0.375,0.013528
0.38,0.019959
0.385,0.028632
0.39,0.04002
0.395,0.054614
0.4,0.072894
0.405,0.095317
0.41,0.12229
0.415,0.15416
0.42,0.19117
0.425,0.23351
0.43,0.28123
0.435,0.3343
0.44,0.39258
0.445,0.45584
0.45,0.52378
0.455,0.59602
0.46,0.67218
0.465,0.75183
0.47,0.8346
0.475,0.92018
0.48,1.0084
0.485,1.0991
0.49,1.1926
0.495,1.2893
0.5,1.3898
0.505,1.4954
0.51,1.6076
0.515,1.7284
0.52,1.8602
0.525,2.0061
0.53,2.1696
0.535,2.3546
0.54,2.5654
0.545,2.8067
0.55,3.0827
0.555,3.3973
0.56,3.7529
0.565,4.1498
0.57,4.585
0.575,5.0509
0.58,5.5349
0.585,6.0184
0.59,6.4773
0.595,6.8842
0.6,7.2107
0.605,7.4317
0.61,7.5289
0.615,7.5084
0.62,7.4043
0.625,7.224
0.63,6.9774
0.635,6.677
0.64,6.3366
0.645,5.9704
0.65,5.5918
0.655,5.2126
0.66,4.8423
0.665,4.4886
0.67,4.1565
0.675,3.8493
0.68,3.5687
0.685,3.315
0.69,3.0873
0.695,2.8844
0.7,2.7044
0.705,2.5453
0.71,2.4051
0.715,2.2815
0.72,2.1725
0.725,2.0764
0.73,1.9914
0.735,1.916
0.74,1.8486
0.745,1.7882
0.75,1.7337
0.755,1.684
0.76,1.6384
0.765,1.5963
0.77,1.557
0.775,1.5201
0.78,1.4851
0.785,1.4517
0.79,1.4198
0.795,1.3889
0.8,1.3591
0.805,1.3301
0.81,1.3018
0.815,1.2743
0.82,1.2473
0.825,1.2209
0.83,1.195
0.835,1.1697
0.84,1.1448
0.845,1.1205
0.85,1.0966
0.855,1.0731
0.86,1.0501
0.865,1.0276
0.87,1.0055
0.875,0.98387
0.88,0.96267
0.885,0.9419
0.89,0.92155
0.895,0.90163
0.9,0.88213
0.905,0.86305
0.91,0.84437
0.915,0.82609
0.92,0.80821
0.925,0.79072
0.93,0.77362
0.935,0.75689
0.94,0.74053
0.945,0.72453
0.95,0.7089
0.955,0.69361
0.96,0.67867
0.965,0.66407
0.97,0.6498
0.975,0.63585
0.98,0.62223
0.985,0.60891
0.99,0.5959
0.995,0.58318
1,0.57076
1.005,0.55863
1.01,0.54677
1.015,0.53519
1.02,0.52387
1.025,0.51281
1.03,0.50201
1.035,0.49146
1.04,0.48116
1.045,0.47109
1.05,0.46125
1.055,0.45164
1.06,0.44226
1.065,0.43309
1.07,0.42413
1.075,0.41538
1.08,0.40683
1.085,0.39847
1.09,0.39031
1.095,0.38234
1.1,0.37455
1.105,0.36693
1.11,0.3595
1.115,0.35223
1.12,0.34513
1.125,0.33818
1.13,0.3314
1.135,0.32477
1.14,0.3183
1.145,0.31197
1.15,0.30578
1.155,0.29973
1.16,0.29382
1.165,0.28804
1.17,0.28239
1.175,0.27687
1.18,0.27147
1.185,0.2662
1.19,0.26104
1.195,0.25599
1.2,0.25106
1.205,0.24623
1.21,0.24151
1.215,0.2369
1.22,0.23239
1.225,0.22798
1.23,0.22366
1.235,0.21944
1.24,0.21531
1.245,0.21127
1.25,0.20732
1.255,0.20345
1.26,0.19967
1.265,0.19596
1.27,0.19234
1.275,0.1888
1.28,0.18533
1.285,0.18193
1.29,0.17861
1.295,0.17536
1.3,0.17217
1.305,0.16906
1.31,0.16601
1.315,0.16302
1.32,0.1601
1.325,0.15724
1.33,0.15443
1.335,0.15169
1.34,0.149
1.345,0.14637
1.35,0.14379
1.355,0.14127
1.36,0.13879
1.365,0.13637
1.37,0.134
1.375,0.13168
1.38,0.1294
1.385,0.12717
1.39,0.12498
1.395,0.12284
1.4,0.12074
1.405,0.11868
1.41,0.11667
1.415,0.11469
1.42,0.11276
1.425,0.11086
1.43,0.109
1.435,0.10717
1.44,0.10539
1.445,0.10363
1.45,0.10191
1.455,0.10023
1.46,0.098577
1.465,0.096956
1.47,0.095368
1.475,0.093809
1.48,0.092281
1.485,0.090782
1.49,0.089312
1.495,0.08787
1.5,0.086455
1.505,0.085067
1.51,0.083706
1.515,0.08237
1.52,0.081059
1.525,0.079773
1.53,0.078511
1.535,0.077272
1.54,0.076057
1.545,0.074864
1.55,0.073693
1.555,0.072544
1.56,0.071416
1.565,0.070309
1.57,0.069222
1.575,0.068155
1.58,0.067107
1.585,0.066079
1.59,0.065069
1.595,0.064077
1.6,0.063103
1.605,0.062147
1.61,0.061208
1.615,0.060285
1.62,0.05938
1.625,0.05849
1.63,0.057616
1.635,0.056757
1.64,0.055914
1.645,0.055085
1.65,0.054271
1.655,0.053472
1.66,0.052686
1.665,0.051914
1.67,0.051155
1.675,0.05041
1.68,0.049677
1.685,0.048957
1.69,0.048249
1.695,0.047554
1.7,0.04687
1.705,0.046198
1.71,0.045538
1.715,0.044888
1.72,0.04425
1.725,0.043622
1.73,0.043005
1.735,0.042399
1.74,0.041802
1.745,0.041216
1.75,0.040639
1.755,0.040072
1.76,0.039514
1.765,0.038966
1.77,0.038426
1.775,0.037895
1.78,0.037374
1.785,0.03686
1.79,0.036355
1.795,0.035858
1.8,0.03537
1.805,0.034889
1.81,0.034416
1.815,0.033951
1.82,0.033493
1.825,0.033042
1.83,0.032599
1.835,0.032162
1.84,0.031733
1.845,0.031311
1.85,0.030895
1.855,0.030486
1.86,0.030083
1.865,0.029686
1.87,0.029296
1.875,0.028912
1.88,0.028534
1.885,0.028161
1.89,0.027795
1.895,0.027434
1.9,0.027079
1.905,0.026729
1.91,0.026385
1.915,0.026046
1.92,0.025712
1.925,0.025383
1.93,0.025059
1.935,0.02474
1.94,0.024426
1.945,0.024117
1.95,0.023812
1.955,0.023512
1.96,0.023217
1.965,0.022925
1.97,0.022639
1.975,0.022356
1.98,0.022078
1.985,0.021804
1.99,0.021534
1.995,0.021267
2,0.021005
2.005,0.020747
2.01,0.020492
2.015,0.020241
2.02,0.019994
2.025,0.019751
2.03,0.019511
2.035,0.019274
2.04,0.019041
2.045,0.018811
2.05,0.018585
2.055,0.018361
2.06,0.018141
2.065,0.017924
2.07,0.017711
2.075,0.0175
2.08,0.017292
2.085,0.017087
2.09,0.016885
2.095,0.016686
2.1,0.01649
2.105,0.016296
2.11,0.016106
2.115,0.015917
2.12,0.015732
2.125,0.015549
2.13,0.015369
2.135,0.015191
2.14,0.015015
2.145,0.014842
2.15,0.014671
2.155,0.014503
2.16,0.014337
2.165,0.014173
2.17,0.014012
2.175,0.013853
2.18,0.013695
2.185,0.01354
2.19,0.013387
2.195,0.013237
2.2,0.013088
2.205,0.012941
2.21,0.012796
2.215,0.012653
2.22,0.012512
2.225,0.012373
2.23,0.012236
2.235,0.0121
2.24,0.011966
2.245,0.011834
2.25,0.011704
2.255,0.011576
2.26,0.011449
2.265,0.011324
2.27,0.0112
2.275,0.011078
2.28,0.010958
2.285,0.010839
2.29,0.010722
2.295,0.010606
2.3,0.010492
2.305,0.010379
2.31,0.010268
2.315,0.010158
2.32,0.01005
2.325,0.0099427
2.33,0.009837
2.335,0.0097326
2.34,0.0096295
2.345,0.0095278
2.35,0.0094273
2.355,0.0093281
2.36,0.0092302
2.365,0.0091334
2.37,0.0090379
2.375,0.0089436
2.38,0.0088504
2.385,0.0087585
2.39,0.0086676
2.395,0.0085779
2.4,0.0084893
2.405,0.0084018
2.41,0.0083153
2.415,0.00823
2.42,0.0081456
2.425,0.0080624
2.43,0.0079801
2.435,0.0078988
2.44,0.0078185
2.445,0.0077392
2.45,0.0076609
2.455,0.0075835
2.46,0.007507
2.465,0.0074315
2.47,0.0073568
2.475,0.0072831
2.48,0.0072102
2.485,0.0071383
2.49,0.0070671
2.495,0.0069969
2.5,0.0069274
2.505,0.0068588
2.51,0.006791
2.515,0.006724
2.52,0.0066578
2.525,0.0065924
2.53,0.0065277
2.535,0.0064638
2.54,0.0064006
2.545,0.0063382
2.55,0.0062765
2.555,0.0062155
2.56,0.0061553
2.565,0.0060957
2.57,0.0060368
2.575,0.0059786
2.58,0.0059211
2.585,0.0058642
2.59,0.005808
2.595,0.0057525
2.6,0.0056975
2.605,0.0056432
2.61,0.0055895
2.615,0.0055365
2.62,0.005484
2.625,0.0054321
2.63,0.0053808
2.635,0.0053301
2.64,0.00528
2.645,0.0052304
2.65,0.0051814
2.655,0.0051329
2.66,0.005085
2.665,0.0050376
2.67,0.0049907
2.675,0.0049444
2.68,0.0048986
2.685,0.0048532
2.69,0.0048084
2.695,0.0047641
2.7,0.0047203
2.705,0.0046769
2.71,0.004634
2.715,0.0045916
2.72,0.0045497
2.725,0.0045082
2.73,0.0044672
2.735,0.0044266
2.74,0.0043865
2.745,0.0043468
2.75,0.0043075
2.755,0.0042686
2.76,0.0042302
2.765,0.0041922
2.77,0.0041546
2.775,0.0041174
2.78,0.0040805
2.785,0.0040441
2.79,0.0040081
2.795,0.0039725
2.8,0.0039372
2.805,0.0039023
2.81,0.0038678
2.815,0.0038337
2.82,0.0037999
2.825,0.0037664
2.83,0.0037333
2.835,0.0037006
2.84,0.0036682
2.845,0.0036362
2.85,0.0036044
2.855,0.0035731
2.86,0.003542
2.865,0.0035113
2.87,0.0034808
2.875,0.0034507
2.88,0.003421
2.885,0.0033915
2.89,0.0033623
2.895,0.0033334
2.9,0.0033048
2.905,0.0032765
2.91,0.0032486
2.915,0.0032208
2.92,0.0031934
2.925,0.0031663
2.93,0.0031394
2.935,0.0031128
2.94,0.0030865
2.945,0.0030604
2.95,0.0030346
2.955,0.0030091
2.96,0.0029838
2.965,0.0029587
2.97,0.002934
2.975,0.0029094
2.98,0.0028852
2.985,0.0028611
2.99,0.0028373
2.995,0.0028137
3,0.0027904
3.005,0.0027673
3.01,0.0027445
3.015,0.0027218
3.02,0.0026994
3.025,0.0026772
3.03,0.0026552
3.035,0.0026334
3.04,0.0026119
3.045,0.0025906
3.05,0.0025694
3.055,0.0025485
3.06,0.0025278
3.065,0.0025073
3.07,0.0024869
3.075,0.0024668
3.08,0.0024469
3.085,0.0024272
3.09,0.0024076
3.095,0.0023883
3.1,0.0023691
3.105,0.0023501
3.11,0.0023313
3.115,0.0023127
3.12,0.0022942
3.125,0.002276
3.13,0.0022579
3.135,0.00224
3.14,0.0022222
3.145,0.0022046
3.15,0.0021872
3.155,0.0021699
3.16,0.0021529
3.165,0.0021359
3.17,0.0021192
3.175,0.0021026
3.18,0.0020861
3.185,0.0020698
3.19,0.0020536
3.195,0.0020377
3.2,0.0020218
3.205,0.0020061
3.21,0.0019905
3.215,0.0019751
3.22,0.0019599
3.225,0.0019447
3.23,0.0019298
3.235,0.0019149
3.24,0.0019002
3.245,0.0018856
3.25,0.0018712
3.255,0.0018569
3.26,0.0018427
3.265,0.0018286
3.27,0.0018147
3.275,0.0018009
3.28,0.0017873
3.285,0.0017737
3.29,0.0017603
3.295,0.001747
3.3,0.0017338
3.305,0.0017208
3.31,0.0017078
3.315,0.001695
3.32,0.0016823
3.325,0.0016697
3.33,0.0016572
3.335,0.0016448
3.34,0.0016326
3.345,0.0016204
3.35,0.0016084
3.355,0.0015964
3.36,0.0015846
3.365,0.0015729
3.37,0.0015613
3.375,0.0015497
3.38,0.0015383
3.385,0.001527
3.39,0.0015158
3.395,0.0015047
3.4,0.0014937
3.405,0.0014827
3.41,0.0014719
3.415,0.0014612
3.42,0.0014505
3.425,0.00144
3.43,0.0014295
3.435,0.0014192
3.44,0.0014089
3.445,0.0013987
3.45,0.0013886
3.455,0.0013786
3.46,0.0013687
3.465,0.0013588
3.47,0.0013491
3.475,0.0013394
3.48,0.0013298
3.485,0.0013203
3.49,0.0013109
3.495,0.0013016
3.5,0.0012923
3.505,0.0012831
3.51,0.001274
3.515,0.001265
3.52,0.001256
3.525,0.0012472
3.53,0.0012384
3.535,0.0012296
3.54,0.001221
3.545,0.0012124
3.55,0.0012039
3.555,0.0011955
3.56,0.0011871
3.565,0.0011788
3.57,0.0011706
3.575,0.0011624
3.58,0.0011543
3.585,0.0011463
3.59,0.0011384
3.595,0.0011305
3.6,0.0011227
3.605,0.0011149
3.61,0.0011072
3.615,0.0010996
3.62,0.001092
3.625,0.0010845
3.63,0.0010771
3.635,0.0010697
3.64,0.0010624
3.645,0.0010551
3.65,0.0010479
3.655,0.0010408
3.66,0.0010337
3.665,0.0010266
3.67,0.0010197
3.675,0.0010128
3.68,0.0010059
3.685,0.00099911
3.69,0.00099236
3.695,0.00098567
3.7,0.00097903
3.705,0.00097245
3.71,0.00096592
3.715,0.00095944
3.72,0.00095302
3.725,0.00094664
3.73,0.00094032
3.735,0.00093405
3.74,0.00092782
3.745,0.00092165
3.75,0.00091553
3.755,0.00090945
3.76,0.00090343
3.765,0.00089745
3.77,0.00089152
3.775,0.00088563
3.78,0.00087979
3.785,0.000874
3.79,0.00086826
3.795,0.00086256
3.8,0.0008569
3.805,0.00085129
3.81,0.00084572
3.815,0.0008402
3.82,0.00083472
3.825,0.00082928
3.83,0.00082388
3.835,0.00081853
3.84,0.00081322
3.845,0.00080795
3.85,0.00080272
3.855,0.00079753
3.86,0.00079238
3.865,0.00078727
3.87,0.0007822
3.875,0.00077717
3.88,0.00077218
3.885,0.00076723
3.89,0.00076231
3.895,0.00075743
3.9,0.00075259
3.905,0.00074779
3.91,0.00074302
3.915,0.00073829
3.92,0.0007336
3.925,0.00072894
3.93,0.00072432
3.935,0.00071973
3.94,0.00071518
3.945,0.00071066
3.95,0.00070618
3.955,0.00070173
3.96,0.00069731
3.965,0.00069293
3.97,0.00068858
3.975,0.00068426
3.98,0.00067998
3.985,0.00067572
3.99,0.0006715
3.995,0.00066731
4,0.00066316
4.005,0.00065903
4.01,0.00065493
4.015,0.00065087
4.02,0.00064683
4.025,0.00064283
4.03,0.00063885
4.035,0.0006349
4.04,0.00063099
4.045,0.0006271
4.05,0.00062324
4.055,0.00061941
4.06,0.0006156
4.065,0.00061183
4.07,0.00060808
4.075,0.00060436
4.08,0.00060067
4.085,0.00059701
4.09,0.00059337
4.095,0.00058976
4.1,0.00058617
4.105,0.00058261
4.11,0.00057908
4.115,0.00057557
4.12,0.00057209
4.125,0.00056863
4.13,0.0005652
4.135,0.00056179
4.14,0.00055841
4.145,0.00055505
4.15,0.00055172
4.155,0.00054841
4.16,0.00054512
4.165,0.00054186
4.17,0.00053862
4.175,0.0005354
4.18,0.00053221
4.185,0.00052904
4.19,0.00052589
4.195,0.00052277
4.2,0.00051966
4.205,0.00051658
4.21,0.00051352
4.215,0.00051049
4.22,0.00050747
4.225,0.00050448
4.23,0.0005015
4.235,0.00049855
4.24,0.00049562
4.245,0.00049271
4.25,0.00048982
4.255,0.00048695
4.26,0.0004841
4.265,0.00048127
4.27,0.00047846
4.275,0.00047567
4.28,0.0004729
4.285,0.00047015
4.29,0.00046741
4.295,0.0004647
4.3,0.00046201
4.305,0.00045933
4.31,0.00045667
4.315,0.00045403
4.32,0.00045141
4.325,0.00044881
4.33,0.00044623
4.335,0.00044366
4.34,0.00044111
4.345,0.00043858
4.35,0.00043607
4.355,0.00043357
4.36,0.00043109
4.365,0.00042863
4.37,0.00042618
4.375,0.00042375
4.38,0.00042134
4.385,0.00041895
4.39,0.00041657
4.395,0.0004142
4.4,0.00041186
4.405,0.00040952
4.41,0.00040721
4.415,0.00040491
4.42,0.00040263
4.425,0.00040036
4.43,0.0003981
4.435,0.00039586
4.44,0.00039364
4.445,0.00039143
4.45,0.00038924
4.455,0.00038706
4.46,0.0003849
4.465,0.00038275
4.47,0.00038061
4.475,0.00037849
4.48,0.00037639
4.485,0.00037429
4.49,0.00037221
4.495,0.00037015
4.5,0.0003681
4.505,0.00036606
4.51,0.00036404
4.515,0.00036203
4.52,0.00036003
4.525,0.00035804
4.53,0.00035607
4.535,0.00035412
4.54,0.00035217
4.545,0.00035024
4.55,0.00034832
4.555,0.00034641
4.56,0.00034452
4.565,0.00034264
4.57,0.00034077
4.575,0.00033891
4.58,0.00033706
4.585,0.00033523
4.59,0.00033341
4.595,0.0003316
4.6,0.0003298
4.605,0.00032802
4.61,0.00032624
4.615,0.00032448
4.62,0.00032273
4.625,0.00032099
4.63,0.00031926
4.635,0.00031754
4.64,0.00031583
4.645,0.00031414
4.65,0.00031245
4.655,0.00031078
4.66,0.00030912
4.665,0.00030746
4.67,0.00030582
4.675,0.00030419
4.68,0.00030257
4.685,0.00030096
4.69,0.00029936
4.695,0.00029777
4.7,0.00029619
4.705,0.00029462
4.71,0.00029306
4.715,0.00029151
4.72,0.00028997
4.725,0.00028844
4.73,0.00028692
4.735,0.0002854
4.74,0.0002839
4.745,0.00028241
4.75,0.00028093
4.755,0.00027945
4.76,0.00027799
4.765,0.00027653
4.77,0.00027509
4.775,0.00027365
4.78,0.00027222
4.785,0.00027081
4.79,0.0002694
4.795,0.00026799
4.8,0.0002666
4.805,0.00026522
4.81,0.00026384
4.815,0.00026248
4.82,0.00026112
4.825,0.00025977
4.83,0.00025843
4.835,0.00025709
4.84,0.00025577
4.845,0.00025445
4.85,0.00025314
4.855,0.00025184
4.86,0.00025055
4.865,0.00024927
4.87,0.00024799
4.875,0.00024672
4.88,0.00024546
4.885,0.00024421
4.89,0.00024296
4.895,0.00024172
4.9,0.00024049
4.905,0.00023927
4.91,0.00023805
4.915,0.00023684
4.92,0.00023564
4.925,0.00023445
4.93,0.00023326
4.935,0.00023209
4.94,0.00023091
4.945,0.00022975
4.95,0.00022859
4.955,0.00022744
4.96,0.0002263
4.965,0.00022516
4.97,0.00022403
4.975,0.00022291
4.98,0.00022179
4.985,0.00022068
4.99,0.00021958
4.995,0.00021848
5,0.00021739
5.005,0.00021631
5.01,0.00021523
5.015,0.00021416
5.02,0.00021309
5.025,0.00021204
5.03,0.00021099
5.035,0.00020994
5.04,0.0002089
5.045,0.00020787
5.05,0.00020684
5.055,0.00020582
5.06,0.00020481
5.065,0.0002038
5.07,0.00020279
5.075,0.0002018
5.08,0.00020081
5.085,0.00019982
5.09,0.00019884
5.095,0.00019787
5.1,0.0001969
5.105,0.00019594
5.11,0.00019498
5.115,0.00019403
5.12,0.00019309
5.125,0.00019215
5.13,0.00019121
5.135,0.00019028
5.14,0.00018936
5.145,0.00018844
5.15,0.00018753
5.155,0.00018662
5.16,0.00018572
5.165,0.00018482
5.17,0.00018393
5.175,0.00018304
5.18,0.00018216
5.185,0.00018129
5.19,0.00018041
5.195,0.00017955
5.2,0.00017869
5.205,0.00017783
5.21,0.00017698
5.215,0.00017613
5.22,0.00017529
5.225,0.00017445
5.23,0.00017362
5.235,0.00017279
5.24,0.00017197
5.245,0.00017115
5.25,0.00017034
5.255,0.00016953
5.26,0.00016873
5.265,0.00016793
5.27,0.00016713
5.275,0.00016634
5.28,0.00016556
5.285,0.00016477
5.29,0.000164
5.295,0.00016322
5.3,0.00016246
5.305,0.00016169
5.31,0.00016093
5.315,0.00016018
5.32,0.00015943
5.325,0.00015868
5.33,0.00015794
5.335,0.0001572
5.34,0.00015646
5.345,0.00015573
5.35,0.00015501
5.355,0.00015428
5.36,0.00015357
5.365,0.00015285
5.37,0.00015214
5.375,0.00015144
5.38,0.00015073
5.385,0.00015003
5.39,0.00014934
5.395,0.00014865
5.4,0.00014796
5.405,0.00014728
5.41,0.0001466
5.415,0.00014593
5.42,0.00014525
5.425,0.00014459
5.43,0.00014392
5.435,0.00014326
5.44,0.0001426
5.445,0.00014195
5.45,0.0001413
5.455,0.00014065
5.46,0.00014001
5.465,0.00013937
5.47,0.00013874
5.475,0.0001381
5.48,0.00013748
5.485,0.00013685
5.49,0.00013623
5.495,0.00013561
5.5,0.00013499
5.505,0.00013438
5.51,0.00013377
5.515,0.00013317
5.52,0.00013257
5.525,0.00013197
5.53,0.00013137
5.535,0.00013078
5.54,0.00013019
5.545,0.00012961
5.55,0.00012902
5.555,0.00012844
5.56,0.00012787
5.565,0.00012729
5.57,0.00012672
5.575,0.00012616
5.58,0.00012559
5.585,0.00012503
5.59,0.00012447
5.595,0.00012392
5.6,0.00012337
5.605,0.00012282
5.61,0.00012227
5.615,0.00012173
5.62,0.00012119
5.625,0.00012065
5.63,0.00012011
5.635,0.00011958
5.64,0.00011905
5.645,0.00011853
5.65,0.000118
5.655,0.00011748
5.66,0.00011696
5.665,0.00011645
5.67,0.00011594
5.675,0.00011543
5.68,0.00011492
5.685,0.00011442
5.69,0.00011391
5.695,0.00011341
5.7,0.00011292
5.705,0.00011242
5.71,0.00011193
5.715,0.00011144
5.72,0.00011096
5.725,0.00011047
5.73,0.00010999
5.735,0.00010952
5.74,0.00010904
5.745,0.00010857
5.75,0.00010809
5.755,0.00010763
5.76,0.00010716
5.765,0.0001067
5.77,0.00010623
5.775,0.00010577
5.78,0.00010532
5.785,0.00010486
5.79,0.00010441
5.795,0.00010396
5.8,0.00010352
5.805,0.00010307
5.81,0.00010263
5.815,0.00010219
5.82,0.00010175
5.825,0.00010131
5.83,0.00010088
5.835,0.00010045
5.84,0.00010002
5.845,9.9592e-005
5.85,9.9167e-005
5.855,9.8744e-005
5.86,9.8324e-005
5.865,9.7905e-005
5.87,9.7489e-005
5.875,9.7075e-005
5.88,9.6663e-005
5.885,9.6253e-005
5.89,9.5845e-005
5.895,9.544e-005
5.9,9.5036e-005
5.905,9.4634e-005
5.91,9.4235e-005
5.915,9.3837e-005
5.92,9.3442e-005
5.925,9.3048e-005
5.93,9.2657e-005
5.935,9.2267e-005
5.94,9.1879e-005
5.945,9.1494e-005
5.95,9.111e-005
5.955,9.0728e-005
5.96,9.0348e-005
5.965,8.997e-005
5.97,8.9594e-005
5.975,8.922e-005
5.98,8.8848e-005
5.985,8.8477e-005
5.99,8.8109e-005
5.995,8.7742e-005
6,8.7377e-005
6.005,8.7014e-005
6.01,8.6652e-005
6.015,8.6293e-005
6.02,8.5935e-005
6.025,8.5579e-005
6.03,8.5225e-005
6.035,8.4873e-005
6.04,8.4522e-005
6.045,8.4173e-005
6.05,8.3826e-005
6.055,8.348e-005
6.06,8.3136e-005
6.065,8.2794e-005
6.07,8.2454e-005
6.075,8.2115e-005
6.08,8.1778e-005
6.085,8.1443e-005
6.09,8.1109e-005
6.095,8.0777e-005
6.1,8.0446e-005
6.105,8.0118e-005
6.11,7.979e-005
6.115,7.9465e-005
6.12,7.9141e-005
6.125,7.8818e-005
6.13,7.8497e-005
6.135,7.8178e-005
6.14,7.786e-005
6.145,7.7544e-005
6.15,7.7229e-005
6.155,7.6916e-005
6.16,7.6605e-005
6.165,7.6294e-005
6.17,7.5986e-005
6.175,7.5679e-005
6.18,7.5373e-005
6.185,7.5069e-005
6.19,7.4766e-005
6.195,7.4465e-005
6.2,7.4165e-005
6.205,7.3867e-005
6.21,7.357e-005
6.215,7.3275e-005
6.22,7.2981e-005
6.225,7.2688e-005
6.23,7.2397e-005
6.235,7.2107e-005
6.24,7.1819e-005
6.245,7.1532e-005
6.25,7.1246e-005
6.255,7.0962e-005
6.26,7.0679e-005
6.265,7.0397e-005
6.27,7.0117e-005
6.275,6.9838e-005
6.28,6.9561e-005
