0,0
0.005,0
0.01,0
0.015,0
0.02,0
0.025,0
0.03,0
0.035,0
0.04,0
0.045,0
0.05,0
0.055,0
0.06,0
0.065,0
0.07,0
0.075,0
0.08,0
0.085,0
0.09,0
0.095,0
0.1,0
0.105,0
0.11,0
0.115,0
0.12,0
0.125,0
0.13,0
0.135,0
0.14,0
0.145,0
0.15,0
0.155,0
0.16,0
0.165,0
0.17,0
0.175,0
0.18,0
0.185,0
0.19,0
0.195,0
0.2,0
0.205,0
0.21,0
0.215,0
0.22,0
0.225,0
0.23,0
0.235,0
0.24,0
0.245,0
0.25,0
0.255,0
0.26,0
0.265,0
0.27,0
0.275,0
0.28,1.8432e-305
0.285,1.7931e-284
0.29,2.9933e-265
0.295,1.2831e-247
0.3,2.0187e-231
0.305,1.6008e-216
0.31,8.485e-203
0.315,3.8662e-190
0.32,1.8961e-178
0.325,1.2238e-167
0.33,1.2449e-157
0.335,2.3464e-148
0.34,9.4786e-140
0.345,9.3559e-132
0.35,2.5397e-124
0.355,2.1099e-117
0.36,5.9087e-111
0.365,6.0888e-105
0.37,2.4997e-099
0.375,4.3946e-094
0.38,3.5331e-089
0.385,1.379e-084
0.39,2.7598e-080
0.395,2.9765e-076
0.4,1.8106e-072
0.405,6.4766e-069
0.41,1.4153e-065
0.415,1.9567e-062
0.42,1.7675e-059
0.425,1.0744e-056
0.43,4.5162e-054
0.435,1.346e-051
0.44,2.9106e-049
0.445,4.6652e-047
0.45,5.6522e-045
0.455,5.2715e-043
0.46,3.8487e-041
0.465,2.2342e-039
0.47,1.0462e-037
0.475,4.0052e-036
0.48,1.2692e-034
0.485,3.3676e-033
0.49,7.5629e-032
0.495,1.452e-030
0.5,2.4052e-029
0.505,3.4676e-028
0.51,4.3863e-027
0.515,4.905e-026
0.52,4.883e-025
0.525,4.3562e-024
0.53,3.5039e-023
0.535,2.5558e-022
0.54,1.6996e-021
0.545,1.0357e-020
0.55,5.8103e-020
0.555,3.0143e-019
0.56,1.452e-018
0.565,6.5206e-018
0.57,2.7397e-017
0.575,1.0807e-016
0.58,4.0152e-016
0.585,1.4094e-015
0.59,4.6872e-015
0.595,1.4809e-014
0.6,4.4565e-014
0.605,1.2804e-013
0.61,3.5201e-013
0.615,9.2801e-013
0.62,2.3508e-012
0.625,5.7329e-012
0.63,1.3484e-011
0.635,3.0638e-011
0.64,6.7361e-011
0.645,1.4353e-010
0.65,2.968e-010
0.655,5.9646e-010
0.66,1.1664e-009
0.665,2.2223e-009
0.67,4.1299e-009
0.675,7.4946e-009
0.68,1.3295e-008
0.685,2.3076e-008
0.69,3.9228e-008
0.695,6.5373e-008
0.7,1.0688e-007
0.705,1.716e-007
0.71,2.7071e-007
0.715,4.1998e-007
0.72,6.4119e-007
0.725,9.6396e-007
0.73,1.428e-006
0.735,2.0856e-006
0.74,3.0051e-006
0.745,4.2738e-006
0.75,6.0027e-006
0.755,8.3302e-006
0.76,1.1428e-005
0.765,1.5504e-005
0.77,2.0812e-005
0.775,2.7652e-005
0.78,3.6381e-005
0.785,4.7414e-005
0.79,6.1234e-005
0.795,7.8392e-005
0.8,9.9516e-005
0.805,0.00012531
0.81,0.00015657
0.815,0.00019415
0.82,0.00023902
0.825,0.00029222
0.83,0.00035486
0.835,0.00042814
0.84,0.00051335
0.845,0.00061182
0.85,0.00072495
0.855,0.00085421
0.86,0.0010011
0.865,0.0011671
0.87,0.0013539
0.875,0.0015629
0.88,0.0017958
0.885,0.002054
0.89,0.0023391
0.895,0.0026526
0.9,0.0029958
0.905,0.0033702
0.91,0.0037769
0.915,0.0042171
0.92,0.0046919
0.925,0.0052022
0.93,0.0057489
0.935,0.0063326
0.94,0.0069539
0.945,0.0076132
0.95,0.0083107
0.955,0.0090466
0.96,0.0098209
0.965,0.010633
0.97,0.011484
0.975,0.012371
0.98,0.013296
0.985,0.014256
0.99,0.015252
0.995,0.016282
1,0.017345
1.005,0.01844
1.01,0.019567
1.015,0.020722
1.02,0.021906
1.025,0.023118
1.03,0.024355
1.035,0.025616
1.04,0.0269
1.045,0.028207
1.05,0.029534
1.055,0.030882
1.06,0.032249
1.065,0.033634
1.07,0.035038
1.075,0.03646
1.08,0.0379
1.085,0.039358
1.09,0.040837
1.095,0.042336
1.1,0.043857
1.105,0.045403
1.11,0.046975
1.115,0.048578
1.12,0.050214
1.125,0.051887
1.13,0.053604
1.135,0.055368
1.14,0.057187
1.145,0.059066
1.15,0.061014
1.155,0.063038
1.16,0.065148
1.165,0.067353
1.17,0.069663
1.175,0.072091
1.18,0.074646
1.185,0.077343
1.19,0.080194
1.195,0.083213
1.2,0.086413
1.205,0.08981
1.21,0.093417
1.215,0.097249
1.22,0.10132
1.225,0.10564
1.23,0.11023
1.235,0.1151
1.24,0.12025
1.245,0.12569
1.25,0.13143
1.255,0.13747
1.26,0.1438
1.265,0.15041
1.27,0.15728
1.275,0.16441
1.28,0.17174
1.285,0.17926
1.29,0.18691
1.295,0.19464
1.3,0.20239
1.305,0.21008
1.31,0.21765
1.315,0.225
1.32,0.23204
1.325,0.2387
1.33,0.24487
1.335,0.25047
1.34,0.2554
1.345,0.2596
1.35,0.26299
1.355,0.26552
1.36,0.26713
1.365,0.26782
1.37,0.26766
1.375,0.2669
1.38,0.26555
1.385,0.26364
1.39,0.26117
1.395,0.25819
1.4,0.25471
1.405,0.25079
1.41,0.24645
1.415,0.24175
1.42,0.23673
1.425,0.23142
1.43,0.22589
1.435,0.22016
1.44,0.21429
1.445,0.20832
1.45,0.20229
1.455,0.19624
1.46,0.19019
1.465,0.18419
1.47,0.17826
1.475,0.17242
1.48,0.16671
1.485,0.16112
1.49,0.15569
1.495,0.15043
1.5,0.14533
1.505,0.14042
1.51,0.1357
1.515,0.13116
1.52,0.12682
1.525,0.12267
1.53,0.11871
1.535,0.11494
1.54,0.11134
1.545,0.10793
1.55,0.10469
1.555,0.10162
1.56,0.098712
1.565,0.095956
1.57,0.09335
1.575,0.090884
1.58,0.088554
1.585,0.086351
1.59,0.08427
1.595,0.082304
1.6,0.080446
1.605,0.07869
1.61,0.07703
1.615,0.075461
1.62,0.073976
1.625,0.072571
1.63,0.07124
1.635,0.069978
1.64,0.068781
1.645,0.067645
1.65,0.066564
1.655,0.065536
1.66,0.064556
1.665,0.063621
1.67,0.062728
1.675,0.061873
1.68,0.061054
1.685,0.060268
1.69,0.059512
1.695,0.058784
1.7,0.058082
1.705,0.057404
1.71,0.056748
1.715,0.056111
1.72,0.055494
1.725,0.054893
1.73,0.054308
1.735,0.053738
1.74,0.053181
1.745,0.052636
1.75,0.052102
1.755,0.051579
1.76,0.051066
1.765,0.050561
1.77,0.050065
1.775,0.049576
1.78,0.049094
1.785,0.04862
1.79,0.048151
1.795,0.047688
1.8,0.047231
1.805,0.04678
1.81,0.046333
1.815,0.045891
1.82,0.045454
1.825,0.045021
1.83,0.044592
1.835,0.044167
1.84,0.043747
1.845,0.04333
1.85,0.042917
1.855,0.042508
1.86,0.042102
1.865,0.0417
1.87,0.041302
1.875,0.040907
1.88,0.040515
1.885,0.040127
1.89,0.039742
1.895,0.039361
1.9,0.038983
1.905,0.038608
1.91,0.038236
1.915,0.037868
1.92,0.037503
1.925,0.037141
1.93,0.036782
1.935,0.036427
1.94,0.036075
1.945,0.035725
1.95,0.035379
1.955,0.035037
1.96,0.034697
1.965,0.03436
1.97,0.034027
1.975,0.033696
1.98,0.033369
1.985,0.033044
1.99,0.032723
1.995,0.032405
2,0.03209
2.005,0.031777
2.01,0.031468
2.015,0.031161
2.02,0.030858
2.025,0.030557
2.03,0.03026
2.035,0.029965
2.04,0.029673
2.045,0.029384
2.05,0.029098
2.055,0.028814
2.06,0.028534
2.065,0.028256
2.07,0.02798
2.075,0.027708
2.08,0.027438
2.085,0.027171
2.09,0.026907
2.095,0.026645
2.1,0.026386
2.105,0.026129
2.11,0.025875
2.115,0.025624
2.12,0.025375
2.125,0.025128
2.13,0.024885
2.135,0.024643
2.14,0.024404
2.145,0.024168
2.15,0.023934
2.155,0.023702
2.16,0.023472
2.165,0.023245
2.17,0.023021
2.175,0.022798
2.18,0.022578
2.185,0.02236
2.19,0.022145
2.195,0.021931
2.2,0.02172
2.205,0.021511
2.21,0.021304
2.215,0.021099
2.22,0.020897
2.225,0.020696
2.23,0.020498
2.235,0.020301
2.24,0.020107
2.245,0.019915
2.25,0.019724
2.255,0.019536
2.26,0.019349
2.265,0.019165
2.27,0.018982
2.275,0.018802
2.28,0.018623
2.285,0.018446
2.29,0.018271
2.295,0.018097
2.3,0.017926
2.305,0.017756
2.31,0.017588
2.315,0.017422
2.32,0.017258
2.325,0.017095
2.33,0.016934
2.335,0.016774
2.34,0.016617
2.345,0.016461
2.35,0.016306
2.355,0.016153
2.36,0.016002
2.365,0.015852
2.37,0.015704
2.375,0.015558
2.38,0.015413
2.385,0.015269
2.39,0.015127
2.395,0.014986
2.4,0.014847
2.405,0.014709
2.41,0.014573
2.415,0.014438
2.42,0.014305
2.425,0.014173
2.43,0.014042
2.435,0.013913
2.44,0.013785
2.445,0.013658
2.45,0.013533
2.455,0.013408
2.46,0.013286
2.465,0.013164
2.47,0.013044
2.475,0.012925
2.48,0.012807
2.485,0.01269
2.49,0.012575
2.495,0.012461
2.5,0.012348
2.505,0.012236
2.51,0.012125
2.515,0.012015
2.52,0.011907
2.525,0.0118
2.53,0.011693
2.535,0.011588
2.54,0.011484
2.545,0.011381
2.55,0.011279
2.555,0.011178
2.56,0.011078
2.565,0.010979
2.57,0.010881
2.575,0.010784
2.58,0.010689
2.585,0.010594
2.59,0.0105
2.595,0.010407
2.6,0.010314
2.605,0.010223
2.61,0.010133
2.615,0.010044
2.62,0.0099553
2.625,0.0098678
2.63,0.0097812
2.635,0.0096954
2.64,0.0096105
2.645,0.0095264
2.65,0.0094432
2.655,0.0093608
2.66,0.0092793
2.665,0.0091985
2.67,0.0091186
2.675,0.0090395
2.68,0.0089611
2.685,0.0088836
2.69,0.0088068
2.695,0.0087308
2.7,0.0086555
2.705,0.008581
2.71,0.0085072
2.715,0.0084342
2.72,0.0083618
2.725,0.0082902
2.73,0.0082193
2.735,0.0081491
2.74,0.0080796
2.745,0.0080108
2.75,0.0079427
2.755,0.0078752
2.76,0.0078084
2.765,0.0077422
2.77,0.0076767
2.775,0.0076118
2.78,0.0075476
2.785,0.007484
2.79,0.007421
2.795,0.0073587
2.8,0.0072969
2.805,0.0072357
2.81,0.0071752
2.815,0.0071152
2.82,0.0070558
2.825,0.006997
2.83,0.0069387
2.835,0.006881
2.84,0.0068239
2.845,0.0067673
2.85,0.0067113
2.855,0.0066558
2.86,0.0066008
2.865,0.0065464
2.87,0.0064925
2.875,0.0064391
2.88,0.0063862
2.885,0.0063338
2.89,0.006282
2.895,0.0062306
2.9,0.0061797
2.905,0.0061293
2.91,0.0060794
2.915,0.0060299
2.92,0.0059809
2.925,0.0059324
2.93,0.0058843
2.935,0.0058367
2.94,0.0057896
2.945,0.0057428
2.95,0.0056966
2.955,0.0056507
2.96,0.0056053
2.965,0.0055603
2.97,0.0055158
2.975,0.0054716
2.98,0.0054279
2.985,0.0053846
2.99,0.0053417
2.995,0.0052992
3,0.005257
3.005,0.0052153
3.01,0.005174
3.015,0.005133
3.02,0.0050924
3.025,0.0050522
3.03,0.0050124
3.035,0.0049729
3.04,0.0049338
3.045,0.0048951
3.05,0.0048567
3.055,0.0048187
3.06,0.004781
3.065,0.0047437
3.07,0.0047067
3.075,0.00467
3.08,0.0046337
3.085,0.0045977
3.09,0.004562
3.095,0.0045267
3.1,0.0044917
3.105,0.004457
3.11,0.0044226
3.115,0.0043885
3.12,0.0043548
3.125,0.0043213
3.13,0.0042881
3.135,0.0042553
3.14,0.0042227
3.145,0.0041904
3.15,0.0041585
3.155,0.0041268
3.16,0.0040954
3.165,0.0040642
3.17,0.0040334
3.175,0.0040028
3.18,0.0039725
3.185,0.0039425
3.19,0.0039127
3.195,0.0038832
3.2,0.003854
3.205,0.003825
3.21,0.0037963
3.215,0.0037678
3.22,0.0037396
3.225,0.0037116
3.23,0.0036839
3.235,0.0036564
3.24,0.0036292
3.245,0.0036022
3.25,0.0035754
3.255,0.0035489
3.26,0.0035226
3.265,0.0034965
3.27,0.0034707
3.275,0.0034451
3.28,0.0034197
3.285,0.0033945
3.29,0.0033696
3.295,0.0033448
3.3,0.0033203
3.305,0.003296
3.31,0.0032719
3.315,0.003248
3.32,0.0032243
3.325,0.0032008
3.33,0.0031776
3.335,0.0031545
3.34,0.0031316
3.345,0.0031089
3.35,0.0030864
3.355,0.0030641
3.36,0.003042
3.365,0.0030201
3.37,0.0029983
3.375,0.0029768
3.38,0.0029554
3.385,0.0029342
3.39,0.0029132
3.395,0.0028924
3.4,0.0028718
3.405,0.0028513
3.41,0.002831
3.415,0.0028108
3.42,0.0027909
3.425,0.0027711
3.43,0.0027514
3.435,0.002732
3.44,0.0027127
3.445,0.0026935
3.45,0.0026745
3.455,0.0026557
3.46,0.002637
3.465,0.0026185
3.47,0.0026002
3.475,0.002582
3.48,0.0025639
3.485,0.002546
3.49,0.0025282
3.495,0.0025106
3.5,0.0024932
3.505,0.0024758
3.51,0.0024587
3.515,0.0024416
3.52,0.0024247
3.525,0.002408
3.53,0.0023913
3.535,0.0023748
3.54,0.0023585
3.545,0.0023423
3.55,0.0023262
3.555,0.0023102
3.56,0.0022944
3.565,0.0022787
3.57,0.0022631
3.575,0.0022477
3.58,0.0022324
3.585,0.0022172
3.59,0.0022021
3.595,0.0021871
3.6,0.0021723
3.605,0.0021576
3.61,0.002143
3.615,0.0021285
3.62,0.0021142
3.625,0.0020999
3.63,0.0020858
3.635,0.0020718
3.64,0.0020578
3.645,0.0020441
3.65,0.0020304
3.655,0.0020168
3.66,0.0020033
3.665,0.0019899
3.67,0.0019767
3.675,0.0019635
3.68,0.0019505
3.685,0.0019375
3.69,0.0019247
3.695,0.0019119
3.7,0.0018993
3.705,0.0018868
3.71,0.0018743
3.715,0.001862
3.72,0.0018497
3.725,0.0018375
3.73,0.0018255
3.735,0.0018135
3.74,0.0018016
3.745,0.0017899
3.75,0.0017782
3.755,0.0017666
3.76,0.0017551
3.765,0.0017436
3.77,0.0017323
3.775,0.0017211
3.78,0.0017099
3.785,0.0016988
3.79,0.0016878
3.795,0.0016769
3.8,0.0016661
3.805,0.0016554
3.81,0.0016447
3.815,0.0016342
3.82,0.0016237
3.825,0.0016132
3.83,0.0016029
3.835,0.0015927
3.84,0.0015825
3.845,0.0015724
3.85,0.0015624
3.855,0.0015524
3.86,0.0015425
3.865,0.0015327
3.87,0.001523
3.875,0.0015134
3.88,0.0015038
3.885,0.0014943
3.89,0.0014849
3.895,0.0014755
3.9,0.0014662
3.905,0.001457
3.91,0.0014478
3.915,0.0014387
3.92,0.0014297
3.925,0.0014208
3.93,0.0014119
3.935,0.0014031
3.94,0.0013943
3.945,0.0013856
3.95,0.001377
3.955,0.0013685
3.96,0.00136
3.965,0.0013515
3.97,0.0013432
3.975,0.0013348
3.98,0.0013266
3.985,0.0013184
3.99,0.0013103
3.995,0.0013022
4,0.0012942
4.005,0.0012863
4.01,0.0012784
4.015,0.0012705
4.02,0.0012628
4.025,0.001255
4.03,0.0012474
4.035,0.0012398
4.04,0.0012322
4.045,0.0012247
4.05,0.0012173
4.055,0.0012099
4.06,0.0012025
4.065,0.0011953
4.07,0.001188
4.075,0.0011809
4.08,0.0011737
4.085,0.0011666
4.09,0.0011596
4.095,0.0011526
4.1,0.0011457
4.105,0.0011388
4.11,0.001132
4.115,0.0011252
4.12,0.0011185
4.125,0.0011118
4.13,0.0011052
4.135,0.0010986
4.14,0.0010921
4.145,0.0010856
4.15,0.0010791
4.155,0.0010727
4.16,0.0010664
4.165,0.0010601
4.17,0.0010538
4.175,0.0010476
4.18,0.0010414
4.185,0.0010353
4.19,0.0010292
4.195,0.0010231
4.2,0.0010171
4.205,0.0010111
4.21,0.0010052
4.215,0.00099934
4.22,0.0009935
4.225,0.0009877
4.23,0.00098194
4.235,0.00097622
4.24,0.00097054
4.245,0.00096489
4.25,0.00095929
4.255,0.00095373
4.26,0.0009482
4.265,0.00094272
4.27,0.00093727
4.275,0.00093186
4.28,0.00092648
4.285,0.00092115
4.29,0.00091585
4.295,0.00091058
4.3,0.00090535
4.305,0.00090016
4.31,0.000895
4.315,0.00088988
4.32,0.0008848
4.325,0.00087974
4.33,0.00087473
4.335,0.00086974
4.34,0.00086479
4.345,0.00085988
4.35,0.000855
4.355,0.00085015
4.36,0.00084533
4.365,0.00084055
4.37,0.00083579
4.375,0.00083107
4.38,0.00082639
4.385,0.00082173
4.39,0.0008171
4.395,0.00081251
4.4,0.00080795
4.405,0.00080341
4.41,0.00079891
4.415,0.00079444
4.42,0.00079
4.425,0.00078558
4.43,0.0007812
4.435,0.00077685
4.44,0.00077252
4.445,0.00076823
4.45,0.00076396
4.455,0.00075972
4.46,0.00075551
4.465,0.00075132
4.47,0.00074717
4.475,0.00074304
4.48,0.00073894
4.485,0.00073486
4.49,0.00073081
4.495,0.00072679
4.5,0.0007228
4.505,0.00071883
4.51,0.00071489
4.515,0.00071097
4.52,0.00070708
4.525,0.00070322
4.53,0.00069937
4.535,0.00069556
4.54,0.00069177
4.545,0.000688
4.55,0.00068426
4.555,0.00068054
4.56,0.00067685
4.565,0.00067318
4.57,0.00066954
4.575,0.00066592
4.58,0.00066232
4.585,0.00065874
4.59,0.00065519
4.595,0.00065166
4.6,0.00064816
4.605,0.00064467
4.61,0.00064121
4.615,0.00063777
4.62,0.00063435
4.625,0.00063096
4.63,0.00062758
4.635,0.00062423
4.64,0.0006209
4.645,0.00061759
4.65,0.0006143
4.655,0.00061103
4.66,0.00060779
4.665,0.00060456
4.67,0.00060136
4.675,0.00059817
4.68,0.000595
4.685,0.00059186
4.69,0.00058873
4.695,0.00058563
4.7,0.00058254
4.705,0.00057947
4.71,0.00057643
4.715,0.0005734
4.72,0.00057039
4.725,0.0005674
4.73,0.00056443
4.735,0.00056147
4.74,0.00055854
4.745,0.00055562
4.75,0.00055272
4.755,0.00054984
4.76,0.00054698
4.765,0.00054414
4.77,0.00054131
4.775,0.0005385
4.78,0.00053571
4.785,0.00053294
4.79,0.00053018
4.795,0.00052744
4.8,0.00052471
4.805,0.00052201
4.81,0.00051932
4.815,0.00051664
4.82,0.00051399
4.825,0.00051135
4.83,0.00050872
4.835,0.00050611
4.84,0.00050352
4.845,0.00050095
4.85,0.00049839
4.855,0.00049584
4.86,0.00049331
4.865,0.0004908
4.87,0.0004883
4.875,0.00048581
4.88,0.00048335
4.885,0.00048089
4.89,0.00047845
4.895,0.00047603
4.9,0.00047362
4.905,0.00047123
4.91,0.00046885
4.915,0.00046648
4.92,0.00046413
4.925,0.00046179
4.93,0.00045947
4.935,0.00045716
4.94,0.00045486
4.945,0.00045258
4.95,0.00045031
4.955,0.00044806
4.96,0.00044582
4.965,0.00044359
4.97,0.00044138
4.975,0.00043918
4.98,0.00043699
4.985,0.00043481
4.99,0.00043265
4.995,0.0004305
5,0.00042837
5.005,0.00042624
5.01,0.00042413
5.015,0.00042203
5.02,0.00041995
5.025,0.00041787
5.03,0.00041581
5.035,0.00041376
5.04,0.00041173
5.045,0.0004097
5.05,0.00040769
5.055,0.00040569
5.06,0.0004037
5.065,0.00040172
5.07,0.00039975
5.075,0.0003978
5.08,0.00039585
5.085,0.00039392
5.09,0.000392
5.095,0.00039009
5.1,0.00038819
5.105,0.0003863
5.11,0.00038443
5.115,0.00038256
5.12,0.00038071
5.125,0.00037886
5.13,0.00037703
5.135,0.00037521
5.14,0.00037339
5.145,0.00037159
5.15,0.0003698
5.155,0.00036802
5.16,0.00036625
5.165,0.00036449
5.17,0.00036274
5.175,0.000361
5.18,0.00035927
5.185,0.00035755
5.19,0.00035583
5.195,0.00035413
5.2,0.00035244
5.205,0.00035076
5.21,0.00034909
5.215,0.00034743
5.22,0.00034577
5.225,0.00034413
5.23,0.0003425
5.235,0.00034087
5.24,0.00033926
5.245,0.00033765
5.25,0.00033605
5.255,0.00033446
5.26,0.00033288
5.265,0.00033131
5.27,0.00032975
5.275,0.0003282
5.28,0.00032665
5.285,0.00032512
5.29,0.00032359
5.295,0.00032207
5.3,0.00032056
5.305,0.00031906
5.31,0.00031757
5.315,0.00031609
5.32,0.00031461
5.325,0.00031314
5.33,0.00031168
5.335,0.00031023
5.34,0.00030879
5.345,0.00030735
5.35,0.00030592
5.355,0.0003045
5.36,0.00030309
5.365,0.00030169
5.37,0.00030029
5.375,0.00029891
5.38,0.00029752
5.385,0.00029615
5.39,0.00029479
5.395,0.00029343
5.4,0.00029208
5.405,0.00029073
5.41,0.0002894
5.415,0.00028807
5.42,0.00028675
5.425,0.00028544
5.43,0.00028413
5.435,0.00028283
5.44,0.00028154
5.445,0.00028025
5.45,0.00027898
5.455,0.0002777
5.46,0.00027644
5.465,0.00027518
5.47,0.00027393
5.475,0.00027269
5.48,0.00027145
5.485,0.00027022
5.49,0.000269
5.495,0.00026778
5.5,0.00026657
5.505,0.00026537
5.51,0.00026417
5.515,0.00026298
5.52,0.00026179
5.525,0.00026062
5.53,0.00025944
5.535,0.00025828
5.54,0.00025712
5.545,0.00025597
5.55,0.00025482
5.555,0.00025368
5.56,0.00025254
5.565,0.00025142
5.57,0.00025029
5.575,0.00024918
5.58,0.00024807
5.585,0.00024696
5.59,0.00024586
5.595,0.00024477
5.6,0.00024368
5.605,0.0002426
5.61,0.00024153
5.615,0.00024046
5.62,0.00023939
5.625,0.00023834
5.63,0.00023728
5.635,0.00023624
5.64,0.00023519
5.645,0.00023416
5.65,0.00023313
5.655,0.0002321
5.66,0.00023108
5.665,0.00023007
5.67,0.00022906
5.675,0.00022805
5.68,0.00022706
5.685,0.00022606
5.69,0.00022507
5.695,0.00022409
5.7,0.00022311
5.705,0.00022214
5.71,0.00022117
5.715,0.00022021
5.72,0.00021925
5.725,0.0002183
5.73,0.00021735
5.735,0.00021641
5.74,0.00021547
5.745,0.00021454
5.75,0.00021361
5.755,0.00021269
5.76,0.00021177
5.765,0.00021085
5.77,0.00020995
5.775,0.00020904
5.78,0.00020814
5.785,0.00020725
5.79,0.00020636
5.795,0.00020547
5.8,0.00020459
5.805,0.00020371
5.81,0.00020284
5.815,0.00020197
5.82,0.00020111
5.825,0.00020025
5.83,0.00019939
5.835,0.00019854
5.84,0.0001977
5.845,0.00019686
5.85,0.00019602
5.855,0.00019519
5.86,0.00019436
5.865,0.00019353
5.87,0.00019271
5.875,0.0001919
5.88,0.00019108
5.885,0.00019028
5.89,0.00018947
5.895,0.00018867
5.9,0.00018788
5.905,0.00018708
5.91,0.0001863
5.915,0.00018551
5.92,0.00018473
5.925,0.00018396
5.93,0.00018318
5.935,0.00018242
5.94,0.00018165
5.945,0.00018089
5.95,0.00018013
5.955,0.00017938
5.96,0.00017863
5.965,0.00017789
5.97,0.00017715
5.975,0.00017641
5.98,0.00017567
5.985,0.00017494
5.99,0.00017422
5.995,0.00017349
6,0.00017277
6.005,0.00017206
6.01,0.00017134
6.015,0.00017064
6.02,0.00016993
6.025,0.00016923
6.03,0.00016853
6.035,0.00016783
6.04,0.00016714
6.045,0.00016645
6.05,0.00016577
6.055,0.00016509
6.06,0.00016441
6.065,0.00016373
6.07,0.00016306
6.075,0.00016239
6.08,0.00016173
6.085,0.00016107
6.09,0.00016041
6.095,0.00015975
6.1,0.0001591
6.105,0.00015845
6.11,0.00015781
6.115,0.00015717
6.12,0.00015653
6.125,0.00015589
6.13,0.00015526
6.135,0.00015463
6.14,0.000154
6.145,0.00015338
6.15,0.00015275
6.155,0.00015214
6.16,0.00015152
6.165,0.00015091
6.17,0.0001503
6.175,0.00014969
6.18,0.00014909
6.185,0.00014849
6.19,0.00014789
6.195,0.0001473
6.2,0.00014671
6.205,0.00014612
6.21,0.00014553
6.215,0.00014495
6.22,0.00014437
6.225,0.00014379
6.23,0.00014322
6.235,0.00014265
6.24,0.00014208
6.245,0.00014151
6.25,0.00014095
6.255,0.00014038
6.26,0.00013983
6.265,0.00013927
6.27,0.00013872
6.275,0.00013817
6.28,0.00013762
