0,0
0.005,0
0.01,0
0.015,0
0.02,0
0.025,0
0.03,0
0.035,0
0.04,0
0.045,0
0.05,0
0.055,0
0.06,0
0.065,0
0.07,0
0.075,0
0.08,0
0.085,0
0.09,0
0.095,0
0.1,0
0.105,0
0.11,0
0.115,0
0.12,9.1776e-279
0.125,2.7835e-236
0.13,1.6095e-201
0.135,7.4268e-173
0.14,4.7298e-149
0.145,3.7435e-129
0.15,2.0366e-112
0.155,2.9167e-098
0.16,3.1823e-086
0.165,6.1729e-076
0.17,4.2044e-067
0.175,1.7433e-059
0.18,6.8847e-053
0.185,3.7358e-047
0.19,3.7653e-042
0.195,9.0463e-038
0.2,6.375e-034
0.205,1.567e-030
0.21,1.5539e-027
0.215,7.026e-025
0.22,1.607e-022
0.225,2.0303e-020
0.23,1.5275e-018
0.235,7.2979e-017
0.24,2.3398e-015
0.245,5.2792e-014
0.25,8.7336e-013
0.255,1.0978e-011
0.26,1.0814e-010
0.265,8.576e-010
0.27,5.6061e-009
0.275,3.0837e-008
0.28,1.4534e-007
0.285,5.9637e-007
0.29,2.1607e-006
0.295,6.9985e-006
0.3,2.049e-005
0.305,5.4761e-005
0.31,0.00013476
0.315,0.00030772
0.32,0.00065657
0.325,0.0013172
0.33,0.0024982
0.335,0.004502
0.34,0.0077433
0.345,0.012763
0.35,0.020231
0.355,0.030945
0.36,0.045809
0.365,0.065805
0.37,0.091956
0.375,0.12528
0.38,0.16673
0.385,0.21716
0.39,0.27729
0.395,0.34762
0.4,0.42847
0.405,0.51992
0.41,0.6218
0.415,0.73376
0.42,0.85524
0.425,0.98552
0.43,1.1238
0.435,1.2691
0.44,1.4208
0.445,1.5781
0.45,1.7406
0.455,1.9081
0.46,2.081
0.465,2.2603
0.47,2.4476
0.475,2.6455
0.48,2.8574
0.485,3.0879
0.49,3.3426
0.495,3.6283
0.5,3.953
0.505,4.3253
0.51,4.7548
0.515,5.2508
0.52,5.8215
0.525,6.4725
0.53,7.2048
0.535,8.012
0.54,8.8778
0.545,9.7737
0.55,10.658
0.555,11.479
0.56,12.177
0.565,12.695
0.57,12.985
0.575,13.027
0.58,12.885
0.585,12.589
0.59,12.158
0.595,11.616
0.6,10.993
0.605,10.317
0.61,9.6179
0.615,8.9192
0.62,8.2408
0.625,7.5975
0.63,6.999
0.635,6.4511
0.64,5.9559
0.645,5.513
0.65,5.1201
0.655,4.7737
0.66,4.4698
0.665,4.2038
0.67,3.9715
0.675,3.7684
0.68,3.5908
0.685,3.4349
0.69,3.2975
0.695,3.1758
0.7,3.0671
0.705,2.9695
0.71,2.8809
0.715,2.7998
0.72,2.7249
0.725,2.655
0.73,2.5892
0.735,2.5269
0.74,2.4673
0.745,2.4101
0.75,2.3549
0.755,2.3014
0.76,2.2493
0.765,2.1985
0.77,2.149
0.775,2.1005
0.78,2.0531
0.785,2.0067
0.79,1.9612
0.795,1.9166
0.8,1.873
0.805,1.8303
0.81,1.7885
0.815,1.7475
0.82,1.7075
0.825,1.6682
0.83,1.6299
0.835,1.5924
0.84,1.5557
0.845,1.5198
0.85,1.4848
0.855,1.4506
0.86,1.4171
0.865,1.3844
0.87,1.3525
0.875,1.3213
0.88,1.2909
0.885,1.2612
0.89,1.2322
0.895,1.2039
0.9,1.1762
0.905,1.1493
0.91,1.1229
0.915,1.0973
0.92,1.0722
0.925,1.0478
0.93,1.0239
0.935,1.0007
0.94,0.97797
0.945,0.95583
0.95,0.93423
0.955,0.91317
0.96,0.89262
0.965,0.87258
0.97,0.85303
0.975,0.83397
0.98,0.81537
0.985,0.79723
0.99,0.77954
0.995,0.76228
1,0.74545
1.005,0.72903
1.01,0.71301
1.015,0.69739
1.02,0.68215
1.025,0.66728
1.03,0.65278
1.035,0.63863
1.04,0.62482
1.045,0.61136
1.05,0.59822
1.055,0.5854
1.06,0.57289
1.065,0.56068
1.07,0.54877
1.075,0.53715
1.08,0.5258
1.085,0.51473
1.09,0.50393
1.095,0.49338
1.1,0.48309
1.105,0.47304
1.11,0.46323
1.115,0.45366
1.12,0.44431
1.125,0.43518
1.13,0.42627
1.135,0.41757
1.14,0.40907
1.145,0.40077
1.15,0.39266
1.155,0.38475
1.16,0.37702
1.165,0.36946
1.17,0.36209
1.175,0.35488
1.18,0.34784
1.185,0.34096
1.19,0.33424
1.195,0.32767
1.2,0.32125
1.205,0.31498
1.21,0.30885
1.215,0.30286
1.22,0.297
1.225,0.29128
1.23,0.28568
1.235,0.28021
1.24,0.27486
1.245,0.26964
1.25,0.26452
1.255,0.25952
1.26,0.25463
1.265,0.24985
1.27,0.24517
1.275,0.2406
1.28,0.23612
1.285,0.23174
1.29,0.22746
1.295,0.22327
1.3,0.21917
1.305,0.21516
1.31,0.21123
1.315,0.20739
1.32,0.20363
1.325,0.19995
1.33,0.19635
1.335,0.19282
1.34,0.18937
1.345,0.18599
1.35,0.18268
1.355,0.17945
1.36,0.17627
1.365,0.17317
1.37,0.17013
1.375,0.16715
1.38,0.16423
1.385,0.16138
1.39,0.15858
1.395,0.15584
1.4,0.15315
1.405,0.15052
1.41,0.14794
1.415,0.14542
1.42,0.14294
1.425,0.14052
1.43,0.13814
1.435,0.13581
1.44,0.13353
1.445,0.13129
1.45,0.1291
1.455,0.12695
1.46,0.12484
1.465,0.12277
1.47,0.12075
1.475,0.11876
1.48,0.11681
1.485,0.1149
1.49,0.11303
1.495,0.11119
1.5,0.10939
1.505,0.10762
1.51,0.10589
1.515,0.10419
1.52,0.10252
1.525,0.10089
1.53,0.09928
1.535,0.097705
1.54,0.096159
1.545,0.094642
1.55,0.093154
1.555,0.091693
1.56,0.09026
1.565,0.088853
1.57,0.087472
1.575,0.086117
1.58,0.084786
1.585,0.08348
1.59,0.082197
1.595,0.080938
1.6,0.079702
1.605,0.078489
1.61,0.077297
1.615,0.076126
1.62,0.074977
1.625,0.073848
1.63,0.07274
1.635,0.071651
1.64,0.070582
1.645,0.069531
1.65,0.068499
1.655,0.067486
1.66,0.06649
1.665,0.065511
1.67,0.06455
1.675,0.063605
1.68,0.062677
1.685,0.061765
1.69,0.060869
1.695,0.059988
1.7,0.059122
1.705,0.058271
1.71,0.057435
1.715,0.056613
1.72,0.055805
1.725,0.055011
1.73,0.05423
1.735,0.053462
1.74,0.052708
1.745,0.051965
1.75,0.051236
1.755,0.050518
1.76,0.049813
1.765,0.049119
1.77,0.048437
1.775,0.047766
1.78,0.047106
1.785,0.046457
1.79,0.045818
1.795,0.04519
1.8,0.044573
1.805,0.043965
1.81,0.043367
1.815,0.042779
1.82,0.0422
1.825,0.041631
1.83,0.041071
1.835,0.040519
1.84,0.039977
1.845,0.039443
1.85,0.038918
1.855,0.038401
1.86,0.037892
1.865,0.037392
1.87,0.036899
1.875,0.036414
1.88,0.035936
1.885,0.035466
1.89,0.035003
1.895,0.034548
1.9,0.034099
1.905,0.033658
1.91,0.033223
1.915,0.032795
1.92,0.032374
1.925,0.031959
1.93,0.03155
1.935,0.031148
1.94,0.030751
1.945,0.030361
1.95,0.029977
1.955,0.029598
1.96,0.029225
1.965,0.028858
1.97,0.028496
1.975,0.02814
1.98,0.027789
1.985,0.027443
1.99,0.027103
1.995,0.026767
2,0.026436
2.005,0.02611
2.01,0.025789
2.015,0.025473
2.02,0.025161
2.025,0.024854
2.03,0.024552
2.035,0.024253
2.04,0.023959
2.045,0.02367
2.05,0.023384
2.055,0.023103
2.06,0.022826
2.065,0.022552
2.07,0.022283
2.075,0.022017
2.08,0.021755
2.085,0.021497
2.09,0.021243
2.095,0.020992
2.1,0.020744
2.105,0.020501
2.11,0.02026
2.115,0.020023
2.12,0.019789
2.125,0.019559
2.13,0.019332
2.135,0.019107
2.14,0.018886
2.145,0.018668
2.15,0.018453
2.155,0.018241
2.16,0.018032
2.165,0.017826
2.17,0.017623
2.175,0.017422
2.18,0.017224
2.185,0.017029
2.19,0.016836
2.195,0.016646
2.2,0.016459
2.205,0.016274
2.21,0.016091
2.215,0.015911
2.22,0.015734
2.225,0.015559
2.23,0.015386
2.235,0.015215
2.24,0.015047
2.245,0.014881
2.25,0.014717
2.255,0.014555
2.26,0.014395
2.265,0.014238
2.27,0.014082
2.275,0.013929
2.28,0.013777
2.285,0.013628
2.29,0.01348
2.295,0.013335
2.3,0.013191
2.305,0.013049
2.31,0.012909
2.315,0.012771
2.32,0.012634
2.325,0.012499
2.33,0.012366
2.335,0.012235
2.34,0.012105
2.345,0.011977
2.35,0.011851
2.355,0.011726
2.36,0.011603
2.365,0.011481
2.37,0.011361
2.375,0.011242
2.38,0.011125
2.385,0.011009
2.39,0.010895
2.395,0.010782
2.4,0.010671
2.405,0.010561
2.41,0.010452
2.415,0.010344
2.42,0.010238
2.425,0.010133
2.43,0.01003
2.435,0.0099277
2.44,0.0098267
2.445,0.009727
2.45,0.0096284
2.455,0.0095311
2.46,0.0094349
2.465,0.0093398
2.47,0.009246
2.475,0.0091532
2.48,0.0090616
2.485,0.008971
2.49,0.0088816
2.495,0.0087932
2.5,0.0087059
2.505,0.0086196
2.51,0.0085343
2.515,0.00845
2.52,0.0083667
2.525,0.0082844
2.53,0.0082031
2.535,0.0081227
2.54,0.0080433
2.545,0.0079648
2.55,0.0078872
2.555,0.0078106
2.56,0.0077348
2.565,0.0076599
2.57,0.0075858
2.575,0.0075126
2.58,0.0074403
2.585,0.0073688
2.59,0.0072981
2.595,0.0072282
2.6,0.0071592
2.605,0.0070909
2.61,0.0070234
2.615,0.0069566
2.62,0.0068907
2.625,0.0068254
2.63,0.006761
2.635,0.0066972
2.64,0.0066342
2.645,0.0065718
2.65,0.0065102
2.655,0.0064493
2.66,0.006389
2.665,0.0063294
2.67,0.0062705
2.675,0.0062122
2.68,0.0061546
2.685,0.0060977
2.69,0.0060413
2.695,0.0059856
2.7,0.0059305
2.705,0.005876
2.71,0.0058221
2.715,0.0057688
2.72,0.0057161
2.725,0.0056639
2.73,0.0056123
2.735,0.0055613
2.74,0.0055109
2.745,0.0054609
2.75,0.0054116
2.755,0.0053627
2.76,0.0053144
2.765,0.0052666
2.77,0.0052194
2.775,0.0051726
2.78,0.0051263
2.785,0.0050806
2.79,0.0050353
2.795,0.0049905
2.8,0.0049462
2.805,0.0049023
2.81,0.0048589
2.815,0.004816
2.82,0.0047735
2.825,0.0047315
2.83,0.0046899
2.835,0.0046488
2.84,0.0046081
2.845,0.0045678
2.85,0.0045279
2.855,0.0044885
2.86,0.0044494
2.865,0.0044108
2.87,0.0043726
2.875,0.0043348
2.88,0.0042973
2.885,0.0042603
2.89,0.0042236
2.895,0.0041873
2.9,0.0041514
2.905,0.0041158
2.91,0.0040806
2.915,0.0040458
2.92,0.0040114
2.925,0.0039772
2.93,0.0039435
2.935,0.00391
2.94,0.003877
2.945,0.0038442
2.95,0.0038118
2.955,0.0037797
2.96,0.0037479
2.965,0.0037165
2.97,0.0036853
2.975,0.0036545
2.98,0.003624
2.985,0.0035938
2.99,0.0035639
2.995,0.0035343
3,0.0035049
3.005,0.0034759
3.01,0.0034472
3.015,0.0034187
3.02,0.0033906
3.025,0.0033627
3.03,0.0033351
3.035,0.0033077
3.04,0.0032806
3.045,0.0032538
3.05,0.0032273
3.055,0.003201
3.06,0.0031749
3.065,0.0031492
3.07,0.0031236
3.075,0.0030983
3.08,0.0030733
3.085,0.0030485
3.09,0.003024
3.095,0.0029996
3.1,0.0029756
3.105,0.0029517
3.11,0.0029281
3.115,0.0029047
3.12,0.0028815
3.125,0.0028586
3.13,0.0028358
3.135,0.0028133
3.14,0.002791
3.145,0.0027689
3.15,0.002747
3.155,0.0027254
3.16,0.0027039
3.165,0.0026826
3.17,0.0026616
3.175,0.0026407
3.18,0.00262
3.185,0.0025995
3.19,0.0025792
3.195,0.0025591
3.2,0.0025392
3.205,0.0025195
3.21,0.0025
3.215,0.0024806
3.22,0.0024614
3.225,0.0024424
3.23,0.0024236
3.235,0.0024049
3.24,0.0023865
3.245,0.0023682
3.25,0.00235
3.255,0.002332
3.26,0.0023142
3.265,0.0022966
3.27,0.0022791
3.275,0.0022618
3.28,0.0022446
3.285,0.0022276
3.29,0.0022107
3.295,0.002194
3.3,0.0021774
3.305,0.002161
3.31,0.0021448
3.315,0.0021287
3.32,0.0021127
3.325,0.0020969
3.33,0.0020812
3.335,0.0020657
3.34,0.0020503
3.345,0.002035
3.35,0.0020199
3.355,0.0020049
3.36,0.00199
3.365,0.0019753
3.37,0.0019607
3.375,0.0019462
3.38,0.0019319
3.385,0.0019177
3.39,0.0019036
3.395,0.0018896
3.4,0.0018758
3.405,0.001862
3.41,0.0018484
3.415,0.001835
3.42,0.0018216
3.425,0.0018084
3.43,0.0017952
3.435,0.0017822
3.44,0.0017693
3.445,0.0017565
3.45,0.0017438
3.455,0.0017313
3.46,0.0017188
3.465,0.0017064
3.47,0.0016942
3.475,0.001682
3.48,0.00167
3.485,0.0016581
3.49,0.0016462
3.495,0.0016345
3.5,0.0016229
3.505,0.0016113
3.51,0.0015999
3.515,0.0015886
3.52,0.0015773
3.525,0.0015662
3.53,0.0015551
3.535,0.0015441
3.54,0.0015333
3.545,0.0015225
3.55,0.0015118
3.555,0.0015012
3.56,0.0014907
3.565,0.0014803
3.57,0.00147
3.575,0.0014597
3.58,0.0014496
3.585,0.0014395
3.59,0.0014295
3.595,0.0014196
3.6,0.0014098
3.605,0.0014
3.61,0.0013904
3.615,0.0013808
3.62,0.0013713
3.625,0.0013619
3.63,0.0013525
3.635,0.0013432
3.64,0.001334
3.645,0.0013249
3.65,0.0013159
3.655,0.0013069
3.66,0.001298
3.665,0.0012892
3.67,0.0012804
3.675,0.0012718
3.68,0.0012631
3.685,0.0012546
3.69,0.0012461
3.695,0.0012377
3.7,0.0012294
3.705,0.0012211
3.71,0.0012129
3.715,0.0012048
3.72,0.0011967
3.725,0.0011887
3.73,0.0011808
3.735,0.0011729
3.74,0.0011651
3.745,0.0011573
3.75,0.0011496
3.755,0.001142
3.76,0.0011344
3.765,0.0011269
3.77,0.0011195
3.775,0.0011121
3.78,0.0011048
3.785,0.0010975
3.79,0.0010903
3.795,0.0010831
3.8,0.001076
3.805,0.001069
3.81,0.001062
3.815,0.001055
3.82,0.0010481
3.825,0.0010413
3.83,0.0010345
3.835,0.0010278
3.84,0.0010211
3.845,0.0010145
3.85,0.001008
3.855,0.0010014
3.86,0.00099497
3.865,0.00098856
3.87,0.00098219
3.875,0.00097587
3.88,0.0009696
3.885,0.00096338
3.89,0.00095721
3.895,0.00095109
3.9,0.00094501
3.905,0.00093898
3.91,0.00093299
3.915,0.00092705
3.92,0.00092116
3.925,0.00091531
3.93,0.0009095
3.935,0.00090374
3.94,0.00089802
3.945,0.00089235
3.95,0.00088672
3.955,0.00088113
3.96,0.00087558
3.965,0.00087008
3.97,0.00086462
3.975,0.00085919
3.98,0.00085381
3.985,0.00084847
3.99,0.00084317
3.995,0.00083791
4,0.00083269
4.005,0.00082751
4.01,0.00082236
4.015,0.00081726
4.02,0.00081219
4.025,0.00080716
4.03,0.00080217
4.035,0.00079721
4.04,0.00079229
4.045,0.00078741
4.05,0.00078256
4.055,0.00077775
4.06,0.00077298
4.065,0.00076823
4.07,0.00076353
4.075,0.00075886
4.08,0.00075422
4.085,0.00074962
4.09,0.00074505
4.095,0.00074051
4.1,0.00073601
4.105,0.00073154
4.11,0.0007271
4.115,0.0007227
4.12,0.00071833
4.125,0.00071399
4.13,0.00070968
4.135,0.0007054
4.14,0.00070115
4.145,0.00069693
4.15,0.00069274
4.155,0.00068859
4.16,0.00068446
4.165,0.00068036
4.17,0.0006763
4.175,0.00067226
4.18,0.00066825
4.185,0.00066427
4.19,0.00066031
4.195,0.00065639
4.2,0.00065249
4.205,0.00064863
4.21,0.00064478
4.215,0.00064097
4.22,0.00063718
4.225,0.00063342
4.23,0.00062969
4.235,0.00062598
4.24,0.0006223
4.245,0.00061865
4.25,0.00061502
4.255,0.00061141
4.26,0.00060783
4.265,0.00060428
4.27,0.00060075
4.275,0.00059725
4.28,0.00059377
4.285,0.00059031
4.29,0.00058688
4.295,0.00058348
4.3,0.00058009
4.305,0.00057673
4.31,0.0005734
4.315,0.00057008
4.32,0.00056679
4.325,0.00056353
4.33,0.00056028
4.335,0.00055706
4.34,0.00055386
4.345,0.00055068
4.35,0.00054752
4.355,0.00054439
4.36,0.00054127
4.365,0.00053818
4.37,0.00053511
4.375,0.00053206
4.38,0.00052903
4.385,0.00052602
4.39,0.00052304
4.395,0.00052007
4.4,0.00051712
4.405,0.00051419
4.41,0.00051129
4.415,0.0005084
4.42,0.00050553
4.425,0.00050268
4.43,0.00049985
4.435,0.00049704
4.44,0.00049425
4.445,0.00049148
4.45,0.00048872
4.455,0.00048599
4.46,0.00048327
4.465,0.00048057
4.47,0.00047789
4.475,0.00047523
4.48,0.00047258
4.485,0.00046995
4.49,0.00046734
4.495,0.00046475
4.5,0.00046217
4.505,0.00045962
4.51,0.00045707
4.515,0.00045455
4.52,0.00045204
4.525,0.00044955
4.53,0.00044708
4.535,0.00044462
4.54,0.00044218
4.545,0.00043975
4.55,0.00043734
4.555,0.00043494
4.56,0.00043257
4.565,0.0004302
4.57,0.00042785
4.575,0.00042552
4.58,0.00042321
4.585,0.0004209
4.59,0.00041862
4.595,0.00041634
4.6,0.00041409
4.605,0.00041184
4.61,0.00040962
4.615,0.0004074
4.62,0.0004052
4.625,0.00040302
4.63,0.00040085
4.635,0.00039869
4.64,0.00039655
4.645,0.00039442
4.65,0.0003923
4.655,0.0003902
4.66,0.00038811
4.665,0.00038604
4.67,0.00038398
4.675,0.00038193
4.68,0.00037989
4.685,0.00037787
4.69,0.00037586
4.695,0.00037386
4.7,0.00037188
4.705,0.00036991
4.71,0.00036795
4.715,0.000366
4.72,0.00036407
4.725,0.00036215
4.73,0.00036024
4.735,0.00035834
4.74,0.00035645
4.745,0.00035458
4.75,0.00035272
4.755,0.00035087
4.76,0.00034903
4.765,0.0003472
4.77,0.00034539
4.775,0.00034358
4.78,0.00034179
4.785,0.00034001
4.79,0.00033824
4.795,0.00033648
4.8,0.00033473
4.805,0.00033299
4.81,0.00033127
4.815,0.00032955
4.82,0.00032784
4.825,0.00032615
4.83,0.00032447
4.835,0.00032279
4.84,0.00032113
4.845,0.00031947
4.85,0.00031783
4.855,0.0003162
4.86,0.00031458
4.865,0.00031296
4.87,0.00031136
4.875,0.00030977
4.88,0.00030818
4.885,0.00030661
4.89,0.00030505
4.895,0.00030349
4.9,0.00030195
4.905,0.00030041
4.91,0.00029888
4.915,0.00029737
4.92,0.00029586
4.925,0.00029436
4.93,0.00029287
4.935,0.00029139
4.94,0.00028992
4.945,0.00028846
4.95,0.000287
4.955,0.00028556
4.96,0.00028412
4.965,0.0002827
4.97,0.00028128
4.975,0.00027987
4.98,0.00027846
4.985,0.00027707
4.99,0.00027569
4.995,0.00027431
5,0.00027294
5.005,0.00027158
5.01,0.00027023
5.015,0.00026888
5.02,0.00026755
5.025,0.00026622
5.03,0.0002649
5.035,0.00026359
5.04,0.00026228
5.045,0.00026098
5.05,0.0002597
5.055,0.00025841
5.06,0.00025714
5.065,0.00025587
5.07,0.00025461
5.075,0.00025336
5.08,0.00025212
5.085,0.00025088
5.09,0.00024965
5.095,0.00024843
5.1,0.00024721
5.105,0.00024601
5.11,0.00024481
5.115,0.00024361
5.12,0.00024242
5.125,0.00024124
5.13,0.00024007
5.135,0.0002389
5.14,0.00023775
5.145,0.00023659
5.15,0.00023545
5.155,0.00023431
5.16,0.00023317
5.165,0.00023205
5.17,0.00023093
5.175,0.00022981
5.18,0.00022871
5.185,0.00022761
5.19,0.00022651
5.195,0.00022543
5.2,0.00022434
5.205,0.00022327
5.21,0.0002222
5.215,0.00022114
5.22,0.00022008
5.225,0.00021903
5.23,0.00021798
5.235,0.00021695
5.24,0.00021591
5.245,0.00021489
5.25,0.00021386
5.255,0.00021285
5.26,0.00021184
5.265,0.00021084
5.27,0.00020984
5.275,0.00020884
5.28,0.00020786
5.285,0.00020688
5.29,0.0002059
5.295,0.00020493
5.3,0.00020397
5.305,0.00020301
5.31,0.00020205
5.315,0.0002011
5.32,0.00020016
5.325,0.00019922
5.33,0.00019829
5.335,0.00019736
5.34,0.00019644
5.345,0.00019552
5.35,0.00019461
5.355,0.00019371
5.36,0.0001928
5.365,0.00019191
5.37,0.00019102
5.375,0.00019013
5.38,0.00018925
5.385,0.00018837
5.39,0.0001875
5.395,0.00018663
5.4,0.00018577
5.405,0.00018491
5.41,0.00018406
5.415,0.00018321
5.42,0.00018237
5.425,0.00018153
5.43,0.00018069
5.435,0.00017986
5.44,0.00017904
5.445,0.00017822
5.45,0.0001774
5.455,0.00017659
5.46,0.00017579
5.465,0.00017498
5.47,0.00017418
5.475,0.00017339
5.48,0.0001726
5.485,0.00017182
5.49,0.00017104
5.495,0.00017026
5.5,0.00016949
5.505,0.00016872
5.51,0.00016795
5.515,0.00016719
5.52,0.00016644
5.525,0.00016569
5.53,0.00016494
5.535,0.0001642
5.54,0.00016346
5.545,0.00016272
5.55,0.00016199
5.555,0.00016126
5.56,0.00016054
5.565,0.00015982
5.57,0.0001591
5.575,0.00015839
5.58,0.00015768
5.585,0.00015698
5.59,0.00015628
5.595,0.00015558
5.6,0.00015489
5.605,0.0001542
5.61,0.00015351
5.615,0.00015283
5.62,0.00015215
5.625,0.00015147
5.63,0.0001508
5.635,0.00015014
5.64,0.00014947
5.645,0.00014881
5.65,0.00014815
5.655,0.0001475
5.66,0.00014685
5.665,0.0001462
5.67,0.00014556
5.675,0.00014492
5.68,0.00014428
5.685,0.00014365
5.69,0.00014302
5.695,0.00014239
5.7,0.00014177
5.705,0.00014115
5.71,0.00014053
5.715,0.00013992
5.72,0.00013931
5.725,0.0001387
5.73,0.0001381
5.735,0.0001375
5.74,0.0001369
5.745,0.0001363
5.75,0.00013571
5.755,0.00013512
5.76,0.00013454
5.765,0.00013396
5.77,0.00013338
5.775,0.0001328
5.78,0.00013223
5.785,0.00013166
5.79,0.00013109
5.795,0.00013052
5.8,0.00012996
5.805,0.0001294
5.81,0.00012885
5.815,0.0001283
5.82,0.00012775
5.825,0.0001272
5.83,0.00012665
5.835,0.00012611
5.84,0.00012557
5.845,0.00012504
5.85,0.0001245
5.855,0.00012397
5.86,0.00012345
5.865,0.00012292
5.87,0.0001224
5.875,0.00012188
5.88,0.00012136
5.885,0.00012085
5.89,0.00012033
5.895,0.00011982
5.9,0.00011932
5.905,0.00011881
5.91,0.00011831
5.915,0.00011781
5.92,0.00011732
5.925,0.00011682
5.93,0.00011633
5.935,0.00011584
5.94,0.00011535
5.945,0.00011487
5.95,0.00011439
5.955,0.00011391
5.96,0.00011343
5.965,0.00011296
5.97,0.00011248
5.975,0.00011201
5.98,0.00011155
5.985,0.00011108
5.99,0.00011062
5.995,0.00011016
6,0.0001097
6.005,0.00010924
6.01,0.00010879
6.015,0.00010834
6.02,0.00010789
6.025,0.00010744
6.03,0.000107
6.035,0.00010656
6.04,0.00010612
6.045,0.00010568
6.05,0.00010524
6.055,0.00010481
6.06,0.00010438
6.065,0.00010395
6.07,0.00010352
6.075,0.00010309
6.08,0.00010267
6.085,0.00010225
6.09,0.00010183
6.095,0.00010141
6.1,0.000101
6.105,0.00010059
6.11,0.00010018
6.115,9.9767e-005
6.12,9.936e-005
6.125,9.8955e-005
6.13,9.8552e-005
6.135,9.8152e-005
6.14,9.7753e-005
6.145,9.7356e-005
6.15,9.696e-005
6.155,9.6567e-005
6.16,9.6176e-005
6.165,9.5787e-005
6.17,9.5399e-005
6.175,9.5014e-005
6.18,9.463e-005
6.185,9.4248e-005
6.19,9.3868e-005
6.195,9.349e-005
6.2,9.3114e-005
6.205,9.2739e-005
6.21,9.2366e-005
6.215,9.1995e-005
6.22,9.1626e-005
6.225,9.1259e-005
6.23,9.0893e-005
6.235,9.053e-005
6.24,9.0167e-005
6.245,8.9807e-005
6.25,8.9448e-005
6.255,8.9092e-005
6.26,8.8736e-005
6.265,8.8383e-005
6.27,8.8031e-005
6.275,8.7681e-005
6.28,8.7332e-005
