0,0
0.005,0
0.01,0
0.015,0
0.02,0
0.025,0
0.03,0
0.035,0
0.04,0
0.045,0
0.05,0
0.055,0
0.06,0
0.065,0
0.07,0
0.075,0
0.08,0
0.085,0
0.09,0
0.095,0
0.1,0
0.105,0
0.11,0
0.115,0
0.12,0
0.125,0
0.13,2.9665e-296
0.135,2.596e-254
0.14,1.7784e-219
0.145,2.3705e-190
0.15,7.4948e-166
0.155,4.0027e-145
0.16,1.7076e-127
0.165,2.0089e-112
0.17,1.7629e-099
0.175,2.5798e-088
0.18,1.2115e-078
0.185,3.1196e-070
0.19,6.8449e-063
0.195,1.8431e-056
0.2,8.2484e-051
0.205,7.9044e-046
0.21,2.0063e-041
0.215,1.6136e-037
0.22,4.7853e-034
0.225,5.9527e-031
0.23,3.4667e-028
0.235,1.0384e-025
0.24,1.7341e-023
0.245,1.7309e-021
0.25,1.0966e-019
0.255,4.6454e-018
0.26,1.3767e-016
0.265,2.9693e-015
0.27,4.8239e-014
0.275,6.0842e-013
0.28,6.1178e-012
0.285,5.0199e-011
0.29,3.4313e-010
0.295,1.9897e-009
0.3,9.9469e-009
0.305,4.3489e-008
0.31,1.6843e-007
0.315,5.8438e-007
0.32,1.8351e-006
0.325,5.2628e-006
0.33,1.3897e-005
0.335,3.4036e-005
0.34,7.7822e-005
0.345,0.00016711
0.35,0.00033879
0.355,0.0006516
0.36,0.0011942
0.365,0.0020935
0.37,0.0035233
0.375,0.0057113
0.38,0.0089432
0.385,0.013564
0.39,0.019976
0.395,0.028628
0.4,0.040007
0.405,0.054622
0.41,0.072982
0.415,0.09558
0.42,0.12287
0.425,0.15525
0.43,0.19304
0.435,0.23647
0.44,0.28568
0.445,0.3407
0.45,0.40145
0.455,0.46776
0.46,0.53937
0.465,0.61595
0.47,0.69709
0.475,0.78238
0.48,0.87139
0.485,0.96373
0.49,1.0591
0.495,1.1572
0.5,1.2582
0.505,1.362
0.51,1.4693
0.515,1.5806
0.52,1.6973
0.525,1.8208
0.53,1.9531
0.535,2.0967
0.54,2.2547
0.545,2.4306
0.55,2.6284
0.555,2.8525
0.56,3.1077
0.565,3.3986
0.57,3.7296
0.575,4.1038
0.58,4.5227
0.585,4.9852
0.59,5.4859
0.595,6.0147
0.6,6.5558
0.605,7.0872
0.61,7.5824
0.615,8.012
0.62,8.3467
0.625,8.5618
0.63,8.6404
0.635,8.6
0.64,8.4714
0.645,8.2619
0.65,7.982
0.655,7.645
0.66,7.2656
0.665,6.8584
0.67,6.4375
0.675,6.0152
0.68,5.602
0.685,5.2057
0.69,4.8321
0.695,4.485
0.7,4.1663
0.705,3.8766
0.71,3.6154
0.715,3.3814
0.72,3.1727
0.725,2.9874
0.73,2.8233
0.735,2.6781
0.74,2.5497
0.745,2.436
0.75,2.3352
0.755,2.2456
0.76,2.1656
0.765,2.0939
0.77,2.0291
0.775,1.9703
0.78,1.9165
0.785,1.8669
0.79,1.8209
0.795,1.7777
0.8,1.737
0.805,1.6984
0.81,1.6615
0.815,1.6261
0.82,1.5918
0.825,1.5587
0.83,1.5264
0.835,1.4949
0.84,1.4642
0.845,1.4342
0.85,1.4047
0.855,1.3759
0.86,1.3476
0.865,1.3198
0.87,1.2926
0.875,1.2658
0.88,1.2396
0.885,1.2139
0.89,1.1886
0.895,1.1638
0.9,1.1396
0.905,1.1157
0.91,1.0924
0.915,1.0695
0.92,1.0471
0.925,1.0251
0.93,1.0036
0.935,0.98256
0.94,0.96193
0.945,0.94173
0.95,0.92196
0.955,0.90261
0.96,0.88367
0.965,0.86513
0.97,0.847
0.975,0.82925
0.98,0.81189
0.985,0.79491
0.99,0.7783
0.995,0.76206
1,0.74617
1.005,0.73063
1.01,0.71544
1.015,0.70059
1.02,0.68606
1.025,0.67186
1.03,0.65797
1.035,0.64439
1.04,0.63112
1.045,0.61814
1.05,0.60545
1.055,0.59305
1.06,0.58092
1.065,0.56907
1.07,0.55748
1.075,0.54615
1.08,0.53508
1.085,0.52425
1.09,0.51367
1.095,0.50332
1.1,0.49321
1.105,0.48332
1.11,0.47365
1.115,0.4642
1.12,0.45496
1.125,0.44592
1.13,0.43709
1.135,0.42845
1.14,0.42001
1.145,0.41175
1.15,0.40368
1.155,0.39578
1.16,0.38806
1.165,0.38051
1.17,0.37313
1.175,0.36591
1.18,0.35884
1.185,0.35194
1.19,0.34518
1.195,0.33857
1.2,0.33211
1.205,0.32579
1.21,0.3196
1.215,0.31355
1.22,0.30763
1.225,0.30184
1.23,0.29617
1.235,0.29063
1.24,0.28521
1.245,0.2799
1.25,0.2747
1.255,0.26962
1.26,0.26464
1.265,0.25977
1.27,0.25501
1.275,0.25034
1.28,0.24577
1.285,0.2413
1.29,0.23693
1.295,0.23264
1.3,0.22845
1.305,0.22434
1.31,0.22032
1.315,0.21638
1.32,0.21253
1.325,0.20875
1.33,0.20505
1.335,0.20143
1.34,0.19788
1.345,0.19441
1.35,0.191
1.355,0.18767
1.36,0.1844
1.365,0.1812
1.37,0.17807
1.375,0.17499
1.38,0.17198
1.385,0.16903
1.39,0.16614
1.395,0.16331
1.4,0.16053
1.405,0.15781
1.41,0.15514
1.415,0.15253
1.42,0.14996
1.425,0.14745
1.43,0.14499
1.435,0.14257
1.44,0.14021
1.445,0.13788
1.45,0.13561
1.455,0.13337
1.46,0.13118
1.465,0.12904
1.47,0.12693
1.475,0.12487
1.48,0.12284
1.485,0.12085
1.49,0.1189
1.495,0.11699
1.5,0.11511
1.505,0.11327
1.51,0.11146
1.515,0.10969
1.52,0.10795
1.525,0.10625
1.53,0.10457
1.535,0.10293
1.54,0.10131
1.545,0.099729
1.55,0.098175
1.555,0.096649
1.56,0.095151
1.565,0.09368
1.57,0.092236
1.575,0.090819
1.58,0.089427
1.585,0.08806
1.59,0.086718
1.595,0.0854
1.6,0.084106
1.605,0.082835
1.61,0.081587
1.615,0.080361
1.62,0.079156
1.625,0.077973
1.63,0.076811
1.635,0.07567
1.64,0.074548
1.645,0.073446
1.65,0.072364
1.655,0.0713
1.66,0.070255
1.665,0.069228
1.67,0.068219
1.675,0.067227
1.68,0.066252
1.685,0.065294
1.69,0.064352
1.695,0.063427
1.7,0.062517
1.705,0.061623
1.71,0.060743
1.715,0.059879
1.72,0.059029
1.725,0.058194
1.73,0.057373
1.735,0.056565
1.74,0.055771
1.745,0.05499
1.75,0.054222
1.755,0.053467
1.76,0.052724
1.765,0.051993
1.77,0.051275
1.775,0.050568
1.78,0.049873
1.785,0.049189
1.79,0.048516
1.795,0.047855
1.8,0.047204
1.805,0.046563
1.81,0.045933
1.815,0.045313
1.82,0.044703
1.825,0.044102
1.83,0.043512
1.835,0.04293
1.84,0.042358
1.845,0.041795
1.85,0.041241
1.855,0.040695
1.86,0.040158
1.865,0.03963
1.87,0.03911
1.875,0.038598
1.88,0.038094
1.885,0.037597
1.89,0.037109
1.895,0.036628
1.9,0.036154
1.905,0.035688
1.91,0.035229
1.915,0.034776
1.92,0.034331
1.925,0.033893
1.93,0.033461
1.935,0.033036
1.94,0.032617
1.945,0.032204
1.95,0.031798
1.955,0.031398
1.96,0.031004
1.965,0.030615
1.97,0.030233
1.975,0.029856
1.98,0.029485
1.985,0.029119
1.99,0.028759
1.995,0.028404
2,0.028054
2.005,0.027709
2.01,0.02737
2.015,0.027035
2.02,0.026705
2.025,0.02638
2.03,0.02606
2.035,0.025744
2.04,0.025433
2.045,0.025127
2.05,0.024824
2.055,0.024527
2.06,0.024233
2.065,0.023943
2.07,0.023658
2.075,0.023377
2.08,0.0231
2.085,0.022826
2.09,0.022557
2.095,0.022291
2.1,0.022029
2.105,0.021771
2.11,0.021516
2.115,0.021265
2.12,0.021017
2.125,0.020773
2.13,0.020532
2.135,0.020295
2.14,0.020061
2.145,0.01983
2.15,0.019602
2.155,0.019377
2.16,0.019156
2.165,0.018937
2.17,0.018721
2.175,0.018509
2.18,0.018299
2.185,0.018092
2.19,0.017888
2.195,0.017686
2.2,0.017488
2.205,0.017291
2.21,0.017098
2.215,0.016907
2.22,0.016719
2.225,0.016533
2.23,0.01635
2.235,0.016169
2.24,0.01599
2.245,0.015814
2.25,0.01564
2.255,0.015469
2.26,0.015299
2.265,0.015132
2.27,0.014967
2.275,0.014804
2.28,0.014644
2.285,0.014485
2.29,0.014329
2.295,0.014174
2.3,0.014022
2.305,0.013871
2.31,0.013722
2.315,0.013576
2.32,0.013431
2.325,0.013288
2.33,0.013147
2.335,0.013007
2.34,0.012869
2.345,0.012734
2.35,0.012599
2.355,0.012467
2.36,0.012336
2.365,0.012207
2.37,0.012079
2.375,0.011953
2.38,0.011829
2.385,0.011706
2.39,0.011585
2.395,0.011465
2.4,0.011346
2.405,0.01123
2.41,0.011114
2.415,0.011
2.42,0.010887
2.425,0.010776
2.43,0.010666
2.435,0.010558
2.44,0.01045
2.445,0.010344
2.45,0.01024
2.455,0.010136
2.46,0.010034
2.465,0.0099333
2.47,0.0098336
2.475,0.0097351
2.48,0.0096377
2.485,0.0095416
2.49,0.0094465
2.495,0.0093526
2.5,0.0092599
2.505,0.0091682
2.51,0.0090776
2.515,0.0089881
2.52,0.0088996
2.525,0.0088122
2.53,0.0087258
2.535,0.0086404
2.54,0.008556
2.545,0.0084726
2.55,0.0083902
2.555,0.0083087
2.56,0.0082282
2.565,0.0081486
2.57,0.0080699
2.575,0.0079921
2.58,0.0079153
2.585,0.0078393
2.59,0.0077642
2.595,0.0076899
2.6,0.0076165
2.605,0.007544
2.61,0.0074722
2.615,0.0074013
2.62,0.0073312
2.625,0.0072619
2.63,0.0071933
2.635,0.0071255
2.64,0.0070585
2.645,0.0069923
2.65,0.0069268
2.655,0.006862
2.66,0.006798
2.665,0.0067346
2.67,0.006672
2.675,0.0066101
2.68,0.0065488
2.685,0.0064883
2.69,0.0064284
2.695,0.0063691
2.7,0.0063106
2.705,0.0062526
2.71,0.0061953
2.715,0.0061386
2.72,0.0060826
2.725,0.0060271
2.73,0.0059723
2.735,0.0059181
2.74,0.0058644
2.745,0.0058114
2.75,0.0057589
2.755,0.0057069
2.76,0.0056556
2.765,0.0056048
2.77,0.0055545
2.775,0.0055048
2.78,0.0054556
2.785,0.0054069
2.79,0.0053587
2.795,0.0053111
2.8,0.005264
2.805,0.0052173
2.81,0.0051712
2.815,0.0051256
2.82,0.0050804
2.825,0.0050357
2.83,0.0049915
2.835,0.0049477
2.84,0.0049044
2.845,0.0048616
2.85,0.0048192
2.855,0.0047773
2.86,0.0047357
2.865,0.0046947
2.87,0.004654
2.875,0.0046138
2.88,0.0045739
2.885,0.0045345
2.89,0.0044955
2.895,0.0044569
2.9,0.0044187
2.905,0.0043809
2.91,0.0043435
2.915,0.0043064
2.92,0.0042698
2.925,0.0042335
2.93,0.0041976
2.935,0.004162
2.94,0.0041268
2.945,0.004092
2.95,0.0040575
2.955,0.0040233
2.96,0.0039895
2.965,0.0039561
2.97,0.003923
2.975,0.0038902
2.98,0.0038577
2.985,0.0038256
2.99,0.0037938
2.995,0.0037623
3,0.0037311
3.005,0.0037002
3.01,0.0036696
3.015,0.0036394
3.02,0.0036094
3.025,0.0035797
3.03,0.0035503
3.035,0.0035212
3.04,0.0034924
3.045,0.0034639
3.05,0.0034356
3.055,0.0034077
3.06,0.00338
3.065,0.0033525
3.07,0.0033254
3.075,0.0032985
3.08,0.0032718
3.085,0.0032455
3.09,0.0032193
3.095,0.0031935
3.1,0.0031678
3.105,0.0031424
3.11,0.0031173
3.115,0.0030924
3.12,0.0030678
3.125,0.0030433
3.13,0.0030191
3.135,0.0029952
3.14,0.0029715
3.145,0.0029479
3.15,0.0029247
3.155,0.0029016
3.16,0.0028787
3.165,0.0028561
3.17,0.0028337
3.175,0.0028115
3.18,0.0027895
3.185,0.0027677
3.19,0.0027461
3.195,0.0027247
3.2,0.0027035
3.205,0.0026825
3.21,0.0026617
3.215,0.0026411
3.22,0.0026207
3.225,0.0026005
3.23,0.0025805
3.235,0.0025606
3.24,0.0025409
3.245,0.0025215
3.25,0.0025021
3.255,0.002483
3.26,0.0024641
3.265,0.0024453
3.27,0.0024267
3.275,0.0024082
3.28,0.0023899
3.285,0.0023718
3.29,0.0023539
3.295,0.0023361
3.3,0.0023185
3.305,0.002301
3.31,0.0022837
3.315,0.0022666
3.32,0.0022496
3.325,0.0022327
3.33,0.0022161
3.335,0.0021995
3.34,0.0021831
3.345,0.0021669
3.35,0.0021508
3.355,0.0021348
3.36,0.002119
3.365,0.0021033
3.37,0.0020878
3.375,0.0020724
3.38,0.0020571
3.385,0.002042
3.39,0.002027
3.395,0.0020121
3.4,0.0019974
3.405,0.0019828
3.41,0.0019683
3.415,0.001954
3.42,0.0019397
3.425,0.0019256
3.43,0.0019117
3.435,0.0018978
3.44,0.0018841
3.445,0.0018704
3.45,0.0018569
3.455,0.0018436
3.46,0.0018303
3.465,0.0018171
3.47,0.0018041
3.475,0.0017912
3.48,0.0017784
3.485,0.0017656
3.49,0.001753
3.495,0.0017406
3.5,0.0017282
3.505,0.0017159
3.51,0.0017037
3.515,0.0016916
3.52,0.0016797
3.525,0.0016678
3.53,0.001656
3.535,0.0016444
3.54,0.0016328
3.545,0.0016213
3.55,0.00161
3.555,0.0015987
3.56,0.0015875
3.565,0.0015764
3.57,0.0015654
3.575,0.0015545
3.58,0.0015437
3.585,0.001533
3.59,0.0015223
3.595,0.0015118
3.6,0.0015013
3.605,0.001491
3.61,0.0014807
3.615,0.0014705
3.62,0.0014603
3.625,0.0014503
3.63,0.0014404
3.635,0.0014305
3.64,0.0014207
3.645,0.001411
3.65,0.0014014
3.655,0.0013918
3.66,0.0013823
3.665,0.0013729
3.67,0.0013636
3.675,0.0013544
3.68,0.0013452
3.685,0.0013361
3.69,0.0013271
3.695,0.0013182
3.7,0.0013093
3.705,0.0013005
3.71,0.0012917
3.715,0.0012831
3.72,0.0012745
3.725,0.001266
3.73,0.0012575
3.735,0.0012491
3.74,0.0012408
3.745,0.0012325
3.75,0.0012244
3.755,0.0012162
3.76,0.0012082
3.765,0.0012002
3.77,0.0011922
3.775,0.0011844
3.78,0.0011766
3.785,0.0011688
3.79,0.0011611
3.795,0.0011535
3.8,0.001146
3.805,0.0011385
3.81,0.001131
3.815,0.0011236
3.82,0.0011163
3.825,0.001109
3.83,0.0011018
3.835,0.0010946
3.84,0.0010875
3.845,0.0010805
3.85,0.0010735
3.855,0.0010666
3.86,0.0010597
3.865,0.0010529
3.87,0.0010461
3.875,0.0010393
3.88,0.0010327
3.885,0.001026
3.89,0.0010195
3.895,0.001013
3.9,0.0010065
3.905,0.0010001
3.91,0.00099368
3.915,0.00098736
3.92,0.00098108
3.925,0.00097485
3.93,0.00096867
3.935,0.00096254
3.94,0.00095645
3.945,0.00095041
3.95,0.00094441
3.955,0.00093846
3.96,0.00093255
3.965,0.00092669
3.97,0.00092087
3.975,0.0009151
3.98,0.00090937
3.985,0.00090368
3.99,0.00089804
3.995,0.00089244
4,0.00088688
4.005,0.00088136
4.01,0.00087588
4.015,0.00087044
4.02,0.00086505
4.025,0.00085969
4.03,0.00085437
4.035,0.0008491
4.04,0.00084386
4.045,0.00083866
4.05,0.0008335
4.055,0.00082837
4.06,0.00082329
4.065,0.00081824
4.07,0.00081323
4.075,0.00080826
4.08,0.00080332
4.085,0.00079842
4.09,0.00079355
4.095,0.00078872
4.1,0.00078393
4.105,0.00077917
4.11,0.00077444
4.115,0.00076975
4.12,0.00076509
4.125,0.00076047
4.13,0.00075588
4.135,0.00075132
4.14,0.0007468
4.145,0.00074231
4.15,0.00073785
4.155,0.00073342
4.16,0.00072903
4.165,0.00072467
4.17,0.00072033
4.175,0.00071603
4.18,0.00071176
4.185,0.00070752
4.19,0.00070331
4.195,0.00069914
4.2,0.00069499
4.205,0.00069087
4.21,0.00068678
4.215,0.00068271
4.22,0.00067868
4.225,0.00067468
4.23,0.0006707
4.235,0.00066675
4.24,0.00066283
4.245,0.00065894
4.25,0.00065507
4.255,0.00065124
4.26,0.00064743
4.265,0.00064364
4.27,0.00063988
4.275,0.00063615
4.28,0.00063245
4.285,0.00062877
4.29,0.00062511
4.295,0.00062148
4.3,0.00061788
4.305,0.0006143
4.31,0.00061075
4.315,0.00060722
4.32,0.00060372
4.325,0.00060024
4.33,0.00059678
4.335,0.00059335
4.34,0.00058994
4.345,0.00058655
4.35,0.00058319
4.355,0.00057985
4.36,0.00057654
4.365,0.00057325
4.37,0.00056998
4.375,0.00056673
4.38,0.0005635
4.385,0.0005603
4.39,0.00055711
4.395,0.00055395
4.4,0.00055082
4.405,0.0005477
4.41,0.0005446
4.415,0.00054153
4.42,0.00053847
4.425,0.00053544
4.43,0.00053242
4.435,0.00052943
4.44,0.00052646
4.445,0.0005235
4.45,0.00052057
4.455,0.00051766
4.46,0.00051476
4.465,0.00051189
4.47,0.00050903
4.475,0.0005062
4.48,0.00050338
4.485,0.00050058
4.49,0.0004978
4.495,0.00049504
4.5,0.0004923
4.505,0.00048957
4.51,0.00048686
4.515,0.00048418
4.52,0.0004815
4.525,0.00047885
4.53,0.00047622
4.535,0.0004736
4.54,0.000471
4.545,0.00046841
4.55,0.00046584
4.555,0.00046329
4.56,0.00046076
4.565,0.00045824
4.57,0.00045574
4.575,0.00045326
4.58,0.00045079
4.585,0.00044834
4.59,0.0004459
4.595,0.00044348
4.6,0.00044108
4.605,0.00043869
4.61,0.00043632
4.615,0.00043396
4.62,0.00043162
4.625,0.00042929
4.63,0.00042698
4.635,0.00042468
4.64,0.0004224
4.645,0.00042013
4.65,0.00041788
4.655,0.00041564
4.66,0.00041342
4.665,0.00041121
4.67,0.00040901
4.675,0.00040683
4.68,0.00040466
4.685,0.00040251
4.69,0.00040037
4.695,0.00039824
4.7,0.00039613
4.705,0.00039403
4.71,0.00039194
4.715,0.00038987
4.72,0.00038781
4.725,0.00038576
4.73,0.00038373
4.735,0.0003817
4.74,0.0003797
4.745,0.0003777
4.75,0.00037572
4.755,0.00037375
4.76,0.00037179
4.765,0.00036984
4.77,0.00036791
4.775,0.00036599
4.78,0.00036408
4.785,0.00036218
4.79,0.00036029
4.795,0.00035842
4.8,0.00035656
4.805,0.00035471
4.81,0.00035287
4.815,0.00035104
4.82,0.00034922
4.825,0.00034742
4.83,0.00034562
4.835,0.00034384
4.84,0.00034207
4.845,0.00034031
4.85,0.00033856
4.855,0.00033682
4.86,0.00033509
4.865,0.00033337
4.87,0.00033167
4.875,0.00032997
4.88,0.00032828
4.885,0.00032661
4.89,0.00032494
4.895,0.00032328
4.9,0.00032164
4.905,0.00032
4.91,0.00031838
4.915,0.00031676
4.92,0.00031516
4.925,0.00031356
4.93,0.00031197
4.935,0.0003104
4.94,0.00030883
4.945,0.00030727
4.95,0.00030572
4.955,0.00030418
4.96,0.00030266
4.965,0.00030113
4.97,0.00029962
4.975,0.00029812
4.98,0.00029663
4.985,0.00029514
4.99,0.00029367
4.995,0.0002922
5,0.00029074
5.005,0.0002893
5.01,0.00028785
5.015,0.00028642
5.02,0.000285
5.025,0.00028358
5.03,0.00028218
5.035,0.00028078
5.04,0.00027939
5.045,0.00027801
5.05,0.00027664
5.055,0.00027527
5.06,0.00027391
5.065,0.00027257
5.07,0.00027122
5.075,0.00026989
5.08,0.00026857
5.085,0.00026725
5.09,0.00026594
5.095,0.00026464
5.1,0.00026334
5.105,0.00026206
5.11,0.00026078
5.115,0.0002595
5.12,0.00025824
5.125,0.00025698
5.13,0.00025573
5.135,0.00025449
5.14,0.00025326
5.145,0.00025203
5.15,0.00025081
5.155,0.00024959
5.16,0.00024839
5.165,0.00024719
5.17,0.00024599
5.175,0.00024481
5.18,0.00024363
5.185,0.00024246
5.19,0.00024129
5.195,0.00024013
5.2,0.00023898
5.205,0.00023784
5.21,0.0002367
5.215,0.00023556
5.22,0.00023444
5.225,0.00023332
5.23,0.00023221
5.235,0.0002311
5.24,0.00023
5.245,0.00022891
5.25,0.00022782
5.255,0.00022674
5.26,0.00022566
5.265,0.00022459
5.27,0.00022353
5.275,0.00022247
5.28,0.00022142
5.285,0.00022038
5.29,0.00021934
5.295,0.0002183
5.3,0.00021728
5.305,0.00021625
5.31,0.00021524
5.315,0.00021423
5.32,0.00021322
5.325,0.00021222
5.33,0.00021123
5.335,0.00021024
5.34,0.00020926
5.345,0.00020828
5.35,0.00020731
5.355,0.00020635
5.36,0.00020539
5.365,0.00020443
5.37,0.00020348
5.375,0.00020254
5.38,0.0002016
5.385,0.00020066
5.39,0.00019973
5.395,0.00019881
5.4,0.00019789
5.405,0.00019698
5.41,0.00019607
5.415,0.00019517
5.42,0.00019427
5.425,0.00019337
5.43,0.00019249
5.435,0.0001916
5.44,0.00019072
5.445,0.00018985
5.45,0.00018898
5.455,0.00018812
5.46,0.00018726
5.465,0.0001864
5.47,0.00018555
5.475,0.00018471
5.48,0.00018387
5.485,0.00018303
5.49,0.0001822
5.495,0.00018137
5.5,0.00018055
5.505,0.00017973
5.51,0.00017892
5.515,0.00017811
5.52,0.0001773
5.525,0.0001765
5.53,0.0001757
5.535,0.00017491
5.54,0.00017412
5.545,0.00017334
5.55,0.00017256
5.555,0.00017179
5.56,0.00017102
5.565,0.00017025
5.57,0.00016949
5.575,0.00016873
5.58,0.00016797
5.585,0.00016722
5.59,0.00016648
5.595,0.00016573
5.6,0.00016499
5.605,0.00016426
5.61,0.00016353
5.615,0.0001628
5.62,0.00016208
5.625,0.00016136
5.63,0.00016065
5.635,0.00015993
5.64,0.00015923
5.645,0.00015852
5.65,0.00015782
5.655,0.00015713
5.66,0.00015643
5.665,0.00015575
5.67,0.00015506
5.675,0.00015438
5.68,0.0001537
5.685,0.00015303
5.69,0.00015235
5.695,0.00015169
5.7,0.00015102
5.705,0.00015036
5.71,0.00014971
5.715,0.00014905
5.72,0.0001484
5.725,0.00014775
5.73,0.00014711
5.735,0.00014647
5.74,0.00014583
5.745,0.0001452
5.75,0.00014457
5.755,0.00014394
5.76,0.00014332
5.765,0.0001427
5.77,0.00014208
5.775,0.00014147
5.78,0.00014086
5.785,0.00014025
5.79,0.00013965
5.795,0.00013904
5.8,0.00013845
5.805,0.00013785
5.81,0.00013726
5.815,0.00013667
5.82,0.00013608
5.825,0.0001355
5.83,0.00013492
5.835,0.00013434
5.84,0.00013377
5.845,0.0001332
5.85,0.00013263
5.855,0.00013207
5.86,0.0001315
5.865,0.00013094
5.87,0.00013039
5.875,0.00012983
5.88,0.00012928
5.885,0.00012873
5.89,0.00012819
5.895,0.00012765
5.9,0.00012711
5.905,0.00012657
5.91,0.00012603
5.915,0.0001255
5.92,0.00012497
5.925,0.00012445
5.93,0.00012392
5.935,0.0001234
5.94,0.00012288
5.945,0.00012237
5.95,0.00012186
5.955,0.00012134
5.96,0.00012084
5.965,0.00012033
5.97,0.00011983
5.975,0.00011933
5.98,0.00011883
5.985,0.00011833
5.99,0.00011784
5.995,0.00011735
6,0.00011686
6.005,0.00011638
6.01,0.00011589
6.015,0.00011541
6.02,0.00011493
6.025,0.00011446
6.03,0.00011398
6.035,0.00011351
6.04,0.00011304
6.045,0.00011258
6.05,0.00011211
6.055,0.00011165
6.06,0.00011119
6.065,0.00011073
6.07,0.00011028
6.075,0.00010983
6.08,0.00010937
6.085,0.00010893
6.09,0.00010848
6.095,0.00010804
6.1,0.00010759
6.105,0.00010715
6.11,0.00010672
6.115,0.00010628
6.12,0.00010585
6.125,0.00010542
6.13,0.00010499
6.135,0.00010456
6.14,0.00010413
6.145,0.00010371
6.15,0.00010329
6.155,0.00010287
6.16,0.00010246
6.165,0.00010204
6.17,0.00010163
6.175,0.00010122
6.18,0.00010081
6.185,0.0001004
6.19,9.9997e-005
6.195,9.9594e-005
6.2,9.9193e-005
6.205,9.8794e-005
6.21,9.8397e-005
6.215,9.8002e-005
6.22,9.7609e-005
6.225,9.7217e-005
6.23,9.6828e-005
6.235,9.644e-005
6.24,9.6055e-005
6.245,9.5671e-005
6.25,9.5289e-005
6.255,9.4909e-005
6.26,9.453e-005
6.265,9.4154e-005
6.27,9.3779e-005
6.275,9.3406e-005
6.28,9.3035e-005
