0,0
0.005,0
0.01,0
0.015,0
0.02,0
0.025,0
0.03,0
0.035,0
0.04,0
0.045,0
0.05,0
0.055,0
0.06,0
0.065,0
0.07,0
0.075,0
0.08,0
0.085,0
0.09,0
0.095,0
0.1,0
0.105,0
0.11,0
0.115,0
0.12,0
0.125,0
0.13,0
0.135,3.7549e-294
0.14,6.5569e-254
0.145,2.905e-220
0.15,5.8635e-192
0.155,5.2041e-168
0.16,1.2217e-147
0.165,3.1732e-130
0.17,2.8775e-115
0.175,2.3069e-102
0.18,3.4822e-091
0.185,1.8374e-081
0.19,5.639e-073
0.195,1.5339e-065
0.2,5.2498e-059
0.205,3.029e-053
0.21,3.7666e-048
0.215,1.2416e-043
0.22,1.2926e-039
0.225,4.9324e-036
0.23,7.8312e-033
0.235,5.7671e-030
0.24,2.1624e-027
0.245,4.4734e-025
0.25,5.4727e-023
0.255,4.205e-021
0.26,2.1381e-019
0.265,7.5294e-018
0.27,1.911e-016
0.275,3.62e-015
0.28,5.2767e-014
0.285,6.0808e-013
0.29,5.6732e-012
0.295,4.3763e-011
0.3,2.8437e-010
0.305,1.5825e-009
0.31,7.654e-009
0.315,3.26e-008
0.32,1.2371e-007
0.325,4.2272e-007
0.33,1.3128e-006
0.335,3.7367e-006
0.34,9.8233e-006
0.345,2.4013e-005
0.35,5.4922e-005
0.355,0.00011818
0.36,0.00024048
0.365,0.0004648
0.37,0.00085693
0.375,0.0015126
0.38,0.002565
0.385,0.0041918
0.39,0.0066202
0.395,0.010131
0.4,0.015057
0.405,0.021781
0.41,0.030728
0.415,0.042354
0.42,0.057134
0.425,0.07554
0.43,0.098033
0.435,0.12503
0.44,0.15692
0.445,0.19399
0.45,0.23647
0.455,0.28452
0.46,0.33817
0.465,0.39737
0.47,0.462
0.475,0.53183
0.48,0.60657
0.485,0.68588
0.49,0.76935
0.495,0.85661
0.5,0.94726
0.505,1.041
0.51,1.1375
0.515,1.2366
0.52,1.3385
0.525,1.4433
0.53,1.5516
0.535,1.6641
0.54,1.7819
0.545,1.9067
0.55,2.0403
0.555,2.1851
0.56,2.344
0.565,2.5203
0.57,2.7177
0.575,2.9405
0.58,3.1928
0.585,3.4792
0.59,3.8037
0.595,4.1694
0.6,4.5783
0.605,5.0297
0.61,5.5199
0.615,6.0408
0.62,6.5796
0.625,7.1178
0.63,7.6324
0.635,8.0967
0.64,8.483
0.645,8.7657
0.65,8.9247
0.655,8.951
0.66,8.879
0.665,8.724
0.67,8.4935
0.675,8.1984
0.68,7.8512
0.685,7.4659
0.69,7.056
0.695,6.6345
0.7,6.2126
0.705,5.7998
0.71,5.4035
0.715,5.0291
0.72,4.68
0.725,4.3583
0.73,4.0645
0.735,3.7983
0.74,3.5586
0.745,3.3438
0.75,3.1521
0.755,2.9815
0.76,2.8298
0.765,2.6951
0.77,2.5754
0.775,2.4689
0.78,2.374
0.785,2.2891
0.79,2.2128
0.795,2.144
0.8,2.0815
0.805,2.0245
0.81,1.972
0.815,1.9234
0.82,1.878
0.825,1.8354
0.83,1.795
0.835,1.7566
0.84,1.7198
0.845,1.6844
0.85,1.6502
0.855,1.617
0.86,1.5847
0.865,1.5532
0.87,1.5224
0.875,1.4922
0.88,1.4627
0.885,1.4337
0.89,1.4052
0.895,1.3773
0.9,1.3499
0.905,1.323
0.91,1.2965
0.915,1.2706
0.92,1.2451
0.925,1.2201
0.93,1.1955
0.935,1.1714
0.94,1.1478
0.945,1.1246
0.95,1.1019
0.955,1.0796
0.96,1.0578
0.965,1.0363
0.97,1.0153
0.975,0.99477
0.98,0.97461
0.985,0.95487
0.99,0.93552
0.995,0.91658
1,0.89802
1.005,0.87986
1.01,0.86207
1.015,0.84465
1.02,0.8276
1.025,0.81091
1.03,0.79457
1.035,0.77858
1.04,0.76293
1.045,0.74761
1.05,0.73262
1.055,0.71795
1.06,0.7036
1.065,0.68955
1.07,0.67581
1.075,0.66236
1.08,0.6492
1.085,0.63633
1.09,0.62373
1.095,0.61141
1.1,0.59935
1.105,0.58755
1.11,0.57601
1.115,0.56472
1.12,0.55367
1.125,0.54286
1.13,0.53229
1.135,0.52194
1.14,0.51182
1.145,0.50191
1.15,0.49222
1.155,0.48274
1.16,0.47346
1.165,0.46439
1.17,0.4555
1.175,0.44681
1.18,0.43831
1.185,0.42998
1.19,0.42184
1.195,0.41387
1.2,0.40607
1.205,0.39843
1.21,0.39096
1.215,0.38365
1.22,0.37649
1.225,0.36949
1.23,0.36263
1.235,0.35592
1.24,0.34935
1.245,0.34292
1.25,0.33662
1.255,0.33046
1.26,0.32442
1.265,0.31851
1.27,0.31273
1.275,0.30706
1.28,0.30152
1.285,0.29608
1.29,0.29076
1.295,0.28555
1.3,0.28045
1.305,0.27545
1.31,0.27056
1.315,0.26577
1.32,0.26107
1.325,0.25647
1.33,0.25196
1.335,0.24755
1.34,0.24322
1.345,0.23899
1.35,0.23483
1.355,0.23076
1.36,0.22678
1.365,0.22287
1.37,0.21904
1.375,0.21529
1.38,0.21161
1.385,0.20801
1.39,0.20447
1.395,0.20101
1.4,0.19762
1.405,0.19429
1.41,0.19102
1.415,0.18782
1.42,0.18469
1.425,0.18161
1.43,0.1786
1.435,0.17564
1.44,0.17274
1.445,0.1699
1.45,0.16711
1.455,0.16437
1.46,0.16169
1.465,0.15905
1.47,0.15647
1.475,0.15394
1.48,0.15146
1.485,0.14902
1.49,0.14663
1.495,0.14428
1.5,0.14198
1.505,0.13972
1.51,0.1375
1.515,0.13532
1.52,0.13319
1.525,0.13109
1.53,0.12903
1.535,0.12701
1.54,0.12503
1.545,0.12309
1.55,0.12118
1.555,0.1193
1.56,0.11746
1.565,0.11565
1.57,0.11388
1.575,0.11213
1.58,0.11042
1.585,0.10874
1.59,0.10709
1.595,0.10547
1.6,0.10388
1.605,0.10231
1.61,0.10078
1.615,0.099267
1.62,0.097785
1.625,0.096329
1.63,0.094899
1.635,0.093493
1.64,0.092112
1.645,0.090755
1.65,0.089422
1.655,0.088112
1.66,0.086825
1.665,0.085559
1.67,0.084316
1.675,0.083094
1.68,0.081893
1.685,0.080712
1.69,0.079552
1.695,0.078411
1.7,0.07729
1.705,0.076187
1.71,0.075104
1.715,0.074038
1.72,0.07299
1.725,0.07196
1.73,0.070947
1.735,0.069951
1.74,0.068972
1.745,0.068009
1.75,0.067062
1.755,0.06613
1.76,0.065214
1.765,0.064312
1.77,0.063426
1.775,0.062554
1.78,0.061696
1.785,0.060852
1.79,0.060022
1.795,0.059205
1.8,0.058402
1.805,0.057611
1.81,0.056833
1.815,0.056068
1.82,0.055314
1.825,0.054573
1.83,0.053844
1.835,0.053126
1.84,0.052419
1.845,0.051724
1.85,0.05104
1.855,0.050366
1.86,0.049703
1.865,0.04905
1.87,0.048408
1.875,0.047775
1.88,0.047152
1.885,0.046539
1.89,0.045936
1.895,0.045341
1.9,0.044756
1.905,0.04418
1.91,0.043613
1.915,0.043054
1.92,0.042504
1.925,0.041962
1.93,0.041428
1.935,0.040903
1.94,0.040385
1.945,0.039875
1.95,0.039373
1.955,0.038878
1.96,0.038391
1.965,0.037911
1.97,0.037438
1.975,0.036972
1.98,0.036513
1.985,0.036061
1.99,0.035615
1.995,0.035176
2,0.034744
2.005,0.034318
2.01,0.033898
2.015,0.033484
2.02,0.033076
2.025,0.032674
2.03,0.032278
2.035,0.031888
2.04,0.031503
2.045,0.031123
2.05,0.03075
2.055,0.030381
2.06,0.030018
2.065,0.02966
2.07,0.029307
2.075,0.028959
2.08,0.028616
2.085,0.028278
2.09,0.027944
2.095,0.027616
2.1,0.027292
2.105,0.026972
2.11,0.026657
2.115,0.026346
2.12,0.02604
2.125,0.025737
2.13,0.025439
2.135,0.025146
2.14,0.024856
2.145,0.02457
2.15,0.024288
2.155,0.02401
2.16,0.023735
2.165,0.023465
2.17,0.023198
2.175,0.022935
2.18,0.022675
2.185,0.022419
2.19,0.022166
2.195,0.021917
2.2,0.021671
2.205,0.021428
2.21,0.021189
2.215,0.020952
2.22,0.020719
2.225,0.020489
2.23,0.020262
2.235,0.020038
2.24,0.019817
2.245,0.019599
2.25,0.019384
2.255,0.019171
2.26,0.018962
2.265,0.018755
2.27,0.018551
2.275,0.018349
2.28,0.01815
2.285,0.017954
2.29,0.01776
2.295,0.017568
2.3,0.017379
2.305,0.017193
2.31,0.017009
2.315,0.016827
2.32,0.016648
2.325,0.016471
2.33,0.016296
2.335,0.016123
2.34,0.015953
2.345,0.015784
2.35,0.015618
2.355,0.015454
2.36,0.015292
2.365,0.015132
2.37,0.014974
2.375,0.014818
2.38,0.014664
2.385,0.014511
2.39,0.014361
2.395,0.014213
2.4,0.014066
2.405,0.013921
2.41,0.013778
2.415,0.013637
2.42,0.013497
2.425,0.01336
2.43,0.013223
2.435,0.013089
2.44,0.012956
2.445,0.012825
2.45,0.012695
2.455,0.012567
2.46,0.01244
2.465,0.012315
2.47,0.012192
2.475,0.01207
2.48,0.011949
2.485,0.01183
2.49,0.011712
2.495,0.011596
2.5,0.011481
2.505,0.011367
2.51,0.011255
2.515,0.011144
2.52,0.011035
2.525,0.010926
2.53,0.010819
2.535,0.010713
2.54,0.010609
2.545,0.010505
2.55,0.010403
2.555,0.010302
2.56,0.010203
2.565,0.010104
2.57,0.010006
2.575,0.00991
2.58,0.0098148
2.585,0.0097206
2.59,0.0096275
2.595,0.0095355
2.6,0.0094445
2.605,0.0093546
2.61,0.0092657
2.615,0.0091778
2.62,0.0090909
2.625,0.0090049
2.63,0.00892
2.635,0.008836
2.64,0.008753
2.645,0.0086708
2.65,0.0085897
2.655,0.0085094
2.66,0.00843
2.665,0.0083515
2.67,0.0082739
2.675,0.0081971
2.68,0.0081212
2.685,0.0080461
2.69,0.0079719
2.695,0.0078985
2.7,0.0078258
2.705,0.007754
2.71,0.007683
2.715,0.0076127
2.72,0.0075433
2.725,0.0074745
2.73,0.0074066
2.735,0.0073393
2.74,0.0072728
2.745,0.007207
2.75,0.007142
2.755,0.0070776
2.76,0.0070139
2.765,0.0069509
2.77,0.0068886
2.775,0.006827
2.78,0.006766
2.785,0.0067056
2.79,0.006646
2.795,0.0065869
2.8,0.0065285
2.805,0.0064707
2.81,0.0064135
2.815,0.0063569
2.82,0.0063009
2.825,0.0062455
2.83,0.0061907
2.835,0.0061364
2.84,0.0060827
2.845,0.0060296
2.85,0.0059771
2.855,0.005925
2.86,0.0058736
2.865,0.0058226
2.87,0.0057722
2.875,0.0057223
2.88,0.005673
2.885,0.0056241
2.89,0.0055758
2.895,0.0055279
2.9,0.0054805
2.905,0.0054336
2.91,0.0053872
2.915,0.0053413
2.92,0.0052959
2.925,0.0052509
2.93,0.0052063
2.935,0.0051622
2.94,0.0051186
2.945,0.0050754
2.95,0.0050326
2.955,0.0049903
2.96,0.0049484
2.965,0.0049069
2.97,0.0048658
2.975,0.0048252
2.98,0.0047849
2.985,0.0047451
2.99,0.0047056
2.995,0.0046666
3,0.0046279
3.005,0.0045896
3.01,0.0045517
3.015,0.0045142
3.02,0.004477
3.025,0.0044402
3.03,0.0044038
3.035,0.0043677
3.04,0.004332
3.045,0.0042966
3.05,0.0042616
3.055,0.0042269
3.06,0.0041925
3.065,0.0041585
3.07,0.0041248
3.075,0.0040915
3.08,0.0040584
3.085,0.0040257
3.09,0.0039933
3.095,0.0039612
3.1,0.0039294
3.105,0.003898
3.11,0.0038668
3.115,0.0038359
3.12,0.0038053
3.125,0.0037751
3.13,0.0037451
3.135,0.0037153
3.14,0.0036859
3.145,0.0036568
3.15,0.0036279
3.155,0.0035993
3.16,0.0035709
3.165,0.0035429
3.17,0.0035151
3.175,0.0034875
3.18,0.0034603
3.185,0.0034332
3.19,0.0034065
3.195,0.0033799
3.2,0.0033536
3.205,0.0033276
3.21,0.0033018
3.215,0.0032763
3.22,0.003251
3.225,0.0032259
3.23,0.003201
3.235,0.0031764
3.24,0.003152
3.245,0.0031278
3.25,0.0031039
3.255,0.0030802
3.26,0.0030567
3.265,0.0030334
3.27,0.0030103
3.275,0.0029874
3.28,0.0029647
3.285,0.0029423
3.29,0.00292
3.295,0.002898
3.3,0.0028761
3.305,0.0028545
3.31,0.002833
3.315,0.0028117
3.32,0.0027907
3.325,0.0027698
3.33,0.0027491
3.335,0.0027286
3.34,0.0027082
3.345,0.0026881
3.35,0.0026681
3.355,0.0026483
3.36,0.0026287
3.365,0.0026092
3.37,0.00259
3.375,0.0025709
3.38,0.0025519
3.385,0.0025332
3.39,0.0025146
3.395,0.0024961
3.4,0.0024779
3.405,0.0024597
3.41,0.0024418
3.415,0.002424
3.42,0.0024063
3.425,0.0023889
3.43,0.0023715
3.435,0.0023543
3.44,0.0023373
3.445,0.0023204
3.45,0.0023037
3.455,0.0022871
3.46,0.0022706
3.465,0.0022543
3.47,0.0022381
3.475,0.0022221
3.48,0.0022062
3.485,0.0021904
3.49,0.0021748
3.495,0.0021593
3.5,0.0021439
3.505,0.0021287
3.51,0.0021136
3.515,0.0020986
3.52,0.0020838
3.525,0.0020691
3.53,0.0020545
3.535,0.00204
3.54,0.0020257
3.545,0.0020114
3.55,0.0019973
3.555,0.0019833
3.56,0.0019695
3.565,0.0019557
3.57,0.0019421
3.575,0.0019285
3.58,0.0019151
3.585,0.0019018
3.59,0.0018886
3.595,0.0018755
3.6,0.0018626
3.605,0.0018497
3.61,0.0018369
3.615,0.0018243
3.62,0.0018117
3.625,0.0017993
3.63,0.0017869
3.635,0.0017747
3.64,0.0017625
3.645,0.0017505
3.65,0.0017386
3.655,0.0017267
3.66,0.001715
3.665,0.0017033
3.67,0.0016917
3.675,0.0016803
3.68,0.0016689
3.685,0.0016576
3.69,0.0016464
3.695,0.0016353
3.7,0.0016243
3.705,0.0016134
3.71,0.0016026
3.715,0.0015918
3.72,0.0015812
3.725,0.0015706
3.73,0.0015601
3.735,0.0015497
3.74,0.0015394
3.745,0.0015291
3.75,0.001519
3.755,0.0015089
3.76,0.0014989
3.765,0.001489
3.77,0.0014792
3.775,0.0014694
3.78,0.0014597
3.785,0.0014501
3.79,0.0014406
3.795,0.0014311
3.8,0.0014217
3.805,0.0014124
3.81,0.0014032
3.815,0.001394
3.82,0.0013849
3.825,0.0013759
3.83,0.001367
3.835,0.0013581
3.84,0.0013493
3.845,0.0013405
3.85,0.0013319
3.855,0.0013232
3.86,0.0013147
3.865,0.0013062
3.87,0.0012978
3.875,0.0012895
3.88,0.0012812
3.885,0.001273
3.89,0.0012648
3.895,0.0012567
3.9,0.0012487
3.905,0.0012407
3.91,0.0012328
3.915,0.001225
3.92,0.0012172
3.925,0.0012095
3.93,0.0012018
3.935,0.0011942
3.94,0.0011866
3.945,0.0011791
3.95,0.0011717
3.955,0.0011643
3.96,0.001157
3.965,0.0011497
3.97,0.0011425
3.975,0.0011353
3.98,0.0011282
3.985,0.0011212
3.99,0.0011142
3.995,0.0011072
4,0.0011003
4.005,0.0010935
4.01,0.0010867
4.015,0.0010799
4.02,0.0010733
4.025,0.0010666
4.03,0.00106
4.035,0.0010535
4.04,0.001047
4.045,0.0010405
4.05,0.0010341
4.055,0.0010278
4.06,0.0010214
4.065,0.0010152
4.07,0.001009
4.075,0.0010028
4.08,0.00099667
4.085,0.00099059
4.09,0.00098456
4.095,0.00097857
4.1,0.00097262
4.105,0.00096671
4.11,0.00096085
4.115,0.00095503
4.12,0.00094925
4.125,0.00094352
4.13,0.00093782
4.135,0.00093217
4.14,0.00092656
4.145,0.00092099
4.15,0.00091546
4.155,0.00090996
4.16,0.00090451
4.165,0.0008991
4.17,0.00089372
4.175,0.00088839
4.18,0.00088309
4.185,0.00087783
4.19,0.00087261
4.195,0.00086742
4.2,0.00086228
4.205,0.00085717
4.21,0.00085209
4.215,0.00084705
4.22,0.00084205
4.225,0.00083708
4.23,0.00083215
4.235,0.00082725
4.24,0.00082239
4.245,0.00081756
4.25,0.00081276
4.255,0.000808
4.26,0.00080327
4.265,0.00079858
4.27,0.00079392
4.275,0.00078929
4.28,0.00078469
4.285,0.00078012
4.29,0.00077559
4.295,0.00077109
4.3,0.00076662
4.305,0.00076218
4.31,0.00075777
4.315,0.00075339
4.32,0.00074905
4.325,0.00074473
4.33,0.00074044
4.335,0.00073618
4.34,0.00073195
4.345,0.00072775
4.35,0.00072358
4.355,0.00071944
4.36,0.00071533
4.365,0.00071124
4.37,0.00070718
4.375,0.00070315
4.38,0.00069915
4.385,0.00069518
4.39,0.00069123
4.395,0.00068731
4.4,0.00068341
4.405,0.00067955
4.41,0.0006757
4.415,0.00067189
4.42,0.0006681
4.425,0.00066433
4.43,0.0006606
4.435,0.00065688
4.44,0.00065319
4.445,0.00064953
4.45,0.00064589
4.455,0.00064228
4.46,0.00063869
4.465,0.00063512
4.47,0.00063158
4.475,0.00062806
4.48,0.00062456
4.485,0.00062109
4.49,0.00061764
4.495,0.00061421
4.5,0.00061081
4.505,0.00060743
4.51,0.00060407
4.515,0.00060074
4.52,0.00059742
4.525,0.00059413
4.53,0.00059086
4.535,0.00058761
4.54,0.00058438
4.545,0.00058118
4.55,0.00057799
4.555,0.00057483
4.56,0.00057169
4.565,0.00056856
4.57,0.00056546
4.575,0.00056238
4.58,0.00055932
4.585,0.00055628
4.59,0.00055325
4.595,0.00055025
4.6,0.00054727
4.605,0.00054431
4.61,0.00054136
4.615,0.00053844
4.62,0.00053553
4.625,0.00053264
4.63,0.00052977
4.635,0.00052692
4.64,0.00052409
4.645,0.00052128
4.65,0.00051848
4.655,0.00051571
4.66,0.00051295
4.665,0.0005102
4.67,0.00050748
4.675,0.00050477
4.68,0.00050208
4.685,0.00049941
4.69,0.00049676
4.695,0.00049412
4.7,0.00049149
4.705,0.00048889
4.71,0.0004863
4.715,0.00048373
4.72,0.00048117
4.725,0.00047863
4.73,0.00047611
4.735,0.0004736
4.74,0.00047111
4.745,0.00046864
4.75,0.00046617
4.755,0.00046373
4.76,0.0004613
4.765,0.00045889
4.77,0.00045649
4.775,0.0004541
4.78,0.00045173
4.785,0.00044938
4.79,0.00044704
4.795,0.00044471
4.8,0.0004424
4.805,0.00044011
4.81,0.00043783
4.815,0.00043556
4.82,0.0004333
4.825,0.00043106
4.83,0.00042884
4.835,0.00042663
4.84,0.00042443
4.845,0.00042224
4.85,0.00042007
4.855,0.00041791
4.86,0.00041577
4.865,0.00041364
4.87,0.00041152
4.875,0.00040941
4.88,0.00040732
4.885,0.00040524
4.89,0.00040318
4.895,0.00040112
4.9,0.00039908
4.905,0.00039705
4.91,0.00039503
4.915,0.00039303
4.92,0.00039104
4.925,0.00038906
4.93,0.00038709
4.935,0.00038513
4.94,0.00038319
4.945,0.00038125
4.95,0.00037933
4.955,0.00037742
4.96,0.00037553
4.965,0.00037364
4.97,0.00037176
4.975,0.0003699
4.98,0.00036805
4.985,0.00036621
4.99,0.00036438
4.995,0.00036256
5,0.00036075
5.005,0.00035895
5.01,0.00035716
5.015,0.00035539
5.02,0.00035362
5.025,0.00035186
5.03,0.00035012
5.035,0.00034839
5.04,0.00034666
5.045,0.00034495
5.05,0.00034324
5.055,0.00034155
5.06,0.00033987
5.065,0.00033819
5.07,0.00033653
5.075,0.00033487
5.08,0.00033323
5.085,0.0003316
5.09,0.00032997
5.095,0.00032835
5.1,0.00032675
5.105,0.00032515
5.11,0.00032356
5.115,0.00032199
5.12,0.00032042
5.125,0.00031886
5.13,0.00031731
5.135,0.00031577
5.14,0.00031423
5.145,0.00031271
5.15,0.0003112
5.155,0.00030969
5.16,0.00030819
5.165,0.0003067
5.17,0.00030522
5.175,0.00030375
5.18,0.00030229
5.185,0.00030084
5.19,0.00029939
5.195,0.00029795
5.2,0.00029652
5.205,0.0002951
5.21,0.00029369
5.215,0.00029228
5.22,0.00029089
5.225,0.0002895
5.23,0.00028812
5.235,0.00028675
5.24,0.00028538
5.245,0.00028402
5.25,0.00028267
5.255,0.00028133
5.26,0.00028
5.265,0.00027867
5.27,0.00027735
5.275,0.00027604
5.28,0.00027474
5.285,0.00027344
5.29,0.00027215
5.295,0.00027087
5.3,0.00026959
5.305,0.00026832
5.31,0.00026706
5.315,0.00026581
5.32,0.00026456
5.325,0.00026332
5.33,0.00026209
5.335,0.00026087
5.34,0.00025965
5.345,0.00025843
5.35,0.00025723
5.355,0.00025603
5.36,0.00025484
5.365,0.00025365
5.37,0.00025248
5.375,0.0002513
5.38,0.00025014
5.385,0.00024898
5.39,0.00024783
5.395,0.00024668
5.4,0.00024554
5.405,0.00024441
5.41,0.00024328
5.415,0.00024216
5.42,0.00024105
5.425,0.00023994
5.43,0.00023884
5.435,0.00023774
5.44,0.00023665
5.445,0.00023556
5.45,0.00023449
5.455,0.00023341
5.46,0.00023235
5.465,0.00023129
5.47,0.00023023
5.475,0.00022918
5.48,0.00022814
5.485,0.0002271
5.49,0.00022607
5.495,0.00022504
5.5,0.00022402
5.505,0.00022301
5.51,0.000222
5.515,0.00022099
5.52,0.00021999
5.525,0.000219
5.53,0.00021801
5.535,0.00021703
5.54,0.00021605
5.545,0.00021508
5.55,0.00021411
5.555,0.00021315
5.56,0.00021219
5.565,0.00021124
5.57,0.0002103
5.575,0.00020936
5.58,0.00020842
5.585,0.00020749
5.59,0.00020656
5.595,0.00020564
5.6,0.00020472
5.605,0.00020381
5.61,0.00020291
5.615,0.00020201
5.62,0.00020111
5.625,0.00020022
5.63,0.00019933
5.635,0.00019845
5.64,0.00019757
5.645,0.0001967
5.65,0.00019583
5.655,0.00019496
5.66,0.0001941
5.665,0.00019325
5.67,0.0001924
5.675,0.00019155
5.68,0.00019071
5.685,0.00018987
5.69,0.00018904
5.695,0.00018821
5.7,0.00018739
5.705,0.00018657
5.71,0.00018575
5.715,0.00018494
5.72,0.00018414
5.725,0.00018333
5.73,0.00018253
5.735,0.00018174
5.74,0.00018095
5.745,0.00018016
5.75,0.00017938
5.755,0.00017861
5.76,0.00017783
5.765,0.00017706
5.77,0.0001763
5.775,0.00017553
5.78,0.00017478
5.785,0.00017402
5.79,0.00017327
5.795,0.00017253
5.8,0.00017178
5.805,0.00017105
5.81,0.00017031
5.815,0.00016958
5.82,0.00016885
5.825,0.00016813
5.83,0.00016741
5.835,0.00016669
5.84,0.00016598
5.845,0.00016527
5.85,0.00016457
5.855,0.00016387
5.86,0.00016317
5.865,0.00016248
5.87,0.00016178
5.875,0.0001611
5.88,0.00016041
5.885,0.00015973
5.89,0.00015906
5.895,0.00015838
5.9,0.00015771
5.905,0.00015705
5.91,0.00015638
5.915,0.00015572
5.92,0.00015507
5.925,0.00015441
5.93,0.00015377
5.935,0.00015312
5.94,0.00015248
5.945,0.00015184
5.95,0.0001512
5.955,0.00015056
5.96,0.00014993
5.965,0.00014931
5.97,0.00014868
5.975,0.00014806
5.98,0.00014744
5.985,0.00014683
5.99,0.00014622
5.995,0.00014561
6,0.000145
6.005,0.0001444
6.01,0.0001438
6.015,0.0001432
6.02,0.00014261
6.025,0.00014202
6.03,0.00014143
6.035,0.00014085
6.04,0.00014027
6.045,0.00013969
6.05,0.00013911
6.055,0.00013854
6.06,0.00013797
6.065,0.0001374
6.07,0.00013683
6.075,0.00013627
6.08,0.00013571
6.085,0.00013516
6.09,0.0001346
6.095,0.00013405
6.1,0.0001335
6.105,0.00013296
6.11,0.00013241
6.115,0.00013187
6.12,0.00013134
6.125,0.0001308
6.13,0.00013027
6.135,0.00012974
6.14,0.00012921
6.145,0.00012869
6.15,0.00012816
6.155,0.00012764
6.16,0.00012713
6.165,0.00012661
6.17,0.0001261
6.175,0.00012559
6.18,0.00012508
6.185,0.00012458
6.19,0.00012408
6.195,0.00012358
6.2,0.00012308
6.205,0.00012258
6.21,0.00012209
6.215,0.0001216
6.22,0.00012111
6.225,0.00012063
6.23,0.00012014
6.235,0.00011966
6.24,0.00011919
6.245,0.00011871
6.25,0.00011824
6.255,0.00011776
6.26,0.00011729
6.265,0.00011683
6.27,0.00011636
6.275,0.0001159
6.28,0.00011544
