0,0
0.005,0
0.01,0
0.015,0
0.02,0
0.025,0
0.03,0
0.035,0
0.04,0
0.045,0
0.05,0
0.055,0
0.06,0
0.065,0
0.07,0
0.075,0
0.08,0
0.085,0
0.09,0
0.095,0
0.1,0
0.105,0
0.11,0
0.115,0
0.12,0
0.125,0
0.13,0
0.135,0
0.14,0
0.145,0
0.15,0
0.155,0
0.16,0
0.165,0
0.17,0
0.175,0
0.18,0
0.185,0
0.19,0
0.195,0
0.2,0
0.205,0
0.21,0
0.215,0
0.22,0
0.225,0
0.23,0
0.235,0
0.24,0
0.245,0
0.25,0
0.255,0
0.26,0
0.265,0
0.27,0
0.275,0
0.28,0
0.285,0
0.29,0
0.295,0
0.3,0
0.305,0
0.31,0
0.315,0
0.32,0
0.325,0
0.33,0
0.335,0
0.34,0
0.345,0
0.35,0
0.355,0
0.36,0
0.365,0
0.37,0
0.375,0
0.38,0
0.385,0
0.39,0
0.395,0
0.4,0
0.405,0
0.41,0
0.415,0
0.42,0
0.425,0
0.43,0
0.435,0
0.44,0
0.445,0
0.45,0
0.455,0
0.46,0
0.465,0
0.47,0
0.475,0
0.48,0
0.485,0
0.49,0
0.495,0
0.5,0
0.505,0
0.51,8.3853e-313
0.515,7.9281e-301
0.52,2.0255e-289
0.525,1.5053e-278
0.53,3.4865e-268
0.535,2.6842e-258
0.54,7.2966e-249
0.545,7.4108e-240
0.55,2.9652e-231
0.555,4.9121e-223
0.56,3.5299e-215
0.565,1.1496e-207
0.57,1.7679e-200
0.575,1.3344e-193
0.58,5.1269e-187
0.585,1.0375e-180
0.59,1.142e-174
0.595,7.0481e-169
0.6,2.5096e-163
0.605,5.2966e-158
0.61,6.796e-153
0.615,5.4301e-148
0.62,2.7638e-143
0.625,9.1542e-139
0.63,2.0135e-134
0.635,2.9978e-130
0.64,3.0763e-126
0.645,2.2134e-122
0.65,1.1348e-118
0.655,4.2104e-115
0.66,1.1469e-111
0.665,2.3258e-108
0.67,3.5572e-105
0.675,4.1546e-102
0.68,3.7492e-099
0.685,2.6437e-096
0.69,1.4721e-093
0.695,6.5393e-091
0.7,2.3395e-088
0.705,6.8029e-086
0.71,1.6218e-083
0.715,3.1961e-081
0.72,5.2479e-079
0.725,7.2332e-077
0.73,8.4286e-075
0.735,8.3601e-073
0.74,7.104e-071
0.745,5.2037e-069
0.75,3.3052e-067
0.755,1.8306e-065
0.76,8.8885e-064
0.765,3.803e-062
0.77,1.4408e-060
0.775,4.8564e-059
0.78,1.4627e-057
0.785,3.9537e-056
0.79,9.63e-055
0.795,2.1218e-053
0.8,4.2449e-052
0.805,7.7386e-051
0.81,1.29e-049
0.815,1.9725e-048
0.82,2.7757e-047
0.825,3.605e-046
0.83,4.3341e-045
0.835,4.8365e-044
0.84,5.0229e-043
0.845,4.8671e-042
0.85,4.411e-041
0.855,3.7476e-040
0.86,2.9916e-039
0.865,2.2487e-038
0.87,1.5948e-037
0.875,1.0693e-036
0.88,6.7907e-036
0.885,4.0924e-035
0.89,2.3445e-034
0.895,1.2789e-033
0.9,6.6539e-033
0.905,3.3069e-032
0.91,1.5723e-031
0.915,7.1621e-031
0.92,3.13e-030
0.925,1.3141e-029
0.93,5.3068e-029
0.935,2.064e-028
0.94,7.7409e-028
0.945,2.8026e-027
0.95,9.8061e-027
0.955,3.3195e-026
0.96,1.0882e-025
0.965,3.4585e-025
0.97,1.0666e-024
0.975,3.1945e-024
0.98,9.3012e-024
0.985,2.6349e-023
0.99,7.2682e-023
0.995,1.9538e-022
1,5.1224e-022
1.005,1.3107e-021
1.01,3.2757e-021
1.015,8.0014e-021
1.02,1.9116e-020
1.025,4.4693e-020
1.03,1.0233e-019
1.035,2.2958e-019
1.04,5.05e-019
1.045,1.0897e-018
1.05,2.3081e-018
1.055,4.801e-018
1.06,9.812e-018
1.065,1.9713e-017
1.07,3.8953e-017
1.075,7.5737e-017
1.08,1.4496e-016
1.085,2.7325e-016
1.09,5.0747e-016
1.095,9.2894e-016
1.1,1.6767e-015
1.105,2.9853e-015
1.11,5.2448e-015
1.115,9.0961e-015
1.12,1.5578e-014
1.125,2.6353e-014
1.13,4.4051e-014
1.135,7.2785e-014
1.14,1.1891e-013
1.145,1.9212e-013
1.15,3.0711e-013
1.155,4.858e-013
1.16,7.6067e-013
1.165,1.1793e-012
1.17,1.8107e-012
1.175,2.7542e-012
1.18,4.1509e-012
1.185,6.2e-012
1.19,9.1803e-012
1.195,1.3478e-011
1.2,1.9624e-011
1.205,2.8343e-011
1.21,4.0614e-011
1.215,5.7751e-011
1.22,8.1505e-011
1.225,1.1419e-010
1.23,1.5885e-010
1.235,2.1943e-010
1.24,3.0106e-010
1.245,4.1034e-010
1.25,5.5567e-010
1.255,7.4773e-010
1.26,9.9998e-010
1.265,1.3293e-009
1.27,1.7567e-009
1.275,2.3083e-009
1.28,3.016e-009
1.285,3.9193e-009
1.29,5.0659e-009
1.295,6.5139e-009
1.3,8.333e-009
1.305,1.0607e-008
1.31,1.3437e-008
1.315,1.694e-008
1.32,2.1257e-008
1.325,2.6554e-008
1.33,3.3024e-008
1.335,4.0893e-008
1.34,5.0422e-008
1.345,6.1914e-008
1.35,7.5718e-008
1.355,9.2233e-008
1.36,1.1191e-007
1.365,1.3528e-007
1.37,1.6293e-007
1.375,1.9551e-007
1.38,2.3377e-007
1.385,2.7856e-007
1.39,3.308e-007
1.395,3.9154e-007
1.4,4.6193e-007
1.405,5.4324e-007
1.41,6.3688e-007
1.415,7.4439e-007
1.42,8.6747e-007
1.425,1.0079e-006
1.43,1.1678e-006
1.435,1.3493e-006
1.44,1.5547e-006
1.445,1.7866e-006
1.45,2.0477e-006
1.455,2.341e-006
1.46,2.6695e-006
1.465,3.0367e-006
1.47,3.446e-006
1.475,3.9013e-006
1.48,4.4065e-006
1.485,4.9659e-006
1.49,5.5839e-006
1.495,6.2652e-006
1.5,7.0146e-006
1.505,7.8373e-006
1.51,8.7385e-006
1.515,9.7239e-006
1.52,1.0799e-005
1.525,1.197e-005
1.53,1.3243e-005
1.535,1.4625e-005
1.54,1.6121e-005
1.545,1.7739e-005
1.55,1.9485e-005
1.555,2.1366e-005
1.56,2.339e-005
1.565,2.5564e-005
1.57,2.7894e-005
1.575,3.0389e-005
1.58,3.3056e-005
1.585,3.5903e-005
1.59,3.8936e-005
1.595,4.2164e-005
1.6,4.5594e-005
1.605,4.9234e-005
1.61,5.3092e-005
1.615,5.7174e-005
1.62,6.1488e-005
1.625,6.6042e-005
1.63,7.0842e-005
1.635,7.5896e-005
1.64,8.1211e-005
1.645,8.6792e-005
1.65,9.2648e-005
1.655,9.8783e-005
1.66,0.0001052
1.665,0.00011192
1.67,0.00011893
1.675,0.00012624
1.68,0.00013386
1.685,0.0001418
1.69,0.00015005
1.695,0.00015862
1.7,0.00016751
1.705,0.00017674
1.71,0.00018629
1.715,0.00019618
1.72,0.0002064
1.725,0.00021696
1.73,0.00022786
1.735,0.0002391
1.74,0.00025068
1.745,0.0002626
1.75,0.00027486
1.755,0.00028746
1.76,0.0003004
1.765,0.00031368
1.77,0.0003273
1.775,0.00034125
1.78,0.00035553
1.785,0.00037014
1.79,0.00038508
1.795,0.00040034
1.8,0.00041592
1.805,0.00043181
1.81,0.00044802
1.815,0.00046453
1.82,0.00048134
1.825,0.00049845
1.83,0.00051585
1.835,0.00053353
1.84,0.00055149
1.845,0.00056973
1.85,0.00058823
1.855,0.000607
1.86,0.00062602
1.865,0.00064528
1.87,0.00066479
1.875,0.00068454
1.88,0.00070451
1.885,0.00072471
1.89,0.00074513
1.895,0.00076575
1.9,0.00078658
1.905,0.00080761
1.91,0.00082883
1.915,0.00085024
1.92,0.00087184
1.925,0.00089361
1.93,0.00091556
1.935,0.00093768
1.94,0.00095997
1.945,0.00098242
1.95,0.001005
1.955,0.0010278
1.96,0.0010508
1.965,0.0010739
1.97,0.0010971
1.975,0.0011205
1.98,0.0011441
1.985,0.0011679
1.99,0.0011918
1.995,0.0012159
2,0.0012402
2.005,0.0012647
2.01,0.0012894
2.015,0.0013143
2.02,0.0013394
2.025,0.0013647
2.03,0.0013903
2.035,0.0014162
2.04,0.0014423
2.045,0.0014687
2.05,0.0014955
2.055,0.0015226
2.06,0.00155
2.065,0.0015778
2.07,0.0016061
2.075,0.0016347
2.08,0.0016639
2.085,0.0016935
2.09,0.0017237
2.095,0.0017544
2.1,0.0017858
2.105,0.0018177
2.11,0.0018504
2.115,0.0018838
2.12,0.001918
2.125,0.001953
2.13,0.0019888
2.135,0.0020256
2.14,0.0020633
2.145,0.0021021
2.15,0.0021419
2.155,0.0021829
2.16,0.0022251
2.165,0.0022685
2.17,0.0023133
2.175,0.0023594
2.18,0.002407
2.185,0.0024562
2.19,0.0025069
2.195,0.0025592
2.2,0.0026133
2.205,0.0026692
2.21,0.002727
2.215,0.0027867
2.22,0.0028484
2.225,0.0029122
2.23,0.0029781
2.235,0.0030462
2.24,0.0031167
2.245,0.0031894
2.25,0.0032645
2.255,0.0033421
2.26,0.0034222
2.265,0.0035048
2.27,0.00359
2.275,0.0036778
2.28,0.0037682
2.285,0.0038613
2.29,0.003957
2.295,0.0040553
2.3,0.0041562
2.305,0.0042597
2.31,0.0043657
2.315,0.0044742
2.32,0.004585
2.325,0.0046981
2.33,0.0048134
2.335,0.0049307
2.34,0.0050499
2.345,0.0051707
2.35,0.005293
2.355,0.0054166
2.36,0.0055412
2.365,0.0056666
2.37,0.0057924
2.375,0.0059184
2.38,0.0060441
2.385,0.0061694
2.39,0.0062937
2.395,0.0064167
2.4,0.006538
2.405,0.0066572
2.41,0.0067739
2.415,0.0068875
2.42,0.0069977
2.425,0.007104
2.43,0.007206
2.435,0.0073033
2.44,0.0073953
2.445,0.0074817
2.45,0.0075621
2.455,0.0076361
2.46,0.0077033
2.465,0.0077634
2.47,0.0078162
2.475,0.0078613
2.48,0.0078985
2.485,0.0079276
2.49,0.0079485
2.495,0.0079611
2.5,0.0079653
2.505,0.0079626
2.51,0.0079546
2.515,0.0079414
2.52,0.0079229
2.525,0.0078992
2.53,0.0078705
2.535,0.0078368
2.54,0.0077983
2.545,0.007755
2.55,0.0077072
2.555,0.0076549
2.56,0.0075984
2.565,0.0075378
2.57,0.0074733
2.575,0.0074051
2.58,0.0073334
2.585,0.0072585
2.59,0.0071804
2.595,0.0070996
2.6,0.0070161
2.605,0.0069301
2.61,0.006842
2.615,0.006752
2.62,0.0066602
2.625,0.0065668
2.63,0.0064721
2.635,0.0063764
2.64,0.0062797
2.645,0.0061823
2.65,0.0060844
2.655,0.0059861
2.66,0.0058877
2.665,0.0057893
2.67,0.0056911
2.675,0.0055932
2.68,0.0054958
2.685,0.005399
2.69,0.0053029
2.695,0.0052076
2.7,0.0051133
2.705,0.0050201
2.71,0.004928
2.715,0.0048372
2.72,0.0047476
2.725,0.0046595
2.73,0.0045727
2.735,0.0044875
2.74,0.0044038
2.745,0.0043218
2.75,0.0042413
2.755,0.0041624
2.76,0.0040853
2.765,0.0040098
2.77,0.003936
2.775,0.0038639
2.78,0.0037935
2.785,0.0037248
2.79,0.0036578
2.795,0.0035925
2.8,0.0035288
2.805,0.0034668
2.81,0.0034065
2.815,0.0033478
2.82,0.0032907
2.825,0.0032352
2.83,0.0031812
2.835,0.0031287
2.84,0.0030778
2.845,0.0030283
2.85,0.0029802
2.855,0.0029336
2.86,0.0028883
2.865,0.0028444
2.87,0.0028017
2.875,0.0027604
2.88,0.0027203
2.885,0.0026814
2.89,0.0026437
2.895,0.0026071
2.9,0.0025717
2.905,0.0025373
2.91,0.002504
2.915,0.0024717
2.92,0.0024404
2.925,0.00241
2.93,0.0023806
2.935,0.002352
2.94,0.0023244
2.945,0.0022975
2.95,0.0022715
2.955,0.0022463
2.96,0.0022218
2.965,0.002198
2.97,0.0021749
2.975,0.0021526
2.98,0.0021308
2.985,0.0021097
2.99,0.0020892
2.995,0.0020693
3,0.00205
3.005,0.0020312
3.01,0.0020129
3.015,0.0019951
3.02,0.0019778
3.025,0.0019609
3.03,0.0019445
3.035,0.0019285
3.04,0.0019129
3.045,0.0018978
3.05,0.001883
3.055,0.0018685
3.06,0.0018544
3.065,0.0018406
3.07,0.0018272
3.075,0.001814
3.08,0.0018012
3.085,0.0017886
3.09,0.0017763
3.095,0.0017642
3.1,0.0017524
3.105,0.0017408
3.11,0.0017295
3.115,0.0017183
3.12,0.0017074
3.125,0.0016966
3.13,0.0016861
3.135,0.0016757
3.14,0.0016655
3.145,0.0016554
3.15,0.0016455
3.155,0.0016358
3.16,0.0016262
3.165,0.0016167
3.17,0.0016074
3.175,0.0015981
3.18,0.001589
3.185,0.0015801
3.19,0.0015712
3.195,0.0015624
3.2,0.0015537
3.205,0.0015451
3.21,0.0015366
3.215,0.0015282
3.22,0.0015199
3.225,0.0015117
3.23,0.0015035
3.235,0.0014954
3.24,0.0014874
3.245,0.0014794
3.25,0.0014715
3.255,0.0014637
3.26,0.0014559
3.265,0.0014482
3.27,0.0014406
3.275,0.001433
3.28,0.0014254
3.285,0.0014179
3.29,0.0014105
3.295,0.0014031
3.3,0.0013957
3.305,0.0013884
3.31,0.0013812
3.315,0.001374
3.32,0.0013668
3.325,0.0013596
3.33,0.0013526
3.335,0.0013455
3.34,0.0013385
3.345,0.0013315
3.35,0.0013246
3.355,0.0013176
3.36,0.0013108
3.365,0.0013039
3.37,0.0012971
3.375,0.0012904
3.38,0.0012836
3.385,0.0012769
3.39,0.0012703
3.395,0.0012636
3.4,0.001257
3.405,0.0012505
3.41,0.0012439
3.415,0.0012374
3.42,0.0012309
3.425,0.0012245
3.43,0.0012181
3.435,0.0012117
3.44,0.0012054
3.445,0.001199
3.45,0.0011927
3.455,0.0011865
3.46,0.0011802
3.465,0.001174
3.47,0.0011679
3.475,0.0011617
3.48,0.0011556
3.485,0.0011495
3.49,0.0011435
3.495,0.0011374
3.5,0.0011314
3.505,0.0011255
3.51,0.0011195
3.515,0.0011136
3.52,0.0011077
3.525,0.0011019
3.53,0.001096
3.535,0.0010902
3.54,0.0010845
3.545,0.0010787
3.55,0.001073
3.555,0.0010673
3.56,0.0010617
3.565,0.001056
3.57,0.0010504
3.575,0.0010449
3.58,0.0010393
3.585,0.0010338
3.59,0.0010283
3.595,0.0010228
3.6,0.0010174
3.605,0.001012
3.61,0.0010066
3.615,0.0010013
3.62,0.00099593
3.625,0.00099063
3.63,0.00098535
3.635,0.00098011
3.64,0.00097489
3.645,0.0009697
3.65,0.00096453
3.655,0.00095939
3.66,0.00095428
3.665,0.00094919
3.67,0.00094413
3.675,0.0009391
3.68,0.00093409
3.685,0.00092911
3.69,0.00092415
3.695,0.00091922
3.7,0.00091432
3.705,0.00090944
3.71,0.00090459
3.715,0.00089977
3.72,0.00089497
3.725,0.00089019
3.73,0.00088544
3.735,0.00088072
3.74,0.00087602
3.745,0.00087134
3.75,0.00086669
3.755,0.00086207
3.76,0.00085747
3.765,0.0008529
3.77,0.00084835
3.775,0.00084382
3.78,0.00083932
3.785,0.00083484
3.79,0.00083039
3.795,0.00082596
3.8,0.00082156
3.805,0.00081718
3.81,0.00081282
3.815,0.00080849
3.82,0.00080418
3.825,0.00079989
3.83,0.00079563
3.835,0.00079139
3.84,0.00078717
3.845,0.00078298
3.85,0.00077881
3.855,0.00077467
3.86,0.00077054
3.865,0.00076644
3.87,0.00076236
3.875,0.00075831
3.88,0.00075427
3.885,0.00075026
3.89,0.00074627
3.895,0.00074231
3.9,0.00073836
3.905,0.00073444
3.91,0.00073054
3.915,0.00072666
3.92,0.0007228
3.925,0.00071896
3.93,0.00071515
3.935,0.00071135
3.94,0.00070758
3.945,0.00070383
3.95,0.0007001
3.955,0.00069639
3.96,0.0006927
3.965,0.00068903
3.97,0.00068539
3.975,0.00068176
3.98,0.00067815
3.985,0.00067457
3.99,0.000671
3.995,0.00066745
4,0.00066393
4.005,0.00066042
4.01,0.00065693
4.015,0.00065347
4.02,0.00065002
4.025,0.00064659
4.03,0.00064318
4.035,0.00063979
4.04,0.00063642
4.045,0.00063307
4.05,0.00062974
4.055,0.00062643
4.06,0.00062313
4.065,0.00061985
4.07,0.0006166
4.075,0.00061336
4.08,0.00061014
4.085,0.00060693
4.09,0.00060375
4.095,0.00060058
4.1,0.00059744
4.105,0.00059431
4.11,0.00059119
4.115,0.0005881
4.12,0.00058502
4.125,0.00058196
4.13,0.00057892
4.135,0.00057589
4.14,0.00057289
4.145,0.00056989
4.15,0.00056692
4.155,0.00056396
4.16,0.00056102
4.165,0.0005581
4.17,0.00055519
4.175,0.0005523
4.18,0.00054943
4.185,0.00054657
4.19,0.00054373
4.195,0.00054091
4.2,0.0005381
4.205,0.0005353
4.21,0.00053253
4.215,0.00052977
4.22,0.00052702
4.225,0.00052429
4.23,0.00052158
4.235,0.00051888
4.24,0.00051619
4.245,0.00051353
4.25,0.00051087
4.255,0.00050824
4.26,0.00050561
4.265,0.000503
4.27,0.00050041
4.275,0.00049783
4.28,0.00049527
4.285,0.00049272
4.29,0.00049019
4.295,0.00048767
4.3,0.00048516
4.305,0.00048267
4.31,0.00048019
4.315,0.00047773
4.32,0.00047528
4.325,0.00047285
4.33,0.00047042
4.335,0.00046802
4.34,0.00046562
4.345,0.00046324
4.35,0.00046088
4.355,0.00045852
4.36,0.00045618
4.365,0.00045386
4.37,0.00045154
4.375,0.00044924
4.38,0.00044696
4.385,0.00044468
4.39,0.00044242
4.395,0.00044018
4.4,0.00043794
4.405,0.00043572
4.41,0.00043351
4.415,0.00043131
4.42,0.00042912
4.425,0.00042695
4.43,0.00042479
4.435,0.00042264
4.44,0.00042051
4.445,0.00041838
4.45,0.00041627
4.455,0.00041417
4.46,0.00041209
4.465,0.00041001
4.47,0.00040795
4.475,0.00040589
4.48,0.00040385
4.485,0.00040182
4.49,0.0003998
4.495,0.0003978
4.5,0.0003958
4.505,0.00039382
4.51,0.00039185
4.515,0.00038989
4.52,0.00038793
4.525,0.000386
4.53,0.00038407
4.535,0.00038215
4.54,0.00038024
4.545,0.00037835
4.55,0.00037646
4.555,0.00037459
4.56,0.00037272
4.565,0.00037087
4.57,0.00036903
4.575,0.00036719
4.58,0.00036537
4.585,0.00036356
4.59,0.00036176
4.595,0.00035996
4.6,0.00035818
4.605,0.00035641
4.61,0.00035465
4.615,0.0003529
4.62,0.00035116
4.625,0.00034942
4.63,0.0003477
4.635,0.00034599
4.64,0.00034428
4.645,0.00034259
4.65,0.00034091
4.655,0.00033923
4.66,0.00033756
4.665,0.00033591
4.67,0.00033426
4.675,0.00033262
4.68,0.00033099
4.685,0.00032938
4.69,0.00032776
4.695,0.00032616
4.7,0.00032457
4.705,0.00032299
4.71,0.00032141
4.715,0.00031985
4.72,0.00031829
4.725,0.00031674
4.73,0.0003152
4.735,0.00031367
4.74,0.00031214
4.745,0.00031063
4.75,0.00030912
4.755,0.00030762
4.76,0.00030614
4.765,0.00030465
4.77,0.00030318
4.775,0.00030172
4.78,0.00030026
4.785,0.00029881
4.79,0.00029737
4.795,0.00029594
4.8,0.00029451
4.805,0.00029309
4.81,0.00029168
4.815,0.00029028
4.82,0.00028889
4.825,0.0002875
4.83,0.00028612
4.835,0.00028475
4.84,0.00028339
4.845,0.00028203
4.85,0.00028069
4.855,0.00027935
4.86,0.00027801
4.865,0.00027669
4.87,0.00027537
4.875,0.00027405
4.88,0.00027275
4.885,0.00027145
4.89,0.00027016
4.895,0.00026888
4.9,0.0002676
4.905,0.00026633
4.91,0.00026507
4.915,0.00026382
4.92,0.00026257
4.925,0.00026132
4.93,0.00026009
4.935,0.00025886
4.94,0.00025764
4.945,0.00025642
4.95,0.00025522
4.955,0.00025401
4.96,0.00025282
4.965,0.00025163
4.97,0.00025045
4.975,0.00024927
4.98,0.0002481
4.985,0.00024694
4.99,0.00024578
4.995,0.00024463
5,0.00024349
5.005,0.00024235
5.01,0.00024122
5.015,0.00024009
5.02,0.00023897
5.025,0.00023786
5.03,0.00023675
5.035,0.00023565
5.04,0.00023455
5.045,0.00023346
5.05,0.00023238
5.055,0.0002313
5.06,0.00023023
5.065,0.00022916
5.07,0.0002281
5.075,0.00022704
5.08,0.00022599
5.085,0.00022495
5.09,0.00022391
5.095,0.00022288
5.1,0.00022185
5.105,0.00022083
5.11,0.00021981
5.115,0.0002188
5.12,0.00021779
5.125,0.00021679
5.13,0.0002158
5.135,0.00021481
5.14,0.00021383
5.145,0.00021285
5.15,0.00021187
5.155,0.0002109
5.16,0.00020994
5.165,0.00020898
5.17,0.00020803
5.175,0.00020708
5.18,0.00020614
5.185,0.0002052
5.19,0.00020426
5.195,0.00020334
5.2,0.00020241
5.205,0.00020149
5.21,0.00020058
5.215,0.00019967
5.22,0.00019877
5.225,0.00019787
5.23,0.00019697
5.235,0.00019608
5.24,0.0001952
5.245,0.00019432
5.25,0.00019344
5.255,0.00019257
5.26,0.0001917
5.265,0.00019084
5.27,0.00018998
5.275,0.00018913
5.28,0.00018828
5.285,0.00018743
5.29,0.00018659
5.295,0.00018576
5.3,0.00018493
5.305,0.0001841
5.31,0.00018328
5.315,0.00018246
5.32,0.00018165
5.325,0.00018084
5.33,0.00018003
5.335,0.00017923
5.34,0.00017843
5.345,0.00017764
5.35,0.00017685
5.355,0.00017606
5.36,0.00017528
5.365,0.00017451
5.37,0.00017373
5.375,0.00017296
5.38,0.0001722
5.385,0.00017144
5.39,0.00017068
5.395,0.00016993
5.4,0.00016918
5.405,0.00016843
5.41,0.00016769
5.415,0.00016695
5.42,0.00016622
5.425,0.00016549
5.43,0.00016476
5.435,0.00016404
5.44,0.00016332
5.445,0.00016261
5.45,0.0001619
5.455,0.00016119
5.46,0.00016048
5.465,0.00015978
5.47,0.00015909
5.475,0.00015839
5.48,0.0001577
5.485,0.00015702
5.49,0.00015633
5.495,0.00015565
5.5,0.00015498
5.505,0.0001543
5.51,0.00015364
5.515,0.00015297
5.52,0.00015231
5.525,0.00015165
5.53,0.00015099
5.535,0.00015034
5.54,0.00014969
5.545,0.00014904
5.55,0.0001484
5.555,0.00014776
5.56,0.00014713
5.565,0.00014649
5.57,0.00014586
5.575,0.00014524
5.58,0.00014461
5.585,0.00014399
5.59,0.00014338
5.595,0.00014276
5.6,0.00014215
5.605,0.00014154
5.61,0.00014094
5.615,0.00014034
5.62,0.00013974
5.625,0.00013914
5.63,0.00013855
5.635,0.00013796
5.64,0.00013737
5.645,0.00013679
5.65,0.00013621
5.655,0.00013563
5.66,0.00013505
5.665,0.00013448
5.67,0.00013391
5.675,0.00013335
5.68,0.00013278
5.685,0.00013222
5.69,0.00013166
5.695,0.00013111
5.7,0.00013055
5.705,0.00013
5.71,0.00012946
5.715,0.00012891
5.72,0.00012837
5.725,0.00012783
5.73,0.00012729
5.735,0.00012676
5.74,0.00012623
5.745,0.0001257
5.75,0.00012517
5.755,0.00012465
5.76,0.00012413
5.765,0.00012361
5.77,0.0001231
5.775,0.00012258
5.78,0.00012207
5.785,0.00012156
5.79,0.00012106
5.795,0.00012055
5.8,0.00012005
5.805,0.00011956
5.81,0.00011906
5.815,0.00011857
5.82,0.00011807
5.825,0.00011759
5.83,0.0001171
5.835,0.00011662
5.84,0.00011613
5.845,0.00011565
5.85,0.00011518
5.855,0.0001147
5.86,0.00011423
5.865,0.00011376
5.87,0.00011329
5.875,0.00011283
5.88,0.00011236
5.885,0.0001119
5.89,0.00011144
5.895,0.00011099
5.9,0.00011053
5.905,0.00011008
5.91,0.00010963
5.915,0.00010918
5.92,0.00010874
5.925,0.00010829
5.93,0.00010785
5.935,0.00010741
5.94,0.00010698
5.945,0.00010654
5.95,0.00010611
5.955,0.00010568
5.96,0.00010525
5.965,0.00010482
5.97,0.0001044
5.975,0.00010397
5.98,0.00010355
5.985,0.00010314
5.99,0.00010272
5.995,0.0001023
6,0.00010189
6.005,0.00010148
6.01,0.00010107
6.015,0.00010066
6.02,0.00010026
6.025,9.9857e-005
6.03,9.9456e-005
6.035,9.9056e-005
6.04,9.8659e-005
6.045,9.8264e-005
6.05,9.787e-005
6.055,9.7478e-005
6.06,9.7089e-005
6.065,9.6701e-005
6.07,9.6314e-005
6.075,9.593e-005
6.08,9.5547e-005
6.085,9.5167e-005
6.09,9.4788e-005
6.095,9.4411e-005
6.1,9.4035e-005
6.105,9.3662e-005
6.11,9.329e-005
6.115,9.292e-005
6.12,9.2551e-005
6.125,9.2184e-005
6.13,9.1819e-005
6.135,9.1456e-005
6.14,9.1095e-005
6.145,9.0735e-005
6.15,9.0377e-005
6.155,9.002e-005
6.16,8.9665e-005
6.165,8.9312e-005
6.17,8.896e-005
6.175,8.8611e-005
6.18,8.8262e-005
6.185,8.7916e-005
6.19,8.757e-005
6.195,8.7227e-005
6.2,8.6885e-005
6.205,8.6545e-005
6.21,8.6206e-005
6.215,8.5869e-005
6.22,8.5533e-005
6.225,8.5199e-005
6.23,8.4867e-005
6.235,8.4536e-005
6.24,8.4206e-005
6.245,8.3879e-005
6.25,8.3552e-005
6.255,8.3227e-005
6.26,8.2904e-005
6.265,8.2582e-005
6.27,8.2261e-005
6.275,8.1943e-005
6.28,8.1625e-005
