0,0
0.005,0
0.01,0
0.015,0
0.02,0
0.025,0
0.03,0
0.035,0
0.04,0
0.045,0
0.05,0
0.055,0
0.06,0
0.065,0
0.07,0
0.075,0
0.08,0
0.085,0
0.09,0
0.095,0
0.1,0
0.105,0
0.11,0
0.115,0
0.12,0
0.125,0
0.13,0
0.135,0
0.14,0
0.145,0
0.15,0
0.155,0
0.16,0
0.165,0
0.17,0
0.175,0
0.18,0
0.185,0
0.19,0
0.195,0
0.2,0
0.205,0
0.21,0
0.215,0
0.22,0
0.225,0
0.23,0
0.235,0
0.24,0
0.245,0
0.25,0
0.255,0
0.26,0
0.265,0
0.27,0
0.275,0
0.28,0
0.285,0
0.29,0
0.295,0
0.3,0
0.305,0
0.31,0
0.315,0
0.32,0
0.325,0
0.33,0
0.335,0
0.34,0
0.345,0
0.35,0
0.355,0
0.36,0
0.365,0
0.37,0
0.375,0
0.38,0
0.385,0
0.39,0
0.395,0
0.4,0
0.405,0
0.41,0
0.415,0
0.42,0
0.425,0
0.43,0
0.435,0
0.44,0
0.445,0
0.45,0
0.455,0
0.46,0
0.465,0
0.47,0
0.475,0
0.48,0
0.485,0
0.49,0
0.495,0
0.5,0
0.505,0
0.51,9.4944e-313
0.515,8.9767e-301
0.52,2.2934e-289
0.525,1.7044e-278
0.53,3.9476e-268
0.535,3.0392e-258
0.54,8.2617e-249
0.545,8.391e-240
0.55,3.3574e-231
0.555,5.5618e-223
0.56,3.9967e-215
0.565,1.3016e-207
0.57,2.0017e-200
0.575,1.5109e-193
0.58,5.805e-187
0.585,1.1747e-180
0.59,1.293e-174
0.595,7.9803e-169
0.6,2.8416e-163
0.605,5.9971e-158
0.61,7.6948e-153
0.615,6.1483e-148
0.62,3.1293e-143
0.625,1.0365e-138
0.63,2.2798e-134
0.635,3.3943e-130
0.64,3.4832e-126
0.645,2.5061e-122
0.65,1.2849e-118
0.655,4.7672e-115
0.66,1.2986e-111
0.665,2.6334e-108
0.67,4.0277e-105
0.675,4.7041e-102
0.68,4.2451e-099
0.685,2.9934e-096
0.69,1.6669e-093
0.695,7.4042e-091
0.7,2.649e-088
0.705,7.7027e-086
0.71,1.8363e-083
0.715,3.6189e-081
0.72,5.942e-079
0.725,8.1899e-077
0.73,9.5435e-075
0.735,9.4658e-073
0.74,8.0436e-071
0.745,5.892e-069
0.75,3.7423e-067
0.755,2.0727e-065
0.76,1.0064e-063
0.765,4.3061e-062
0.77,1.6314e-060
0.775,5.4987e-059
0.78,1.6562e-057
0.785,4.4767e-056
0.79,1.0904e-054
0.795,2.4024e-053
0.8,4.8064e-052
0.805,8.7622e-051
0.81,1.4606e-049
0.815,2.2334e-048
0.82,3.1428e-047
0.825,4.0819e-046
0.83,4.9074e-045
0.835,5.4762e-044
0.84,5.6873e-043
0.845,5.5109e-042
0.85,4.9944e-041
0.855,4.2433e-040
0.86,3.3873e-039
0.865,2.5461e-038
0.87,1.8057e-037
0.875,1.2107e-036
0.88,7.6888e-036
0.885,4.6337e-035
0.89,2.6546e-034
0.895,1.4481e-033
0.9,7.534e-033
0.905,3.7443e-032
0.91,1.7803e-031
0.915,8.1094e-031
0.92,3.544e-030
0.925,1.4879e-029
0.93,6.0087e-029
0.935,2.337e-028
0.94,8.7648e-028
0.945,3.1733e-027
0.95,1.1103e-026
0.955,3.7585e-026
0.96,1.2322e-025
0.965,3.9159e-025
0.97,1.2076e-024
0.975,3.617e-024
0.98,1.0531e-023
0.985,2.9834e-023
0.99,8.2295e-023
0.995,2.2122e-022
1,5.7999e-022
1.005,1.4841e-021
1.01,3.709e-021
1.015,9.0598e-021
1.02,2.1644e-020
1.025,5.0604e-020
1.03,1.1586e-019
1.035,2.5995e-019
1.04,5.718e-019
1.045,1.2339e-018
1.05,2.6134e-018
1.055,5.436e-018
1.06,1.111e-017
1.065,2.2321e-017
1.07,4.4105e-017
1.075,8.5755e-017
1.08,1.6413e-016
1.085,3.0939e-016
1.09,5.7459e-016
1.095,1.0518e-015
1.1,1.8985e-015
1.105,3.3801e-015
1.11,5.9386e-015
1.115,1.0299e-014
1.12,1.7638e-014
1.125,2.9838e-014
1.13,4.9878e-014
1.135,8.2411e-014
1.14,1.3463e-013
1.145,2.1753e-013
1.15,3.4773e-013
1.155,5.5005e-013
1.16,8.6128e-013
1.165,1.3353e-012
1.17,2.0502e-012
1.175,3.1185e-012
1.18,4.6999e-012
1.185,7.0201e-012
1.19,1.0395e-011
1.195,1.5261e-011
1.2,2.222e-011
1.205,3.2092e-011
1.21,4.5986e-011
1.215,6.5389e-011
1.22,9.2285e-011
1.225,1.2929e-010
1.23,1.7986e-010
1.235,2.4845e-010
1.24,3.4088e-010
1.245,4.6461e-010
1.25,6.2916e-010
1.255,8.4662e-010
1.26,1.1322e-009
1.265,1.5051e-009
1.27,1.9891e-009
1.275,2.6136e-009
1.28,3.4149e-009
1.285,4.4377e-009
1.29,5.7359e-009
1.295,7.3754e-009
1.3,9.4352e-009
1.305,1.201e-008
1.31,1.5214e-008
1.315,1.918e-008
1.32,2.4069e-008
1.325,3.0067e-008
1.33,3.7392e-008
1.335,4.6302e-008
1.34,5.7091e-008
1.345,7.0103e-008
1.35,8.5733e-008
1.355,1.0443e-007
1.36,1.2672e-007
1.365,1.5318e-007
1.37,1.8448e-007
1.375,2.2137e-007
1.38,2.6469e-007
1.385,3.154e-007
1.39,3.7456e-007
1.395,4.4333e-007
1.4,5.2303e-007
1.405,6.1509e-007
1.41,7.2112e-007
1.415,8.4285e-007
1.42,9.822e-007
1.425,1.1413e-006
1.43,1.3223e-006
1.435,1.5278e-006
1.44,1.7604e-006
1.445,2.0229e-006
1.45,2.3186e-006
1.455,2.6506e-006
1.46,3.0226e-006
1.465,3.4383e-006
1.47,3.9018e-006
1.475,4.4173e-006
1.48,4.9894e-006
1.485,5.6227e-006
1.49,6.3225e-006
1.495,7.0938e-006
1.5,7.9424e-006
1.505,8.8738e-006
1.51,9.8943e-006
1.515,1.101e-005
1.52,1.2228e-005
1.525,1.3553e-005
1.53,1.4995e-005
1.535,1.6559e-005
1.54,1.8253e-005
1.545,2.0085e-005
1.55,2.2062e-005
1.555,2.4192e-005
1.56,2.6484e-005
1.565,2.8945e-005
1.57,3.1584e-005
1.575,3.4409e-005
1.58,3.7428e-005
1.585,4.0651e-005
1.59,4.4086e-005
1.595,4.7741e-005
1.6,5.1625e-005
1.605,5.5746e-005
1.61,6.0114e-005
1.615,6.4736e-005
1.62,6.9621e-005
1.625,7.4777e-005
1.63,8.0212e-005
1.635,8.5934e-005
1.64,9.1952e-005
1.645,9.8272e-005
1.65,0.0001049
1.655,0.00011185
1.66,0.00011912
1.665,0.00012672
1.67,0.00013466
1.675,0.00014294
1.68,0.00015157
1.685,0.00016055
1.69,0.00016989
1.695,0.0001796
1.7,0.00018967
1.705,0.00020011
1.71,0.00021093
1.715,0.00022212
1.72,0.0002337
1.725,0.00024566
1.73,0.000258
1.735,0.00027072
1.74,0.00028383
1.745,0.00029733
1.75,0.00031121
1.755,0.00032548
1.76,0.00034013
1.765,0.00035517
1.77,0.00037059
1.775,0.00038638
1.78,0.00040255
1.785,0.0004191
1.79,0.00043601
1.795,0.00045329
1.8,0.00047093
1.805,0.00048892
1.81,0.00050727
1.815,0.00052597
1.82,0.000545
1.825,0.00056438
1.83,0.00058408
1.835,0.0006041
1.84,0.00062444
1.845,0.00064509
1.85,0.00066604
1.855,0.00068728
1.86,0.00070882
1.865,0.00073063
1.87,0.00075272
1.875,0.00077508
1.88,0.0007977
1.885,0.00082057
1.89,0.00084368
1.895,0.00086703
1.9,0.00089062
1.905,0.00091443
1.91,0.00093846
1.915,0.0009627
1.92,0.00098715
1.925,0.0010118
1.93,0.0010367
1.935,0.0010617
1.94,0.0010869
1.945,0.0011124
1.95,0.001138
1.955,0.0011638
1.96,0.0011897
1.965,0.0012159
1.97,0.0012422
1.975,0.0012687
1.98,0.0012955
1.985,0.0013224
1.99,0.0013494
1.995,0.0013767
2,0.0014042
2.005,0.001432
2.01,0.0014599
2.015,0.0014881
2.02,0.0015165
2.025,0.0015452
2.03,0.0015742
2.035,0.0016035
2.04,0.0016331
2.045,0.001663
2.05,0.0016933
2.055,0.0017239
2.06,0.001755
2.065,0.0017865
2.07,0.0018185
2.075,0.001851
2.08,0.0018839
2.085,0.0019175
2.09,0.0019517
2.095,0.0019865
2.1,0.002022
2.105,0.0020582
2.11,0.0020952
2.115,0.002133
2.12,0.0021717
2.125,0.0022113
2.13,0.0022519
2.135,0.0022935
2.14,0.0023362
2.145,0.0023801
2.15,0.0024252
2.155,0.0024716
2.16,0.0025194
2.165,0.0025686
2.17,0.0026193
2.175,0.0026715
2.18,0.0027254
2.185,0.002781
2.19,0.0028384
2.195,0.0028977
2.2,0.002959
2.205,0.0030223
2.21,0.0030877
2.215,0.0031553
2.22,0.0032251
2.225,0.0032974
2.23,0.003372
2.235,0.0034492
2.24,0.0035289
2.245,0.0036113
2.25,0.0036963
2.255,0.0037842
2.26,0.0038749
2.265,0.0039684
2.27,0.0040649
2.275,0.0041643
2.28,0.0042666
2.285,0.004372
2.29,0.0044803
2.295,0.0045917
2.3,0.0047059
2.305,0.0048231
2.31,0.0049431
2.315,0.005066
2.32,0.0051915
2.325,0.0053195
2.33,0.0054501
2.335,0.0055829
2.34,0.0057178
2.345,0.0058546
2.35,0.0059931
2.355,0.0061331
2.36,0.0062741
2.365,0.0064161
2.37,0.0065585
2.375,0.0067012
2.38,0.0068436
2.385,0.0069854
2.39,0.0071261
2.395,0.0072654
2.4,0.0074028
2.405,0.0075377
2.41,0.0076698
2.415,0.0077985
2.42,0.0079233
2.425,0.0080437
2.43,0.0081591
2.435,0.0082692
2.44,0.0083734
2.445,0.0084713
2.45,0.0085623
2.455,0.0086461
2.46,0.0087222
2.465,0.0087903
2.47,0.00885
2.475,0.008901
2.48,0.0089432
2.485,0.0089761
2.49,0.0089998
2.495,0.009014
2.5,0.0090188
2.505,0.0090158
2.51,0.0090068
2.515,0.0089917
2.52,0.0089708
2.525,0.008944
2.53,0.0089115
2.535,0.0088734
2.54,0.0088297
2.545,0.0087808
2.55,0.0087266
2.555,0.0086674
2.56,0.0086034
2.565,0.0085348
2.57,0.0084617
2.575,0.0083845
2.58,0.0083034
2.585,0.0082185
2.59,0.0081302
2.595,0.0080386
2.6,0.007944
2.605,0.0078468
2.61,0.007747
2.615,0.007645
2.62,0.0075411
2.625,0.0074354
2.63,0.0073282
2.635,0.0072197
2.64,0.0071103
2.645,0.007
2.65,0.0068891
2.655,0.0067779
2.66,0.0066665
2.665,0.0065551
2.67,0.0064439
2.675,0.006333
2.68,0.0062227
2.685,0.0061131
2.69,0.0060042
2.695,0.0058964
2.7,0.0057896
2.705,0.0056841
2.71,0.0055798
2.715,0.0054769
2.72,0.0053756
2.725,0.0052757
2.73,0.0051776
2.735,0.0050811
2.74,0.0049863
2.745,0.0048934
2.75,0.0048022
2.755,0.004713
2.76,0.0046256
2.765,0.0045401
2.77,0.0044566
2.775,0.0043749
2.78,0.0042952
2.785,0.0042174
2.79,0.0041416
2.795,0.0040676
2.8,0.0039956
2.805,0.0039254
2.81,0.0038571
2.815,0.0037906
2.82,0.0037259
2.825,0.0036631
2.83,0.0036019
2.835,0.0035425
2.84,0.0034848
2.845,0.0034288
2.85,0.0033744
2.855,0.0033216
2.86,0.0032703
2.865,0.0032206
2.87,0.0031723
2.875,0.0031255
2.88,0.0030801
2.885,0.0030361
2.89,0.0029934
2.895,0.002952
2.9,0.0029118
2.905,0.0028729
2.91,0.0028352
2.915,0.0027986
2.92,0.0027632
2.925,0.0027288
2.93,0.0026955
2.935,0.0026631
2.94,0.0026318
2.945,0.0026014
2.95,0.0025719
2.955,0.0025434
2.96,0.0025156
2.965,0.0024887
2.97,0.0024626
2.975,0.0024373
2.98,0.0024127
2.985,0.0023888
2.99,0.0023656
2.995,0.002343
3,0.0023211
3.005,0.0022998
3.01,0.0022791
3.015,0.0022589
3.02,0.0022393
3.025,0.0022203
3.03,0.0022017
3.035,0.0021836
3.04,0.002166
3.045,0.0021488
3.05,0.002132
3.055,0.0021157
3.06,0.0020997
3.065,0.0020841
3.07,0.0020689
3.075,0.002054
3.08,0.0020394
3.085,0.0020252
3.09,0.0020112
3.095,0.0019976
3.1,0.0019842
3.105,0.0019711
3.11,0.0019582
3.115,0.0019456
3.12,0.0019332
3.125,0.0019211
3.13,0.0019091
3.135,0.0018973
3.14,0.0018858
3.145,0.0018744
3.15,0.0018632
3.155,0.0018521
3.16,0.0018413
3.165,0.0018305
3.17,0.00182
3.175,0.0018095
3.18,0.0017992
3.185,0.001789
3.19,0.001779
3.195,0.0017691
3.2,0.0017592
3.205,0.0017495
3.21,0.0017399
3.215,0.0017304
3.22,0.0017209
3.225,0.0017116
3.23,0.0017024
3.235,0.0016932
3.24,0.0016841
3.245,0.0016751
3.25,0.0016662
3.255,0.0016573
3.26,0.0016485
3.265,0.0016398
3.27,0.0016311
3.275,0.0016225
3.28,0.001614
3.285,0.0016055
3.29,0.001597
3.295,0.0015887
3.3,0.0015803
3.305,0.0015721
3.31,0.0015639
3.315,0.0015557
3.32,0.0015476
3.325,0.0015395
3.33,0.0015314
3.335,0.0015235
3.34,0.0015155
3.345,0.0015076
3.35,0.0014997
3.355,0.0014919
3.36,0.0014841
3.365,0.0014764
3.37,0.0014687
3.375,0.001461
3.38,0.0014534
3.385,0.0014458
3.39,0.0014383
3.395,0.0014308
3.4,0.0014233
3.405,0.0014159
3.41,0.0014085
3.415,0.0014011
3.42,0.0013938
3.425,0.0013865
3.43,0.0013792
3.435,0.001372
3.44,0.0013648
3.445,0.0013576
3.45,0.0013505
3.455,0.0013434
3.46,0.0013363
3.465,0.0013293
3.47,0.0013223
3.475,0.0013154
3.48,0.0013084
3.485,0.0013016
3.49,0.0012947
3.495,0.0012879
3.5,0.0012811
3.505,0.0012743
3.51,0.0012676
3.515,0.0012609
3.52,0.0012542
3.525,0.0012476
3.53,0.001241
3.535,0.0012344
3.54,0.0012279
3.545,0.0012214
3.55,0.0012149
3.555,0.0012085
3.56,0.0012021
3.565,0.0011957
3.57,0.0011894
3.575,0.0011831
3.58,0.0011768
3.585,0.0011705
3.59,0.0011643
3.595,0.0011581
3.6,0.001152
3.605,0.0011458
3.61,0.0011397
3.615,0.0011337
3.62,0.0011277
3.625,0.0011217
3.63,0.0011157
3.635,0.0011097
3.64,0.0011038
3.645,0.001098
3.65,0.0010921
3.655,0.0010863
3.66,0.0010805
3.665,0.0010747
3.67,0.001069
3.675,0.0010633
3.68,0.0010576
3.685,0.001052
3.69,0.0010464
3.695,0.0010408
3.7,0.0010353
3.705,0.0010297
3.71,0.0010242
3.715,0.0010188
3.72,0.0010133
3.725,0.0010079
3.73,0.0010026
3.735,0.0009972
3.74,0.00099188
3.745,0.00098659
3.75,0.00098133
3.755,0.00097609
3.76,0.00097088
3.765,0.0009657
3.77,0.00096055
3.775,0.00095543
3.78,0.00095033
3.785,0.00094526
3.79,0.00094022
3.795,0.00093521
3.8,0.00093022
3.805,0.00092526
3.81,0.00092033
3.815,0.00091542
3.82,0.00091054
3.825,0.00090569
3.83,0.00090086
3.835,0.00089606
3.84,0.00089129
3.845,0.00088654
3.85,0.00088182
3.855,0.00087713
3.86,0.00087246
3.865,0.00086781
3.87,0.0008632
3.875,0.0008586
3.88,0.00085404
3.885,0.00084949
3.89,0.00084498
3.895,0.00084049
3.9,0.00083602
3.905,0.00083158
3.91,0.00082716
3.915,0.00082277
3.92,0.0008184
3.925,0.00081406
3.93,0.00080974
3.935,0.00080544
3.94,0.00080117
3.945,0.00079692
3.95,0.0007927
3.955,0.0007885
3.96,0.00078432
3.965,0.00078017
3.97,0.00077604
3.975,0.00077193
3.98,0.00076785
3.985,0.00076379
3.99,0.00075975
3.995,0.00075573
4,0.00075174
4.005,0.00074777
4.01,0.00074382
4.015,0.0007399
4.02,0.00073599
4.025,0.00073211
4.03,0.00072825
4.035,0.00072441
4.04,0.0007206
4.045,0.0007168
4.05,0.00071303
4.055,0.00070928
4.06,0.00070555
4.065,0.00070184
4.07,0.00069815
4.075,0.00069448
4.08,0.00069084
4.085,0.00068721
4.09,0.00068361
4.095,0.00068002
4.1,0.00067646
4.105,0.00067291
4.11,0.00066939
4.115,0.00066588
4.12,0.0006624
4.125,0.00065893
4.13,0.00065549
4.135,0.00065206
4.14,0.00064866
4.145,0.00064527
4.15,0.0006419
4.155,0.00063856
4.16,0.00063523
4.165,0.00063192
4.17,0.00062863
4.175,0.00062535
4.18,0.0006221
4.185,0.00061886
4.19,0.00061565
4.195,0.00061245
4.2,0.00060927
4.205,0.00060611
4.21,0.00060296
4.215,0.00059983
4.22,0.00059673
4.225,0.00059364
4.23,0.00059056
4.235,0.00058751
4.24,0.00058447
4.245,0.00058145
4.25,0.00057844
4.255,0.00057546
4.26,0.00057249
4.265,0.00056953
4.27,0.0005666
4.275,0.00056368
4.28,0.00056078
4.285,0.00055789
4.29,0.00055502
4.295,0.00055217
4.3,0.00054933
4.305,0.00054651
4.31,0.00054371
4.315,0.00054092
4.32,0.00053814
4.325,0.00053539
4.33,0.00053265
4.335,0.00052992
4.34,0.00052721
4.345,0.00052451
4.35,0.00052183
4.355,0.00051917
4.36,0.00051652
4.365,0.00051389
4.37,0.00051127
4.375,0.00050866
4.38,0.00050607
4.385,0.0005035
4.39,0.00050094
4.395,0.00049839
4.4,0.00049586
4.405,0.00049335
4.41,0.00049084
4.415,0.00048836
4.42,0.00048588
4.425,0.00048342
4.43,0.00048098
4.435,0.00047854
4.44,0.00047613
4.445,0.00047372
4.45,0.00047133
4.455,0.00046895
4.46,0.00046659
4.465,0.00046424
4.47,0.0004619
4.475,0.00045958
4.48,0.00045727
4.485,0.00045497
4.49,0.00045268
4.495,0.00045041
4.5,0.00044815
4.505,0.00044591
4.51,0.00044367
4.515,0.00044145
4.52,0.00043924
4.525,0.00043705
4.53,0.00043487
4.535,0.00043269
4.54,0.00043054
4.545,0.00042839
4.55,0.00042625
4.555,0.00042413
4.56,0.00042202
4.565,0.00041992
4.57,0.00041784
4.575,0.00041576
4.58,0.0004137
4.585,0.00041164
4.59,0.0004096
4.595,0.00040758
4.6,0.00040556
4.605,0.00040355
4.61,0.00040156
4.615,0.00039957
4.62,0.0003976
4.625,0.00039564
4.63,0.00039369
4.635,0.00039175
4.64,0.00038982
4.645,0.0003879
4.65,0.00038599
4.655,0.0003841
4.66,0.00038221
4.665,0.00038034
4.67,0.00037847
4.675,0.00037662
4.68,0.00037477
4.685,0.00037294
4.69,0.00037112
4.695,0.0003693
4.7,0.0003675
4.705,0.00036571
4.71,0.00036392
4.715,0.00036215
4.72,0.00036039
4.725,0.00035863
4.73,0.00035689
4.735,0.00035515
4.74,0.00035343
4.745,0.00035171
4.75,0.00035001
4.755,0.00034831
4.76,0.00034663
4.765,0.00034495
4.77,0.00034328
4.775,0.00034162
4.78,0.00033997
4.785,0.00033833
4.79,0.0003367
4.795,0.00033508
4.8,0.00033346
4.805,0.00033186
4.81,0.00033026
4.815,0.00032868
4.82,0.0003271
4.825,0.00032553
4.83,0.00032397
4.835,0.00032242
4.84,0.00032087
4.845,0.00031934
4.85,0.00031781
4.855,0.00031629
4.86,0.00031478
4.865,0.00031328
4.87,0.00031179
4.875,0.0003103
4.88,0.00030882
4.885,0.00030736
4.89,0.00030589
4.895,0.00030444
4.9,0.000303
4.905,0.00030156
4.91,0.00030013
4.915,0.00029871
4.92,0.00029729
4.925,0.00029589
4.93,0.00029449
4.935,0.0002931
4.94,0.00029172
4.945,0.00029034
4.95,0.00028897
4.955,0.00028761
4.96,0.00028626
4.965,0.00028491
4.97,0.00028357
4.975,0.00028224
4.98,0.00028092
4.985,0.0002796
4.99,0.00027829
4.995,0.00027699
5,0.00027569
5.005,0.0002744
5.01,0.00027312
5.015,0.00027185
5.02,0.00027058
5.025,0.00026932
5.03,0.00026806
5.035,0.00026681
5.04,0.00026557
5.045,0.00026434
5.05,0.00026311
5.055,0.00026189
5.06,0.00026068
5.065,0.00025947
5.07,0.00025827
5.075,0.00025707
5.08,0.00025588
5.085,0.0002547
5.09,0.00025353
5.095,0.00025236
5.1,0.00025119
5.105,0.00025004
5.11,0.00024888
5.115,0.00024774
5.12,0.0002466
5.125,0.00024547
5.13,0.00024434
5.135,0.00024322
5.14,0.00024211
5.145,0.000241
5.15,0.0002399
5.155,0.0002388
5.16,0.00023771
5.165,0.00023662
5.17,0.00023554
5.175,0.00023447
5.18,0.0002334
5.185,0.00023234
5.19,0.00023128
5.195,0.00023023
5.2,0.00022918
5.205,0.00022814
5.21,0.00022711
5.215,0.00022608
5.22,0.00022506
5.225,0.00022404
5.23,0.00022302
5.235,0.00022202
5.24,0.00022101
5.245,0.00022002
5.25,0.00021902
5.255,0.00021804
5.26,0.00021706
5.265,0.00021608
5.27,0.00021511
5.275,0.00021414
5.28,0.00021318
5.285,0.00021223
5.29,0.00021127
5.295,0.00021033
5.3,0.00020939
5.305,0.00020845
5.31,0.00020752
5.315,0.00020659
5.32,0.00020567
5.325,0.00020475
5.33,0.00020384
5.335,0.00020293
5.34,0.00020203
5.345,0.00020113
5.35,0.00020024
5.355,0.00019935
5.36,0.00019847
5.365,0.00019759
5.37,0.00019671
5.375,0.00019584
5.38,0.00019498
5.385,0.00019411
5.39,0.00019326
5.395,0.0001924
5.4,0.00019156
5.405,0.00019071
5.41,0.00018987
5.415,0.00018904
5.42,0.00018821
5.425,0.00018738
5.43,0.00018656
5.435,0.00018574
5.44,0.00018492
5.445,0.00018411
5.45,0.00018331
5.455,0.00018251
5.46,0.00018171
5.465,0.00018092
5.47,0.00018013
5.475,0.00017934
5.48,0.00017856
5.485,0.00017778
5.49,0.00017701
5.495,0.00017624
5.5,0.00017548
5.505,0.00017471
5.51,0.00017396
5.515,0.0001732
5.52,0.00017245
5.525,0.00017171
5.53,0.00017096
5.535,0.00017022
5.54,0.00016949
5.545,0.00016876
5.55,0.00016803
5.555,0.00016731
5.56,0.00016659
5.565,0.00016587
5.57,0.00016516
5.575,0.00016445
5.58,0.00016374
5.585,0.00016304
5.59,0.00016234
5.595,0.00016165
5.6,0.00016095
5.605,0.00016027
5.61,0.00015958
5.615,0.0001589
5.62,0.00015822
5.625,0.00015755
5.63,0.00015688
5.635,0.00015621
5.64,0.00015554
5.645,0.00015488
5.65,0.00015422
5.655,0.00015357
5.66,0.00015292
5.665,0.00015227
5.67,0.00015162
5.675,0.00015098
5.68,0.00015034
5.685,0.00014971
5.69,0.00014908
5.695,0.00014845
5.7,0.00014782
5.705,0.0001472
5.71,0.00014658
5.715,0.00014596
5.72,0.00014535
5.725,0.00014474
5.73,0.00014413
5.735,0.00014353
5.74,0.00014293
5.745,0.00014233
5.75,0.00014173
5.755,0.00014114
5.76,0.00014055
5.765,0.00013996
5.77,0.00013938
5.775,0.0001388
5.78,0.00013822
5.785,0.00013764
5.79,0.00013707
5.795,0.0001365
5.8,0.00013593
5.805,0.00013537
5.81,0.00013481
5.815,0.00013425
5.82,0.00013369
5.825,0.00013314
5.83,0.00013259
5.835,0.00013204
5.84,0.00013149
5.845,0.00013095
5.85,0.00013041
5.855,0.00012987
5.86,0.00012934
5.865,0.00012881
5.87,0.00012828
5.875,0.00012775
5.88,0.00012723
5.885,0.0001267
5.89,0.00012618
5.895,0.00012567
5.9,0.00012515
5.905,0.00012464
5.91,0.00012413
5.915,0.00012362
5.92,0.00012312
5.925,0.00012262
5.93,0.00012212
5.935,0.00012162
5.94,0.00012113
5.945,0.00012063
5.95,0.00012014
5.955,0.00011966
5.96,0.00011917
5.965,0.00011869
5.97,0.00011821
5.975,0.00011773
5.98,0.00011725
5.985,0.00011678
5.99,0.0001163
5.995,0.00011584
6,0.00011537
6.005,0.0001149
6.01,0.00011444
6.015,0.00011398
6.02,0.00011352
6.025,0.00011306
6.03,0.00011261
6.035,0.00011216
6.04,0.00011171
6.045,0.00011126
6.05,0.00011081
6.055,0.00011037
6.06,0.00010993
6.065,0.00010949
6.07,0.00010905
6.075,0.00010862
6.08,0.00010819
6.085,0.00010775
6.09,0.00010732
6.095,0.0001069
6.1,0.00010647
6.105,0.00010605
6.11,0.00010563
6.115,0.00010521
6.12,0.00010479
6.125,0.00010438
6.13,0.00010396
6.135,0.00010355
6.14,0.00010314
6.145,0.00010274
6.15,0.00010233
6.155,0.00010193
6.16,0.00010152
6.165,0.00010112
6.17,0.00010073
6.175,0.00010033
6.18,9.9936e-005
6.185,9.9544e-005
6.19,9.9153e-005
6.195,9.8764e-005
6.2,9.8377e-005
6.205,9.7992e-005
6.21,9.7608e-005
6.215,9.7226e-005
6.22,9.6846e-005
6.225,9.6468e-005
6.23,9.6092e-005
6.235,9.5717e-005
6.24,9.5344e-005
6.245,9.4973e-005
6.25,9.4603e-005
6.255,9.4235e-005
6.26,9.3869e-005
6.265,9.3505e-005
6.27,9.3142e-005
6.275,9.2781e-005
6.28,9.2421e-005
