0,1.5708,0.0043646
0,1.4923,0.004183
0,1.4137,0.0038747
0,1.3352,0.0032571
0,1.2566,0.0023074
0,1.1781,0.019529
0,1.0996,0.02577
0,1.021,0.028486
0,0.94248,0.02996
0,0.86394,0.030906
0,0.7854,0.029294
0,0.70686,0.022967
0,0.62832,0.013182
0,0.54978,0.0046449
0,0.47124,0.0007274
0,0.3927,2.5602e-005
0,0.31416,3.8806e-008
0,0.23562,1.9366e-014
0,0.15708,7.1974e-033
0,0.07854,6.0469e-134
0,0,0
0,-0.07854,6.0469e-134
0,-0.15708,7.1974e-033
0,-0.23562,1.9366e-014
0,-0.31416,3.8806e-008
0,-0.3927,2.5602e-005
0,-0.47124,0.0007274
0,-0.54978,0.0046449
0,-0.62832,0.013182
0,-0.70686,0.022967
0,-0.7854,0.029294
0,-0.86394,0.030906
0,-0.94248,0.02996
0,-1.021,0.028486
0,-1.0996,0.02577
0,-1.1781,0.019529
0,-1.2566,0.0023074
0,-1.3352,0.0032571
0,-1.4137,0.0038747
0,-1.4923,0.004183
0,-1.5708,0.0043646

0.22147,1.5708,0.0062274
0.22147,1.4923,0.0062309
0.22147,1.4137,0.006082
0.22147,1.3352,0.0054533
0.22147,1.2566,0.0041842
0.22147,1.1781,0.028601
0.22147,1.0996,0.036572
0.22147,1.021,0.039056
0.22147,0.94248,0.039618
0.22147,0.86394,0.039526
0.22147,0.7854,0.03647
0.22147,0.70686,0.028095
0.22147,0.62832,0.016065
0.22147,0.54978,0.0057824
0.22147,0.47124,0.00097636
0.22147,0.3927,4.2445e-005
0.22147,0.31416,1.2005e-007
0.22147,0.23562,5.6984e-013
0.22147,0.15708,3.4316e-026
0.22147,0.07854,1.9565e-066
0.22147,0,6.0763e-134
0.22147,-0.07854,1.9565e-066
0.22147,-0.15708,3.4316e-026
0.22147,-0.23562,5.6984e-013
0.22147,-0.31416,1.2005e-007
0.22147,-0.3927,4.2445e-005
0.22147,-0.47124,0.00097636
0.22147,-0.54978,0.0057824
0.22147,-0.62832,0.016065
0.22147,-0.70686,0.028095
0.22147,-0.7854,0.03647
0.22147,-0.86394,0.039526
0.22147,-0.94248,0.039618
0.22147,-1.021,0.039056
0.22147,-1.0996,0.036572
0.22147,-1.1781,0.028601
0.22147,-1.2566,0.0041842
0.22147,-1.3352,0.0054533
0.22147,-1.4137,0.006082
0.22147,-1.4923,0.0062309
0.22147,-1.5708,0.0062274

0.31321,1.5708,0.0087087
0.31321,1.4923,0.0090627
0.31321,1.4137,0.009302
0.31321,1.3352,0.008904
0.31321,1.2566,0.0074304
0.31321,1.1781,0.040008
0.31321,1.0996,0.050472
0.31321,1.021,0.052568
0.31321,0.94248,0.051567
0.31321,0.86394,0.049947
0.31321,0.7854,0.045439
0.31321,0.70686,0.035328
0.31321,0.62832,0.021109
0.31321,0.54978,0.0084569
0.31321,0.47124,0.0018162
0.31321,0.3927,0.00013819
0.31321,0.31416,1.6486e-006
0.31321,0.23562,5.9068e-010
0.31321,0.15708,3.0522e-016
0.31321,0.07854,3.4803e-026
0.31321,0,7.398e-033
0.31321,-0.07854,3.4803e-026
0.31321,-0.15708,3.0522e-016
0.31321,-0.23562,5.9068e-010
0.31321,-0.31416,1.6486e-006
0.31321,-0.3927,0.00013819
0.31321,-0.47124,0.0018162
0.31321,-0.54978,0.0084569
0.31321,-0.62832,0.021109
0.31321,-0.70686,0.035328
0.31321,-0.7854,0.045439
0.31321,-0.86394,0.049947
0.31321,-0.94248,0.051567
0.31321,-1.021,0.052568
0.31321,-1.0996,0.050472
0.31321,-1.1781,0.040008
0.31321,-1.2566,0.0074304
0.31321,-1.3352,0.008904
0.31321,-1.4137,0.009302
0.31321,-1.4923,0.0090627
0.31321,-1.5708,0.0087087

0.3836,1.5708,0.011899
0.3836,1.4923,0.012816
0.3836,1.4137,0.013778
0.3836,1.3352,0.014056
0.3836,1.2566,0.01277
0.3836,1.1781,0.05369
0.3836,1.0996,0.068154
0.3836,1.021,0.070106
0.3836,0.94248,0.066787
0.3836,0.86394,0.062935
0.3836,0.7854,0.056899
0.3836,0.70686,0.045476
0.3836,0.62832,0.029319
0.3836,0.54978,0.013755
0.3836,0.47124,0.0040599
0.3836,0.3927,0.00059886
0.3836,0.31416,3.0778e-005
0.3836,0.23562,3.3947e-007
0.3836,0.15708,6.077e-010
0.3836,0.07854,5.984e-013
0.3836,0,2.089e-014
0.3836,-0.07854,5.984e-013
0.3836,-0.15708,6.077e-010
0.3836,-0.23562,3.3947e-007
0.3836,-0.31416,3.0778e-005
0.3836,-0.3927,0.00059886
0.3836,-0.47124,0.0040599
0.3836,-0.54978,0.013755
0.3836,-0.62832,0.029319
0.3836,-0.70686,0.045476
0.3836,-0.7854,0.056899
0.3836,-0.86394,0.062935
0.3836,-0.94248,0.066787
0.3836,-1.021,0.070106
0.3836,-1.0996,0.068154
0.3836,-1.1781,0.05369
0.3836,-1.2566,0.01277
0.3836,-1.3352,0.014056
0.3836,-1.4137,0.013778
0.3836,-1.4923,0.012816
0.3836,-1.5708,0.011899

0.44294,1.5708,0.015851
0.44294,1.4923,0.017567
0.44294,1.4137,0.019667
0.44294,1.3352,0.021285
0.44294,1.2566,0.021003
0.44294,1.1781,0.06909
0.44294,1.0996,0.090157
0.44294,1.021,0.093192
0.44294,0.94248,0.086885
0.44294,0.86394,0.079704
0.44294,0.7854,0.071691
0.44294,0.70686,0.059308
0.44294,0.62832,0.041781
0.44294,0.54978,0.023256
0.44294,0.47124,0.009404
0.44294,0.3927,0.0024872
0.44294,0.31416,0.00038278
0.44294,0.23562,3.2232e-005
0.44294,0.15708,1.7856e-006
0.44294,0.07854,1.3421e-007
0.44294,0,4.5333e-008
0.44294,-0.07854,1.3421e-007
0.44294,-0.15708,1.7856e-006
0.44294,-0.23562,3.2232e-005
0.44294,-0.31416,0.00038278
0.44294,-0.3927,0.0024872
0.44294,-0.47124,0.009404
0.44294,-0.54978,0.023256
0.44294,-0.62832,0.041781
0.44294,-0.70686,0.059308
0.44294,-0.7854,0.071691
0.44294,-0.86394,0.079704
0.44294,-0.94248,0.086885
0.44294,-1.021,0.093192
0.44294,-1.0996,0.090157
0.44294,-1.1781,0.06909
0.44294,-1.2566,0.021003
0.44294,-1.3352,0.021285
0.44294,-1.4137,0.019667
0.44294,-1.4923,0.017567
0.44294,-1.5708,0.015851

0.49523,1.5708,0.020564
0.49523,1.4923,0.023295
0.49523,1.4137,0.026957
0.49523,1.3352,0.030727
0.49523,1.2566,0.032733
0.49523,1.1781,0.084856
0.49523,1.0996,0.1163
0.49523,1.021,0.12359
0.49523,0.94248,0.11434
0.49523,0.86394,0.10229
0.49523,0.7854,0.091075
0.49523,0.70686,0.077603
0.49523,0.62832,0.059442
0.49523,0.54978,0.038689
0.49523,0.47124,0.020424
0.49523,0.3927,0.0084141
0.49523,0.31416,0.0026589
0.49523,0.23562,0.0006735
0.49523,0.15708,0.0001623
0.49523,0.07854,5.2234e-005
0.49523,0,3.359e-005
0.49523,-0.07854,5.2234e-005
0.49523,-0.15708,0.0001623
0.49523,-0.23562,0.0006735
0.49523,-0.31416,0.0026589
0.49523,-0.3927,0.0084141
0.49523,-0.47124,0.020424
0.49523,-0.54978,0.038689
0.49523,-0.62832,0.059442
0.49523,-0.70686,0.077603
0.49523,-0.7854,0.091075
0.49523,-0.86394,0.10229
0.49523,-0.94248,0.11434
0.49523,-1.021,0.12359
0.49523,-1.0996,0.1163
0.49523,-1.1781,0.084856
0.49523,-1.2566,0.032733
0.49523,-1.3352,0.030727
0.49523,-1.4137,0.026957
0.49523,-1.4923,0.023295
0.49523,-1.5708,0.020564

0.54249,1.5708,0.025983
0.54249,1.4923,0.029877
0.54249,1.4137,0.035428
0.54249,1.3352,0.042115
0.54249,1.2566,0.047972
0.54249,1.1781,0.049797
0.54249,1.0996,0.14474
0.54249,1.021,0.16245
0.54249,0.94248,0.15257
0.54249,0.86394,0.13412
0.54249,0.7854,0.11738
0.54249,0.70686,0.10154
0.54249,0.62832,0.08302
0.54249,0.54978,0.061329
0.54249,0.47124,0.039743
0.54249,0.3927,0.022343
0.54249,0.31416,0.011043
0.54249,0.23562,0.0050588
0.54249,0.15708,0.002395
0.54249,0.07854,0.0013739
0.54249,0,0.0011164
0.54249,-0.07854,0.0013739
0.54249,-0.15708,0.002395
0.54249,-0.23562,0.0050588
0.54249,-0.31416,0.011043
0.54249,-0.3927,0.022343
0.54249,-0.47124,0.039743
0.54249,-0.54978,0.061329
0.54249,-0.62832,0.08302
0.54249,-0.70686,0.10154
0.54249,-0.7854,0.11738
0.54249,-0.86394,0.13412
0.54249,-0.94248,0.15257
0.54249,-1.021,0.16245
0.54249,-1.0996,0.14474
0.54249,-1.1781,0.049797
0.54249,-1.2566,0.047972
0.54249,-1.3352,0.042115
0.54249,-1.4137,0.035428
0.54249,-1.4923,0.029877
0.54249,-1.5708,0.025983

0.58596,1.5708,0.032001
0.58596,1.4923,0.037101
0.58596,1.4137,0.044667
0.58596,1.3352,0.05474
0.58596,1.2566,0.065825
0.58596,1.1781,0.074186
0.58596,1.0996,0.17115
0.58596,1.021,0.20834
0.58596,0.94248,0.205
0.58596,0.86394,0.18055
0.58596,0.7854,0.1551
0.58596,0.70686,0.13378
0.58596,0.62832,0.11359
0.58596,0.54978,0.091754
0.58596,0.47124,0.068811
0.58596,0.3927,0.047667
0.58596,0.31416,0.030996
0.58596,0.23562,0.01969
0.58596,0.15708,0.013026
0.58596,0.07854,0.0097063
0.58596,0,0.0087197
0.58596,-0.07854,0.0097063
0.58596,-0.15708,0.013026
0.58596,-0.23562,0.01969
0.58596,-0.31416,0.030996
0.58596,-0.3927,0.047667
0.58596,-0.47124,0.068811
0.58596,-0.54978,0.091754
0.58596,-0.62832,0.11359
0.58596,-0.70686,0.13378
0.58596,-0.7854,0.1551
0.58596,-0.86394,0.18055
0.58596,-0.94248,0.205
0.58596,-1.021,0.20834
0.58596,-1.0996,0.17115
0.58596,-1.1781,0.074186
0.58596,-1.2566,0.065825
0.58596,-1.3352,0.05474
0.58596,-1.4137,0.044667
0.58596,-1.4923,0.037101
0.58596,-1.5708,0.032001

0.62642,1.5708,0.038485
0.62642,1.4923,0.044716
0.62642,1.4137,0.054168
0.62642,1.3352,0.067592
0.62642,1.2566,0.084514
0.62642,1.1781,0.1018
0.62642,1.0996,0.11356
0.62642,1.021,0.2546
0.62642,0.94248,0.27195
0.62642,0.86394,0.24812
0.62642,0.7854,0.21204
0.62642,0.70686,0.18028
0.62642,0.62832,0.15442
0.62642,0.54978,0.13099
0.62642,0.47124,0.10778
0.62642,0.3927,0.085352
0.62642,0.31416,0.065627
0.62642,0.23562,0.050219
0.62642,0.15708,0.039669
0.62642,0.07854,0.033683
0.62642,0,0.031763
0.62642,-0.07854,0.033683
0.62642,-0.15708,0.039669
0.62642,-0.23562,0.050219
0.62642,-0.31416,0.065627
0.62642,-0.3927,0.085352
0.62642,-0.47124,0.10778
0.62642,-0.54978,0.13099
0.62642,-0.62832,0.15442
0.62642,-0.70686,0.18028
0.62642,-0.7854,0.21204
0.62642,-0.86394,0.24812
0.62642,-0.94248,0.27195
0.62642,-1.021,0.2546
0.62642,-1.0996,0.11356
0.62642,-1.1781,0.1018
0.62642,-1.2566,0.084514
0.62642,-1.3352,0.067592
0.62642,-1.4137,0.054168
0.62642,-1.4923,0.044716
0.62642,-1.5708,0.038485

0.66442,1.5708,0.04529
0.66442,1.4923,0.052482
0.66442,1.4137,0.063464
0.66442,1.3352,0.079665
0.66442,1.2566,0.10191
0.66442,1.1781,0.12876
0.66442,1.0996,0.15494
0.66442,1.021,0.28882
0.66442,0.94248,0.34463
0.66442,0.86394,0.33987
0.66442,0.7854,0.29873
0.66442,0.70686,0.25239
0.66442,0.62832,0.21406
0.66442,0.54978,0.18375
0.66442,0.47124,0.15809
0.66442,0.3927,0.13502
0.66442,0.31416,0.11448
0.66442,0.23562,0.097468
0.66442,0.15708,0.084918
0.66442,0.07854,0.077316
0.66442,0,0.074782
0.66442,-0.07854,0.077316
0.66442,-0.15708,0.084918
0.66442,-0.23562,0.097468
0.66442,-0.31416,0.11448
0.66442,-0.3927,0.13502
0.66442,-0.47124,0.15809
0.66442,-0.54978,0.18375
0.66442,-0.62832,0.21406
0.66442,-0.70686,0.25239
0.66442,-0.7854,0.29873
0.66442,-0.86394,0.33987
0.66442,-0.94248,0.34463
0.66442,-1.021,0.28882
0.66442,-1.0996,0.15494
0.66442,-1.1781,0.12876
0.66442,-1.2566,0.10191
0.66442,-1.3352,0.079665
0.66442,-1.4137,0.063464
0.66442,-1.4923,0.052482
0.66442,-1.5708,0.04529

0.70036,1.5708,0.052274
0.70036,1.4923,0.060206
0.70036,1.4137,0.072226
0.70036,1.3352,0.090255
0.70036,1.2566,0.11627
0.70036,1.1781,0.15104
0.70036,1.0996,0.19188
0.70036,1.021,0.23118
0.70036,0.94248,0.40173
0.70036,0.86394,0.44446
0.70036,0.7854,0.42128
0.70036,0.70686,0.36588
0.70036,0.62832,0.30929
0.70036,0.54978,0.26339
0.70036,0.47124,0.22814
0.70036,0.3927,0.20044
0.70036,0.31416,0.17803
0.70036,0.23562,0.16016
0.70036,0.15708,0.14698
0.70036,0.07854,0.13887
0.70036,0,0.13613
0.70036,-0.07854,0.13887
0.70036,-0.15708,0.14698
0.70036,-0.23562,0.16016
0.70036,-0.31416,0.17803
0.70036,-0.3927,0.20044
0.70036,-0.47124,0.22814
0.70036,-0.54978,0.26339
0.70036,-0.62832,0.30929
0.70036,-0.70686,0.36588
0.70036,-0.7854,0.42128
0.70036,-0.86394,0.44446
0.70036,-0.94248,0.40173
0.70036,-1.021,0.23118
0.70036,-1.0996,0.19188
0.70036,-1.1781,0.15104
0.70036,-1.2566,0.11627
0.70036,-1.3352,0.090255
0.70036,-1.4137,0.072226
0.70036,-1.4923,0.060206
0.70036,-1.5708,0.052274

0.73454,1.5708,0.059302
0.73454,1.4923,0.067751
0.73454,1.4137,0.080303
0.73454,1.3352,0.099102
0.73454,1.2566,0.12686
0.73454,1.1781,0.16618
0.73454,1.0996,0.21771
0.73454,1.021,0.27757
0.73454,0.94248,0.33619
0.73454,0.86394,0.52754
0.73454,0.7854,0.56247
0.73454,0.70686,0.52832
0.73454,0.62832,0.46209
0.73454,0.54978,0.39505
0.73454,0.47124,0.34008
0.73454,0.3927,0.29841
0.73454,0.31416,0.26753
0.73454,0.23562,0.24501
0.73454,0.15708,0.22944
0.73454,0.07854,0.22021
0.73454,0,0.21714
0.73454,-0.07854,0.22021
0.73454,-0.15708,0.22944
0.73454,-0.23562,0.24501
0.73454,-0.31416,0.26753
0.73454,-0.3927,0.29841
0.73454,-0.47124,0.34008
0.73454,-0.54978,0.39505
0.73454,-0.62832,0.46209
0.73454,-0.70686,0.52832
0.73454,-0.7854,0.56247
0.73454,-0.86394,0.52754
0.73454,-0.94248,0.33619
0.73454,-1.021,0.27757
0.73454,-1.0996,0.21771
0.73454,-1.1781,0.16618
0.73454,-1.2566,0.12686
0.73454,-1.3352,0.099102
0.73454,-1.4137,0.080303
0.73454,-1.4923,0.067751
0.73454,-1.5708,0.059302

0.7672,1.5708,0.066242
0.7672,1.4923,0.075027
0.7672,1.4137,0.087689
0.7672,1.3352,0.10634
0.7672,1.2566,0.13393
0.7672,1.1781,0.17403
0.7672,1.0996,0.2299
0.7672,1.021,0.30226
0.7672,0.94248,0.38651
0.7672,0.86394,0.47197
0.7672,0.7854,0.66768
0.7672,0.70686,0.70758
0.7672,0.62832,0.67479
0.7672,0.54978,0.60475
0.7672,0.47124,0.52949
0.7672,0.3927,0.46504
0.7672,0.31416,0.41552
0.7672,0.23562,0.37992
0.7672,0.15708,0.35613
0.7672,0.07854,0.3425
0.7672,0,0.33805
0.7672,-0.07854,0.3425
0.7672,-0.15708,0.35613
0.7672,-0.23562,0.37992
0.7672,-0.31416,0.41552
0.7672,-0.3927,0.46504
0.7672,-0.47124,0.52949
0.7672,-0.54978,0.60475
0.7672,-0.62832,0.67479
0.7672,-0.70686,0.70758
0.7672,-0.7854,0.66768
0.7672,-0.86394,0.47197
0.7672,-0.94248,0.38651
0.7672,-1.021,0.30226
0.7672,-1.0996,0.2299
0.7672,-1.1781,0.17403
0.7672,-1.2566,0.13393
0.7672,-1.3352,0.10634
0.7672,-1.4137,0.087689
0.7672,-1.4923,0.075027
0.7672,-1.5708,0.066242

0.79853,1.5708,0.07296
0.79853,1.4923,0.081954
0.79853,1.4137,0.094442
0.79853,1.3352,0.11232
0.79853,1.2566,0.13835
0.79853,1.1781,0.17626
0.79853,1.0996,0.23045
0.79853,1.021,0.30483
0.79853,0.94248,0.40044
0.79853,0.86394,0.51282
0.79853,0.7854,0.63134
0.79853,0.70686,0.81828
0.79853,0.62832,0.88165
0.79853,0.54978,0.87009
0.79853,0.47124,0.81225
0.79853,0.3927,0.73937
0.79853,0.31416,0.67151
0.79853,0.23562,0.61745
0.79853,0.15708,0.57944
0.79853,0.07854,0.55716
0.79853,0,0.54984
0.79853,-0.07854,0.55716
0.79853,-0.15708,0.57944
0.79853,-0.23562,0.61745
0.79853,-0.31416,0.67151
0.79853,-0.3927,0.73937
0.79853,-0.47124,0.81225
0.79853,-0.54978,0.87009
0.79853,-0.62832,0.88165
0.79853,-0.70686,0.81828
0.79853,-0.7854,0.63134
0.79853,-0.86394,0.51282
0.79853,-0.94248,0.40044
0.79853,-1.021,0.30483
0.79853,-1.0996,0.23045
0.79853,-1.1781,0.17626
0.79853,-1.2566,0.13835
0.79853,-1.3352,0.11232
0.79853,-1.4137,0.094442
0.79853,-1.4923,0.081954
0.79853,-1.5708,0.07296

0.82867,1.5708,0.079314
0.82867,1.4923,0.088446
0.82867,1.4137,0.10062
0.82867,1.3352,0.11741
0.82867,1.2566,0.14117
0.82867,1.1781,0.17519
0.82867,1.0996,0.2238
0.82867,1.021,0.29197
0.82867,0.94248,0.38405
0.82867,0.86394,0.50161
0.82867,0.7854,0.64105
0.82867,0.70686,0.79287
0.82867,0.62832,0.94407
0.82867,0.54978,1.0662
0.82867,0.47124,1.1012
0.82867,0.3927,1.0832
0.82867,0.31416,1.0381
0.82867,0.23562,0.98759
0.82867,0.15708,0.94525
0.82867,0.07854,0.91798
0.82867,0,0.90864
0.82867,-0.07854,0.91798
0.82867,-0.15708,0.94525
0.82867,-0.23562,0.98759
0.82867,-0.31416,1.0381
0.82867,-0.3927,1.0832
0.82867,-0.47124,1.1012
0.82867,-0.54978,1.0662
0.82867,-0.62832,0.94407
0.82867,-0.70686,0.79287
0.82867,-0.7854,0.64105
0.82867,-0.86394,0.50161
0.82867,-0.94248,0.38405
0.82867,-1.021,0.29197
0.82867,-1.0996,0.2238
0.82867,-1.1781,0.17519
0.82867,-1.2566,0.14117
0.82867,-1.3352,0.11741
0.82867,-1.4137,0.10062
0.82867,-1.4923,0.088446
0.82867,-1.5708,0.079314

0.85776,1.5708,0.085163
0.85776,1.4923,0.094396
0.85776,1.4137,0.10621
0.85776,1.3352,0.12185
0.85776,1.2566,0.14316
0.85776,1.1781,0.17278
0.85776,1.0996,0.21429
0.85776,1.021,0.27222
0.85776,0.94248,0.35156
0.85776,0.86394,0.45667
0.85776,0.7854,0.58937
0.85776,0.70686,0.74705
0.85776,0.62832,0.92184
0.85776,0.54978,1.102
0.85776,0.47124,1.2751
0.85776,0.3927,1.3061
0.85776,0.31416,1.3521
0.85776,0.23562,1.3639
0.85776,0.15708,1.3588
0.85776,0.07854,1.3503
0.85776,0,1.3466
0.85776,-0.07854,1.3503
0.85776,-0.15708,1.3588
0.85776,-0.23562,1.3639
0.85776,-0.31416,1.3521
0.85776,-0.3927,1.3061
0.85776,-0.47124,1.2751
0.85776,-0.54978,1.102
0.85776,-0.62832,0.92184
0.85776,-0.70686,0.74705
0.85776,-0.7854,0.58937
0.85776,-0.86394,0.45667
0.85776,-0.94248,0.35156
0.85776,-1.021,0.27222
0.85776,-1.0996,0.21429
0.85776,-1.1781,0.17278
0.85776,-1.2566,0.14316
0.85776,-1.3352,0.12185
0.85776,-1.4137,0.10621
0.85776,-1.4923,0.094396
0.85776,-1.5708,0.085163

0.88589,1.5708,0.09037
0.88589,1.4923,0.099683
0.88589,1.4137,0.11116
0.88589,1.3352,0.12574
0.88589,1.2566,0.1448
0.88589,1.1781,0.17028
0.88589,1.0996,0.20485
0.88589,1.021,0.25199
0.88589,0.94248,0.31586
0.88589,0.86394,0.40084
0.88589,0.7854,0.51054
0.88589,0.70686,0.64634
0.88589,0.62832,0.80597
0.88589,0.54978,0.98282
0.88589,0.47124,1.1666
0.88589,0.3927,1.3452
0.88589,0.31416,1.5068
0.88589,0.23562,1.6417
0.88589,0.15708,1.7426
0.88589,0.07854,1.8049
0.88589,0,1.8259
0.88589,-0.07854,1.8049
0.88589,-0.15708,1.7426
0.88589,-0.23562,1.6417
0.88589,-0.31416,1.5068
0.88589,-0.3927,1.3452
0.88589,-0.47124,1.1666
0.88589,-0.54978,0.98282
0.88589,-0.62832,0.80597
0.88589,-0.70686,0.64634
0.88589,-0.7854,0.51054
0.88589,-0.86394,0.40084
0.88589,-0.94248,0.31586
0.88589,-1.021,0.25199
0.88589,-1.0996,0.20485
0.88589,-1.1781,0.17028
0.88589,-1.2566,0.1448
0.88589,-1.3352,0.12574
0.88589,-1.4137,0.11116
0.88589,-1.4923,0.099683
0.88589,-1.5708,0.09037

0.91315,1.5708,0.094822
0.91315,1.4923,0.10419
0.91315,1.4137,0.11537
0.91315,1.3352,0.12905
0.91315,1.2566,0.14619
0.91315,1.1781,0.16817
0.91315,1.0996,0.19681
0.91315,1.021,0.23455
0.91315,0.94248,0.28429
0.91315,0.86394,0.34933
0.91315,0.7854,0.4328
0.91315,0.70686,0.53688
0.91315,0.62832,0.6618
0.91315,0.54978,0.8048
0.91315,0.47124,0.95976
0.91315,0.3927,1.1175
0.91315,0.31416,1.2672
0.91315,0.23562,1.3974
0.91315,0.15708,1.4982
0.91315,0.07854,1.5619
0.91315,0,1.5836
0.91315,-0.07854,1.5619
0.91315,-0.15708,1.4982
0.91315,-0.23562,1.3974
0.91315,-0.31416,1.2672
0.91315,-0.3927,1.1175
0.91315,-0.47124,0.95976
0.91315,-0.54978,0.8048
0.91315,-0.62832,0.6618
0.91315,-0.70686,0.53688
0.91315,-0.7854,0.4328
0.91315,-0.86394,0.34933
0.91315,-0.94248,0.28429
0.91315,-1.021,0.23455
0.91315,-1.0996,0.19681
0.91315,-1.1781,0.16817
0.91315,-1.2566,0.14619
0.91315,-1.3352,0.12905
0.91315,-1.4137,0.11537
0.91315,-1.4923,0.10419
0.91315,-1.5708,0.094822

0.93963,1.5708,0.098437
0.93963,1.4923,0.10781
0.93963,1.4137,0.11872
0.93963,1.3352,0.13165
0.93963,1.2566,0.14726
0.93963,1.1781,0.16644
0.93963,1.0996,0.19042
0.93963,1.021,0.22073
0.93963,0.94248,0.25926
0.93963,0.86394,0.30808
0.93963,0.7854,0.36928
0.93963,0.70686,0.44446
0.93963,0.62832,0.53417
0.93963,0.54978,0.63724
0.93963,0.47124,0.75025
0.93963,0.3927,0.86737
0.93963,0.31416,0.9808
0.93963,0.23562,1.0816
0.93963,0.15708,1.1612
0.93963,0.07854,1.2121
0.93963,0,1.2297
0.93963,-0.07854,1.2121
0.93963,-0.15708,1.1612
0.93963,-0.23562,1.0816
0.93963,-0.31416,0.9808
0.93963,-0.3927,0.86737
0.93963,-0.47124,0.75025
0.93963,-0.54978,0.63724
0.93963,-0.62832,0.53417
0.93963,-0.70686,0.44446
0.93963,-0.7854,0.36928
0.93963,-0.86394,0.30808
0.93963,-0.94248,0.25926
0.93963,-1.021,0.22073
0.93963,-1.0996,0.19042
0.93963,-1.1781,0.16644
0.93963,-1.2566,0.14726
0.93963,-1.3352,0.13165
0.93963,-1.4137,0.11872
0.93963,-1.4923,0.10781
0.93963,-1.5708,0.098437

0.96538,1.5708,0.10117
0.96538,1.4923,0.11048
0.96538,1.4137,0.12113
0.96538,1.3352,0.13342
0.96538,1.2566,0.1478
0.96538,1.1781,0.16483
0.96538,1.0996,0.18528
0.96538,1.021,0.21007
0.96538,0.94248,0.24032
0.96538,0.86394,0.27723
0.96538,0.7854,0.32197
0.96538,0.70686,0.3754
0.96538,0.62832,0.43777
0.96538,0.54978,0.50836
0.96538,0.47124,0.58507
0.96538,0.3927,0.66431
0.96538,0.31416,0.74115
0.96538,0.23562,0.80972
0.96538,0.15708,0.86407
0.96538,0.07854,0.89903
0.96538,0,0.9111
0.96538,-0.07854,0.89903
0.96538,-0.15708,0.86407
0.96538,-0.23562,0.80972
0.96538,-0.31416,0.74115
0.96538,-0.3927,0.66431
0.96538,-0.47124,0.58507
0.96538,-0.54978,0.50836
0.96538,-0.62832,0.43777
0.96538,-0.70686,0.3754
0.96538,-0.7854,0.32197
0.96538,-0.86394,0.27723
0.96538,-0.94248,0.24032
0.96538,-1.021,0.21007
0.96538,-1.0996,0.18528
0.96538,-1.1781,0.16483
0.96538,-1.2566,0.1478
0.96538,-1.3352,0.13342
0.96538,-1.4137,0.12113
0.96538,-1.4923,0.11048
0.96538,-1.5708,0.10117

0.99045,1.5708,0.10302
0.99045,1.4923,0.1122
0.99045,1.4137,0.12254
0.99045,1.3352,0.13426
0.99045,1.2566,0.14763
0.99045,1.1781,0.163
0.99045,1.0996,0.18081
0.99045,1.021,0.2016
0.99045,0.94248,0.22597
0.99045,0.86394,0.25456
0.99045,0.7854,0.28793
0.99045,0.70686,0.32643
0.99045,0.62832,0.37005
0.99045,0.54978,0.41814
0.99045,0.47124,0.46935
0.99045,0.3927,0.52142
0.99045,0.31416,0.57133
0.99045,0.23562,0.61553
0.99045,0.15708,0.6504
0.99045,0.07854,0.67277
0.99045,0,0.68048
0.99045,-0.07854,0.67277
0.99045,-0.15708,0.6504
0.99045,-0.23562,0.61553
0.99045,-0.31416,0.57133
0.99045,-0.3927,0.52142
0.99045,-0.47124,0.46935
0.99045,-0.54978,0.41814
0.99045,-0.62832,0.37005
0.99045,-0.70686,0.32643
0.99045,-0.7854,0.28793
0.99045,-0.86394,0.25456
0.99045,-0.94248,0.22597
0.99045,-1.021,0.2016
0.99045,-1.0996,0.18081
0.99045,-1.1781,0.163
0.99045,-1.2566,0.14763
0.99045,-1.3352,0.13426
0.99045,-1.4137,0.12254
0.99045,-1.4923,0.1122
0.99045,-1.5708,0.10302

1.0149,1.5708,0.10403
1.0149,1.4923,0.113
1.0149,1.4137,0.12299
1.0149,1.3352,0.13414
1.0149,1.2566,0.14663
1.0149,1.1781,0.16066
1.0149,1.0996,0.17647
1.0149,1.021,0.19435
1.0149,0.94248,0.21459
1.0149,0.86394,0.23747
1.0149,0.7854,0.26321
1.0149,0.70686,0.29188
1.0149,0.62832,0.32329
1.0149,0.54978,0.35691
1.0149,0.47124,0.39178
1.0149,0.3927,0.42646
1.0149,0.31416,0.45911
1.0149,0.23562,0.48764
1.0149,0.15708,0.50991
1.0149,0.07854,0.52411
1.0149,0,0.52899
1.0149,-0.07854,0.52411
1.0149,-0.15708,0.50991
1.0149,-0.23562,0.48764
1.0149,-0.31416,0.45911
1.0149,-0.3927,0.42646
1.0149,-0.47124,0.39178
1.0149,-0.54978,0.35691
1.0149,-0.62832,0.32329
1.0149,-0.70686,0.29188
1.0149,-0.7854,0.26321
1.0149,-0.86394,0.23747
1.0149,-0.94248,0.21459
1.0149,-1.021,0.19435
1.0149,-1.0996,0.17647
1.0149,-1.1781,0.16066
1.0149,-1.2566,0.14663
1.0149,-1.3352,0.13414
1.0149,-1.4137,0.12299
1.0149,-1.4923,0.113
1.0149,-1.5708,0.10403

1.0388,1.5708,0.10424
1.0388,1.4923,0.11293
1.0388,1.4137,0.12252
1.0388,1.3352,0.1331
1.0388,1.2566,0.14478
1.0388,1.1781,0.15767
1.0388,1.0996,0.1719
1.0388,1.021,0.18759
1.0388,0.94248,0.20485
1.0388,0.86394,0.22379
1.0388,0.7854,0.24441
1.0388,0.70686,0.26664
1.0388,0.62832,0.29023
1.0388,0.54978,0.31474
1.0388,0.47124,0.33949
1.0388,0.3927,0.36352
1.0388,0.31416,0.38569
1.0388,0.23562,0.40475
1.0388,0.15708,0.41945
1.0388,0.07854,0.42874
1.0388,0,0.43193
1.0388,-0.07854,0.42874
1.0388,-0.15708,0.41945
1.0388,-0.23562,0.40475
1.0388,-0.31416,0.38569
1.0388,-0.3927,0.36352
1.0388,-0.47124,0.33949
1.0388,-0.54978,0.31474
1.0388,-0.62832,0.29023
1.0388,-0.70686,0.26664
1.0388,-0.7854,0.24441
1.0388,-0.86394,0.22379
1.0388,-0.94248,0.20485
1.0388,-1.021,0.18759
1.0388,-1.0996,0.1719
1.0388,-1.1781,0.15767
1.0388,-1.2566,0.14478
1.0388,-1.3352,0.1331
1.0388,-1.4137,0.12252
1.0388,-1.4923,0.11293
1.0388,-1.5708,0.10424

1.0621,1.5708,0.10375
1.0621,1.4923,0.1121
1.0621,1.4137,0.12123
1.0621,1.3352,0.13121
1.0621,1.2566,0.14211
1.0621,1.1781,0.15398
1.0621,1.0996,0.16688
1.0621,1.021,0.18084
1.0621,0.94248,0.19588
1.0621,0.86394,0.21197
1.0621,0.7854,0.22906
1.0621,0.70686,0.24699
1.0621,0.62832,0.26552
1.0621,0.54978,0.28426
1.0621,0.47124,0.30271
1.0621,0.3927,0.32023
1.0621,0.31416,0.33609
1.0621,0.23562,0.3495
1.0621,0.15708,0.35972
1.0621,0.07854,0.36613
1.0621,0,0.36831
1.0621,-0.07854,0.36613
1.0621,-0.15708,0.35972
1.0621,-0.23562,0.3495
1.0621,-0.31416,0.33609
1.0621,-0.3927,0.32023
1.0621,-0.47124,0.30271
1.0621,-0.54978,0.28426
1.0621,-0.62832,0.26552
1.0621,-0.70686,0.24699
1.0621,-0.7854,0.22906
1.0621,-0.86394,0.21197
1.0621,-0.94248,0.19588
1.0621,-1.021,0.18084
1.0621,-1.0996,0.16688
1.0621,-1.1781,0.15398
1.0621,-1.2566,0.14211
1.0621,-1.3352,0.13121
1.0621,-1.4137,0.12123
1.0621,-1.4923,0.1121
1.0621,-1.5708,0.10375

1.085,1.5708,0.10265
1.085,1.4923,0.11059
1.085,1.4137,0.11923
1.085,1.3352,0.1286
1.085,1.2566,0.13874
1.085,1.1781,0.14966
1.085,1.0996,0.16138
1.085,1.021,0.17389
1.085,0.94248,0.18716
1.085,0.86394,0.20111
1.085,0.7854,0.21564
1.085,0.70686,0.23057
1.085,0.62832,0.24567
1.085,0.54978,0.26062
1.085,0.47124,0.27505
1.085,0.3927,0.28849
1.085,0.31416,0.30045
1.085,0.23562,0.31043
1.085,0.15708,0.31795
1.085,0.07854,0.32263
1.085,0,0.32422
1.085,-0.07854,0.32263
1.085,-0.15708,0.31795
1.085,-0.23562,0.31043
1.085,-0.31416,0.30045
1.085,-0.3927,0.28849
1.085,-0.47124,0.27505
1.085,-0.54978,0.26062
1.085,-0.62832,0.24567
1.085,-0.70686,0.23057
1.085,-0.7854,0.21564
1.085,-0.86394,0.20111
1.085,-0.94248,0.18716
1.085,-1.021,0.17389
1.085,-1.0996,0.16138
1.085,-1.1781,0.14966
1.085,-1.2566,0.13874
1.085,-1.3352,0.1286
1.085,-1.4137,0.11923
1.085,-1.4923,0.11059
1.085,-1.5708,0.10265

1.1074,1.5708,0.10102
1.1074,1.4923,0.10853
1.1074,1.4137,0.11665
1.1074,1.3352,0.1254
1.1074,1.2566,0.13478
1.1074,1.1781,0.1448
1.1074,1.0996,0.15546
1.1074,1.021,0.16671
1.1074,0.94248,0.17849
1.1074,0.86394,0.19073
1.1074,0.7854,0.20328
1.1074,0.70686,0.21599
1.1074,0.62832,0.22864
1.1074,0.54978,0.24097
1.1074,0.47124,0.25268
1.1074,0.3927,0.26344
1.1074,0.31416,0.27288
1.1074,0.23562,0.28067
1.1074,0.15708,0.2865
1.1074,0.07854,0.2901
1.1074,0,0.29132
1.1074,-0.07854,0.2901
1.1074,-0.15708,0.2865
1.1074,-0.23562,0.28067
1.1074,-0.31416,0.27288
1.1074,-0.3927,0.26344
1.1074,-0.47124,0.25268
1.1074,-0.54978,0.24097
1.1074,-0.62832,0.22864
1.1074,-0.70686,0.21599
1.1074,-0.7854,0.20328
1.1074,-0.86394,0.19073
1.1074,-0.94248,0.17849
1.1074,-1.021,0.16671
1.1074,-1.0996,0.15546
1.1074,-1.1781,0.1448
1.1074,-1.2566,0.13478
1.1074,-1.3352,0.1254
1.1074,-1.4137,0.11665
1.1074,-1.4923,0.10853
1.1074,-1.5708,0.10102

1.1293,1.5708,0.098957
1.1293,1.4923,0.10602
1.1293,1.4137,0.11361
1.1293,1.3352,0.12172
1.1293,1.2566,0.13037
1.1293,1.1781,0.13955
1.1293,1.0996,0.14921
1.1293,1.021,0.15933
1.1293,0.94248,0.16983
1.1293,0.86394,0.18062
1.1293,0.7854,0.19157
1.1293,0.70686,0.20254
1.1293,0.62832,0.21333
1.1293,0.54978,0.22372
1.1293,0.47124,0.23348
1.1293,0.3927,0.24235
1.1293,0.31416,0.25007
1.1293,0.23562,0.25638
1.1293,0.15708,0.26106
1.1293,0.07854,0.26394
1.1293,0,0.26492
1.1293,-0.07854,0.26394
1.1293,-0.15708,0.26106
1.1293,-0.23562,0.25638
1.1293,-0.31416,0.25007
1.1293,-0.3927,0.24235
1.1293,-0.47124,0.23348
1.1293,-0.54978,0.22372
1.1293,-0.62832,0.21333
1.1293,-0.70686,0.20254
1.1293,-0.7854,0.19157
1.1293,-0.86394,0.18062
1.1293,-0.94248,0.16983
1.1293,-1.021,0.15933
1.1293,-1.0996,0.14921
1.1293,-1.1781,0.13955
1.1293,-1.2566,0.13037
1.1293,-1.3352,0.12172
1.1293,-1.4137,0.11361
1.1293,-1.4923,0.10602
1.1293,-1.5708,0.098957

1.1508,1.5708,0.096547
1.1508,1.4923,0.10316
1.1508,1.4137,0.11021
1.1508,1.3352,0.11771
1.1508,1.2566,0.12565
1.1508,1.1781,0.13402
1.1508,1.0996,0.14277
1.1508,1.021,0.15187
1.1508,0.94248,0.16123
1.1508,0.86394,0.17077
1.1508,0.7854,0.18037
1.1508,0.70686,0.1899
1.1508,0.62832,0.1992
1.1508,0.54978,0.20808
1.1508,0.47124,0.21635
1.1508,0.3927,0.22381
1.1508,0.31416,0.23025
1.1508,0.23562,0.23548
1.1508,0.15708,0.23935
1.1508,0.07854,0.24173
1.1508,0,0.24253
1.1508,-0.07854,0.24173
1.1508,-0.15708,0.23935
1.1508,-0.23562,0.23548
1.1508,-0.31416,0.23025
1.1508,-0.3927,0.22381
1.1508,-0.47124,0.21635
1.1508,-0.54978,0.20808
1.1508,-0.62832,0.1992
1.1508,-0.70686,0.1899
1.1508,-0.7854,0.18037
1.1508,-0.86394,0.17077
1.1508,-0.94248,0.16123
1.1508,-1.021,0.15187
1.1508,-1.0996,0.14277
1.1508,-1.1781,0.13402
1.1508,-1.2566,0.12565
1.1508,-1.3352,0.11771
1.1508,-1.4137,0.11021
1.1508,-1.4923,0.10316
1.1508,-1.5708,0.096547

1.1719,1.5708,0.093867
1.1719,1.4923,0.10002
1.1719,1.4137,0.10655
1.1719,1.3352,0.11346
1.1719,1.2566,0.12073
1.1719,1.1781,0.12834
1.1719,1.0996,0.13625
1.1719,1.021,0.14441
1.1719,0.94248,0.15276
1.1719,0.86394,0.1612
1.1719,0.7854,0.16965
1.1719,0.70686,0.17796
1.1719,0.62832,0.18602
1.1719,0.54978,0.19367
1.1719,0.47124,0.20074
1.1719,0.3927,0.20709
1.1719,0.31416,0.21253
1.1719,0.23562,0.21694
1.1719,0.15708,0.22019
1.1719,0.07854,0.22218
1.1719,0,0.22285
1.1719,-0.07854,0.22218
1.1719,-0.15708,0.22019
1.1719,-0.23562,0.21694
1.1719,-0.31416,0.21253
1.1719,-0.3927,0.20709
1.1719,-0.47124,0.20074
1.1719,-0.54978,0.19367
1.1719,-0.62832,0.18602
1.1719,-0.70686,0.17796
1.1719,-0.7854,0.16965
1.1719,-0.86394,0.1612
1.1719,-0.94248,0.15276
1.1719,-1.021,0.14441
1.1719,-1.0996,0.13625
1.1719,-1.1781,0.12834
1.1719,-1.2566,0.12073
1.1719,-1.3352,0.11346
1.1719,-1.4137,0.10655
1.1719,-1.4923,0.10002
1.1719,-1.5708,0.093867

1.1927,1.5708,0.090987
1.1927,1.4923,0.096696
1.1927,1.4137,0.10272
1.1927,1.3352,0.10906
1.1927,1.2566,0.1157
1.1927,1.1781,0.1226
1.1927,1.0996,0.12974
1.1927,1.021,0.13705
1.1927,0.94248,0.14449
1.1927,0.86394,0.15197
1.1927,0.7854,0.15941
1.1927,0.70686,0.16669
1.1927,0.62832,0.1737
1.1927,0.54978,0.18031
1.1927,0.47124,0.1864
1.1927,0.3927,0.19183
1.1927,0.31416,0.19648
1.1927,0.23562,0.20023
1.1927,0.15708,0.20298
1.1927,0.07854,0.20467
1.1927,0,0.20523
1.1927,-0.07854,0.20467
1.1927,-0.15708,0.20298
1.1927,-0.23562,0.20023
1.1927,-0.31416,0.19648
1.1927,-0.3927,0.19183
1.1927,-0.47124,0.1864
1.1927,-0.54978,0.18031
1.1927,-0.62832,0.1737
1.1927,-0.70686,0.16669
1.1927,-0.7854,0.15941
1.1927,-0.86394,0.15197
1.1927,-0.94248,0.14449
1.1927,-1.021,0.13705
1.1927,-1.0996,0.12974
1.1927,-1.1781,0.1226
1.1927,-1.2566,0.1157
1.1927,-1.3352,0.10906
1.1927,-1.4137,0.10272
1.1927,-1.4923,0.096696
1.1927,-1.5708,0.090987

1.2131,1.5708,0.087967
1.2131,1.4923,0.093247
1.2131,1.4137,0.098795
1.2131,1.3352,0.1046
1.2131,1.2566,0.11064
1.2131,1.1781,0.11689
1.2131,1.0996,0.12332
1.2131,1.021,0.12988
1.2131,0.94248,0.1365
1.2131,0.86394,0.14313
1.2131,0.7854,0.14968
1.2131,0.70686,0.15606
1.2131,0.62832,0.16217
1.2131,0.54978,0.16792
1.2131,0.47124,0.17318
1.2131,0.3927,0.17785
1.2131,0.31416,0.18184
1.2131,0.23562,0.18505
1.2131,0.15708,0.1874
1.2131,0.07854,0.18883
1.2131,0,0.18931
1.2131,-0.07854,0.18883
1.2131,-0.15708,0.1874
1.2131,-0.23562,0.18505
1.2131,-0.31416,0.18184
1.2131,-0.3927,0.17785
1.2131,-0.47124,0.17318
1.2131,-0.54978,0.16792
1.2131,-0.62832,0.16217
1.2131,-0.70686,0.15606
1.2131,-0.7854,0.14968
1.2131,-0.86394,0.14313
1.2131,-0.94248,0.1365
1.2131,-1.021,0.12988
1.2131,-1.0996,0.12332
1.2131,-1.1781,0.11689
1.2131,-1.2566,0.11064
1.2131,-1.3352,0.1046
1.2131,-1.4137,0.098795
1.2131,-1.4923,0.093247
1.2131,-1.5708,0.087967

1.2331,1.5708,0.084858
1.2331,1.4923,0.08973
1.2331,1.4137,0.094824
1.2331,1.3352,0.10013
1.2331,1.2566,0.10562
1.2331,1.1781,0.11128
1.2331,1.0996,0.11706
1.2331,1.021,0.12293
1.2331,0.94248,0.12883
1.2331,0.86394,0.13471
1.2331,0.7854,0.14048
1.2331,0.70686,0.14608
1.2331,0.62832,0.15143
1.2331,0.54978,0.15642
1.2331,0.47124,0.16099
1.2331,0.3927,0.16503
1.2331,0.31416,0.16846
1.2331,0.23562,0.17122
1.2331,0.15708,0.17323
1.2331,0.07854,0.17446
1.2331,0,0.17487
1.2331,-0.07854,0.17446
1.2331,-0.15708,0.17323
1.2331,-0.23562,0.17122
1.2331,-0.31416,0.16846
1.2331,-0.3927,0.16503
1.2331,-0.47124,0.16099
1.2331,-0.54978,0.15642
1.2331,-0.62832,0.15143
1.2331,-0.70686,0.14608
1.2331,-0.7854,0.14048
1.2331,-0.86394,0.13471
1.2331,-0.94248,0.12883
1.2331,-1.021,0.12293
1.2331,-1.0996,0.11706
1.2331,-1.1781,0.11128
1.2331,-1.2566,0.10562
1.2331,-1.3352,0.10013
1.2331,-1.4137,0.094824
1.2331,-1.4923,0.08973
1.2331,-1.5708,0.084858

1.2528,1.5708,0.081704
1.2528,1.4923,0.08619
1.2528,1.4137,0.090859
1.2528,1.3352,0.095697
1.2528,1.2566,0.10069
1.2528,1.1781,0.1058
1.2528,1.0996,0.111
1.2528,1.021,0.11625
1.2528,0.94248,0.12151
1.2528,0.86394,0.12672
1.2528,0.7854,0.13182
1.2528,0.70686,0.13675
1.2528,0.62832,0.14143
1.2528,0.54978,0.14578
1.2528,0.47124,0.14975
1.2528,0.3927,0.15325
1.2528,0.31416,0.15622
1.2528,0.23562,0.1586
1.2528,0.15708,0.16033
1.2528,0.07854,0.16139
1.2528,0,0.16174
1.2528,-0.07854,0.16139
1.2528,-0.15708,0.16033
1.2528,-0.23562,0.1586
1.2528,-0.31416,0.15622
1.2528,-0.3927,0.15325
1.2528,-0.47124,0.14975
1.2528,-0.54978,0.14578
1.2528,-0.62832,0.14143
1.2528,-0.70686,0.13675
1.2528,-0.7854,0.13182
1.2528,-0.86394,0.12672
1.2528,-0.94248,0.12151
1.2528,-1.021,0.11625
1.2528,-1.0996,0.111
1.2528,-1.1781,0.1058
1.2528,-1.2566,0.10069
1.2528,-1.3352,0.095697
1.2528,-1.4137,0.090859
1.2528,-1.4923,0.08619
1.2528,-1.5708,0.081704

1.2723,1.5708,0.078542
1.2723,1.4923,0.082664
1.2723,1.4137,0.086938
1.2723,1.3352,0.091347
1.2723,1.2566,0.095873
1.2723,1.1781,0.10049
1.2723,1.0996,0.10517
1.2723,1.021,0.10987
1.2723,0.94248,0.11456
1.2723,0.86394,0.11919
1.2723,0.7854,0.12369
1.2723,0.70686,0.12803
1.2723,0.62832,0.13213
1.2723,0.54978,0.13595
1.2723,0.47124,0.1394
1.2723,0.3927,0.14244
1.2723,0.31416,0.14502
1.2723,0.23562,0.14707
1.2723,0.15708,0.14857
1.2723,0.07854,0.14949
1.2723,0,0.14979
1.2723,-0.07854,0.14949
1.2723,-0.15708,0.14857
1.2723,-0.23562,0.14707
1.2723,-0.31416,0.14502
1.2723,-0.3927,0.14244
1.2723,-0.47124,0.1394
1.2723,-0.54978,0.13595
1.2723,-0.62832,0.13213
1.2723,-0.70686,0.12803
1.2723,-0.7854,0.12369
1.2723,-0.86394,0.11919
1.2723,-0.94248,0.11456
1.2723,-1.021,0.10987
1.2723,-1.0996,0.10517
1.2723,-1.1781,0.10049
1.2723,-1.2566,0.095873
1.2723,-1.3352,0.091347
1.2723,-1.4137,0.086938
1.2723,-1.4923,0.082664
1.2723,-1.5708,0.078542

1.2914,1.5708,0.0754
1.2914,1.4923,0.079184
1.2914,1.4137,0.083092
1.2914,1.3352,0.087107
1.2914,1.2566,0.091211
1.2914,1.1781,0.095381
1.2914,1.0996,0.099589
1.2914,1.021,0.1038
1.2914,0.94248,0.10798
1.2914,0.86394,0.11209
1.2914,0.7854,0.11608
1.2914,0.70686,0.11991
1.2914,0.62832,0.12352
1.2914,0.54978,0.12686
1.2914,0.47124,0.12987
1.2914,0.3927,0.13253
1.2914,0.31416,0.13477
1.2914,0.23562,0.13655
1.2914,0.15708,0.13785
1.2914,0.07854,0.13864
1.2914,0,0.13891
1.2914,-0.07854,0.13864
1.2914,-0.15708,0.13785
1.2914,-0.23562,0.13655
1.2914,-0.31416,0.13477
1.2914,-0.3927,0.13253
1.2914,-0.47124,0.12987
1.2914,-0.54978,0.12686
1.2914,-0.62832,0.12352
1.2914,-0.70686,0.11991
1.2914,-0.7854,0.11608
1.2914,-0.86394,0.11209
1.2914,-0.94248,0.10798
1.2914,-1.021,0.1038
1.2914,-1.0996,0.099589
1.2914,-1.1781,0.095381
1.2914,-1.2566,0.091211
1.2914,-1.3352,0.087107
1.2914,-1.4137,0.083092
1.2914,-1.4923,0.079184
1.2914,-1.5708,0.0754

1.3102,1.5708,0.072302
1.3102,1.4923,0.075773
1.3102,1.4137,0.079343
1.3102,1.3352,0.082997
1.3102,1.2566,0.086718
1.3102,1.1781,0.090484
1.3102,1.0996,0.094269
1.3102,1.021,0.098045
1.3102,0.94248,0.10178
1.3102,0.86394,0.10543
1.3102,0.7854,0.10897
1.3102,0.70686,0.11235
1.3102,0.62832,0.11553
1.3102,0.54978,0.11846
1.3102,0.47124,0.12111
1.3102,0.3927,0.12342
1.3102,0.31416,0.12538
1.3102,0.23562,0.12693
1.3102,0.15708,0.12806
1.3102,0.07854,0.12875
1.3102,0,0.12898
1.3102,-0.07854,0.12875
1.3102,-0.15708,0.12806
1.3102,-0.23562,0.12693
1.3102,-0.31416,0.12538
1.3102,-0.3927,0.12342
1.3102,-0.47124,0.12111
1.3102,-0.54978,0.11846
1.3102,-0.62832,0.11553
1.3102,-0.70686,0.11235
1.3102,-0.7854,0.10897
1.3102,-0.86394,0.10543
1.3102,-0.94248,0.10178
1.3102,-1.021,0.098045
1.3102,-1.0996,0.094269
1.3102,-1.1781,0.090484
1.3102,-1.2566,0.086718
1.3102,-1.3352,0.082997
1.3102,-1.4137,0.079343
1.3102,-1.4923,0.075773
1.3102,-1.5708,0.072302

1.3288,1.5708,0.069267
1.3288,1.4923,0.072449
1.3288,1.4137,0.075709
1.3288,1.3352,0.079034
1.3288,1.2566,0.082407
1.3288,1.1781,0.085809
1.3288,1.0996,0.089215
1.3288,1.021,0.092602
1.3288,0.94248,0.095939
1.3288,0.86394,0.099194
1.3288,0.7854,0.10234
1.3288,0.70686,0.10533
1.3288,0.62832,0.10813
1.3288,0.54978,0.11071
1.3288,0.47124,0.11304
1.3288,0.3927,0.11507
1.3288,0.31416,0.11678
1.3288,0.23562,0.11813
1.3288,0.15708,0.11912
1.3288,0.07854,0.11972
1.3288,0,0.11992
1.3288,-0.07854,0.11972
1.3288,-0.15708,0.11912
1.3288,-0.23562,0.11813
1.3288,-0.31416,0.11678
1.3288,-0.3927,0.11507
1.3288,-0.47124,0.11304
1.3288,-0.54978,0.11071
1.3288,-0.62832,0.10813
1.3288,-0.70686,0.10533
1.3288,-0.7854,0.10234
1.3288,-0.86394,0.099194
1.3288,-0.94248,0.095939
1.3288,-1.021,0.092602
1.3288,-1.0996,0.089215
1.3288,-1.1781,0.085809
1.3288,-1.2566,0.082407
1.3288,-1.3352,0.079034
1.3288,-1.4137,0.075709
1.3288,-1.4923,0.072449
1.3288,-1.5708,0.069267

1.3472,1.5708,0.06631
1.3472,1.4923,0.069224
1.3472,1.4137,0.072201
1.3472,1.3352,0.075226
1.3472,1.2566,0.078285
1.3472,1.1781,0.081358
1.3472,1.0996,0.084427
1.3472,1.021,0.087466
1.3472,0.94248,0.090452
1.3472,0.86394,0.093356
1.3472,0.7854,0.096149
1.3472,0.70686,0.098802
1.3472,0.62832,0.10128
1.3472,0.54978,0.10356
1.3472,0.47124,0.10561
1.3472,0.3927,0.10739
1.3472,0.31416,0.10889
1.3472,0.23562,0.11008
1.3472,0.15708,0.11094
1.3472,0.07854,0.11147
1.3472,0,0.11164
1.3472,-0.07854,0.11147
1.3472,-0.15708,0.11094
1.3472,-0.23562,0.11008
1.3472,-0.31416,0.10889
1.3472,-0.3927,0.10739
1.3472,-0.47124,0.10561
1.3472,-0.54978,0.10356
1.3472,-0.62832,0.10128
1.3472,-0.70686,0.098802
1.3472,-0.7854,0.096149
1.3472,-0.86394,0.093356
1.3472,-0.94248,0.090452
1.3472,-1.021,0.087466
1.3472,-1.0996,0.084427
1.3472,-1.1781,0.081358
1.3472,-1.2566,0.078285
1.3472,-1.3352,0.075226
1.3472,-1.4137,0.072201
1.3472,-1.4923,0.069224
1.3472,-1.5708,0.06631

1.3652,1.5708,0.063441
1.3652,1.4923,0.06611
1.3652,1.4137,0.068827
1.3652,1.3352,0.07158
1.3652,1.2566,0.074354
1.3652,1.1781,0.077134
1.3652,1.0996,0.079899
1.3652,1.021,0.08263
1.3652,0.94248,0.085305
1.3652,0.86394,0.087899
1.3652,0.7854,0.090387
1.3652,0.70686,0.092743
1.3652,0.62832,0.094942
1.3652,0.54978,0.096956
1.3652,0.47124,0.098762
1.3652,0.3927,0.10033
1.3652,0.31416,0.10165
1.3652,0.23562,0.1027
1.3652,0.15708,0.10346
1.3652,0.07854,0.10392
1.3652,0,0.10407
1.3652,-0.07854,0.10392
1.3652,-0.15708,0.10346
1.3652,-0.23562,0.1027
1.3652,-0.31416,0.10165
1.3652,-0.3927,0.10033
1.3652,-0.47124,0.098762
1.3652,-0.54978,0.096956
1.3652,-0.62832,0.094942
1.3652,-0.70686,0.092743
1.3652,-0.7854,0.090387
1.3652,-0.86394,0.087899
1.3652,-0.94248,0.085305
1.3652,-1.021,0.08263
1.3652,-1.0996,0.079899
1.3652,-1.1781,0.077134
1.3652,-1.2566,0.074354
1.3652,-1.3352,0.07158
1.3652,-1.4137,0.068827
1.3652,-1.4923,0.06611
1.3652,-1.5708,0.063441

1.3831,1.5708,0.060667
1.3831,1.4923,0.063112
1.3831,1.4137,0.065593
1.3831,1.3352,0.068098
1.3831,1.2566,0.070616
1.3831,1.1781,0.07313
1.3831,1.0996,0.075625
1.3831,1.021,0.078082
1.3831,0.94248,0.080481
1.3831,0.86394,0.082801
1.3831,0.7854,0.085021
1.3831,0.70686,0.087119
1.3831,0.62832,0.089072
1.3831,0.54978,0.090857
1.3831,0.47124,0.092454
1.3831,0.3927,0.093843
1.3831,0.31416,0.095006
1.3831,0.23562,0.095928
1.3831,0.15708,0.096596
1.3831,0.07854,0.097
1.3831,0,0.097135
1.3831,-0.07854,0.097
1.3831,-0.15708,0.096596
1.3831,-0.23562,0.095928
1.3831,-0.31416,0.095006
1.3831,-0.3927,0.093843
1.3831,-0.47124,0.092454
1.3831,-0.54978,0.090857
1.3831,-0.62832,0.089072
1.3831,-0.70686,0.087119
1.3831,-0.7854,0.085021
1.3831,-0.86394,0.082801
1.3831,-0.94248,0.080481
1.3831,-1.021,0.078082
1.3831,-1.0996,0.075625
1.3831,-1.1781,0.07313
1.3831,-1.2566,0.070616
1.3831,-1.3352,0.068098
1.3831,-1.4137,0.065593
1.3831,-1.4923,0.063112
1.3831,-1.5708,0.060667

1.4007,1.5708,0.057994
1.4007,1.4923,0.060233
1.4007,1.4137,0.062499
1.4007,1.3352,0.064781
1.4007,1.2566,0.067067
1.4007,1.1781,0.069343
1.4007,1.0996,0.071596
1.4007,1.021,0.073808
1.4007,0.94248,0.075963
1.4007,0.86394,0.078042
1.4007,0.7854,0.080026
1.4007,0.70686,0.081897
1.4007,0.62832,0.083635
1.4007,0.54978,0.085221
1.4007,0.47124,0.086637
1.4007,0.3927,0.087867
1.4007,0.31416,0.088896
1.4007,0.23562,0.08971
1.4007,0.15708,0.090299
1.4007,0.07854,0.090656
1.4007,0,0.090776
1.4007,-0.07854,0.090656
1.4007,-0.15708,0.090299
1.4007,-0.23562,0.08971
1.4007,-0.31416,0.088896
1.4007,-0.3927,0.087867
1.4007,-0.47124,0.086637
1.4007,-0.54978,0.085221
1.4007,-0.62832,0.083635
1.4007,-0.70686,0.081897
1.4007,-0.7854,0.080026
1.4007,-0.86394,0.078042
1.4007,-0.94248,0.075963
1.4007,-1.021,0.073808
1.4007,-1.0996,0.071596
1.4007,-1.1781,0.069343
1.4007,-1.2566,0.067067
1.4007,-1.3352,0.064781
1.4007,-1.4137,0.062499
1.4007,-1.4923,0.060233
1.4007,-1.5708,0.057994
