0,0
0.005,0
0.01,0
0.015,0
0.02,0
0.025,0
0.03,0
0.035,0
0.04,0
0.045,0
0.05,0
0.055,0
0.06,0
0.065,0
0.07,0
0.075,0
0.08,0
0.085,0
0.09,0
0.095,0
0.1,0
0.105,0
0.11,0
0.115,1.2551e-299
0.12,3.2081e-252
0.125,9.472e-214
0.13,2.8489e-182
0.135,2.5697e-156
0.14,9.1892e-135
0.145,9.5364e-117
0.15,1.352e-101
0.155,8.8361e-089
0.16,6.9697e-078
0.165,1.4295e-068
0.17,1.4122e-060
0.175,1.106e-053
0.18,1.0301e-047
0.185,1.5899e-042
0.19,5.3436e-038
0.195,4.902e-034
0.2,1.4811e-030
0.205,1.7243e-027
0.21,8.8238e-025
0.215,2.2177e-022
0.22,3.0073e-020
0.225,2.3828e-018
0.23,1.1808e-016
0.235,3.8794e-015
0.24,8.8821e-014
0.245,1.4796e-012
0.25,1.8612e-011
0.255,1.8259e-010
0.26,1.4366e-009
0.265,9.2897e-009
0.27,5.0433e-008
0.275,2.342e-007
0.28,9.4573e-007
0.285,3.369e-006
0.29,1.0723e-005
0.295,3.0843e-005
0.3,8.0965e-005
0.305,0.00019571
0.31,0.00043903
0.315,0.00092052
0.32,0.0018152
0.325,0.0033854
0.33,0.0060018
0.335,0.01016
0.34,0.016488
0.345,0.025748
0.35,0.038818
0.355,0.056664
0.36,0.080307
0.365,0.11077
0.37,0.14902
0.375,0.19595
0.38,0.25227
0.385,0.31853
0.39,0.39505
0.395,0.4819
0.4,0.57892
0.405,0.68571
0.41,0.80164
0.415,0.92587
0.42,1.0574
0.425,1.1951
0.43,1.3377
0.435,1.4839
0.44,1.6324
0.445,1.7818
0.45,1.9308
0.455,2.0783
0.46,2.223
0.465,2.364
0.47,2.5001
0.475,2.6306
0.48,2.7547
0.485,2.8719
0.49,2.9816
0.495,3.0835
0.5,3.1773
0.505,3.2627
0.51,3.3398
0.515,3.4085
0.52,3.4688
0.525,3.521
0.53,3.5651
0.535,3.6014
0.54,3.6303
0.545,3.6519
0.55,3.6666
0.555,3.6748
0.56,3.6768
0.565,3.673
0.57,3.6637
0.575,3.6494
0.58,3.6303
0.585,3.6069
0.59,3.5795
0.595,3.5484
0.6,3.514
0.605,3.4766
0.61,3.4364
0.615,3.3939
0.62,3.3492
0.625,3.3025
0.63,3.2543
0.635,3.2046
0.64,3.1538
0.645,3.1019
0.65,3.0492
0.655,2.9958
0.66,2.942
0.665,2.8878
0.67,2.8335
0.675,2.779
0.68,2.7246
0.685,2.6703
0.69,2.6163
0.695,2.5625
0.7,2.5092
0.705,2.4563
0.71,2.4039
0.715,2.3522
0.72,2.301
0.725,2.2505
0.73,2.2007
0.735,2.1517
0.74,2.1034
0.745,2.0559
0.75,2.0092
0.755,1.9633
0.76,1.9183
0.765,1.8741
0.77,1.8308
0.775,1.7883
0.78,1.7467
0.785,1.7059
0.79,1.666
0.795,1.6269
0.8,1.5887
0.805,1.5513
0.81,1.5148
0.815,1.4791
0.82,1.4441
0.825,1.41
0.83,1.3767
0.835,1.3442
0.84,1.3124
0.845,1.2814
0.85,1.2511
0.855,1.2216
0.86,1.1928
0.865,1.1646
0.87,1.1372
0.875,1.1104
0.88,1.0843
0.885,1.0588
0.89,1.034
0.895,1.0098
0.9,0.98619
0.905,0.96317
0.91,0.94073
0.915,0.91885
0.92,0.89752
0.925,0.87672
0.93,0.85645
0.935,0.83669
0.94,0.81743
0.945,0.79865
0.95,0.78035
0.955,0.76251
0.96,0.74511
0.965,0.72816
0.97,0.71164
0.975,0.69553
0.98,0.67982
0.985,0.66451
0.99,0.64959
0.995,0.63504
1,0.62086
1.005,0.60703
1.01,0.59355
1.015,0.58041
1.02,0.56759
1.025,0.55509
1.03,0.54291
1.035,0.53102
1.04,0.51944
1.045,0.50814
1.05,0.49711
1.055,0.48636
1.06,0.47588
1.065,0.46565
1.07,0.45568
1.075,0.44595
1.08,0.43645
1.085,0.42719
1.09,0.41815
1.095,0.40934
1.1,0.40073
1.105,0.39233
1.11,0.38414
1.115,0.37614
1.12,0.36834
1.125,0.36072
1.13,0.35328
1.135,0.34602
1.14,0.33894
1.145,0.33202
1.15,0.32526
1.155,0.31866
1.16,0.31222
1.165,0.30593
1.17,0.29979
1.175,0.29379
1.18,0.28793
1.185,0.2822
1.19,0.27661
1.195,0.27114
1.2,0.26581
1.205,0.26059
1.21,0.25549
1.215,0.25051
1.22,0.24565
1.225,0.24089
1.23,0.23624
1.235,0.2317
1.24,0.22725
1.245,0.22291
1.25,0.21866
1.255,0.21451
1.26,0.21045
1.265,0.20648
1.27,0.2026
1.275,0.19881
1.28,0.19509
1.285,0.19146
1.29,0.18791
1.295,0.18444
1.3,0.18104
1.305,0.17771
1.31,0.17446
1.315,0.17127
1.32,0.16816
1.325,0.16511
1.33,0.16212
1.335,0.1592
1.34,0.15634
1.345,0.15355
1.35,0.15081
1.355,0.14812
1.36,0.1455
1.365,0.14293
1.37,0.14041
1.375,0.13794
1.38,0.13553
1.385,0.13317
1.39,0.13085
1.395,0.12858
1.4,0.12636
1.405,0.12418
1.41,0.12205
1.415,0.11996
1.42,0.11792
1.425,0.11591
1.43,0.11394
1.435,0.11202
1.44,0.11013
1.445,0.10828
1.45,0.10647
1.455,0.10469
1.46,0.10295
1.465,0.10124
1.47,0.099566
1.475,0.097925
1.48,0.096315
1.485,0.094737
1.49,0.093189
1.495,0.091672
1.5,0.090183
1.505,0.088723
1.51,0.087292
1.515,0.085887
1.52,0.084509
1.525,0.083158
1.53,0.081832
1.535,0.080531
1.54,0.079255
1.545,0.078003
1.55,0.076774
1.555,0.075568
1.56,0.074384
1.565,0.073223
1.57,0.072083
1.575,0.070964
1.58,0.069866
1.585,0.068788
1.59,0.067729
1.595,0.06669
1.6,0.06567
1.605,0.064668
1.61,0.063685
1.615,0.062719
1.62,0.061771
1.625,0.06084
1.63,0.059925
1.635,0.059027
1.64,0.058145
1.645,0.057278
1.65,0.056427
1.655,0.055591
1.66,0.054769
1.665,0.053962
1.67,0.053169
1.675,0.05239
1.68,0.051625
1.685,0.050872
1.69,0.050133
1.695,0.049407
1.7,0.048693
1.705,0.047991
1.71,0.047302
1.715,0.046624
1.72,0.045958
1.725,0.045303
1.73,0.044659
1.735,0.044026
1.74,0.043404
1.745,0.042792
1.75,0.042191
1.755,0.041599
1.76,0.041018
1.765,0.040446
1.77,0.039883
1.775,0.03933
1.78,0.038786
1.785,0.038251
1.79,0.037725
1.795,0.037208
1.8,0.036698
1.805,0.036198
1.81,0.035705
1.815,0.03522
1.82,0.034743
1.825,0.034274
1.83,0.033813
1.835,0.033358
1.84,0.032911
1.845,0.032472
1.85,0.032039
1.855,0.031613
1.86,0.031194
1.865,0.030781
1.87,0.030375
1.875,0.029975
1.88,0.029582
1.885,0.029195
1.89,0.028814
1.895,0.028438
1.9,0.028069
1.905,0.027705
1.91,0.027347
1.915,0.026995
1.92,0.026647
1.925,0.026306
1.93,0.025969
1.935,0.025637
1.94,0.025311
1.945,0.02499
1.95,0.024673
1.955,0.024361
1.96,0.024054
1.965,0.023752
1.97,0.023454
1.975,0.02316
1.98,0.022871
1.985,0.022586
1.99,0.022306
1.995,0.022029
2,0.021757
2.005,0.021489
2.01,0.021224
2.015,0.020964
2.02,0.020707
2.025,0.020454
2.03,0.020205
2.035,0.019959
2.04,0.019717
2.045,0.019479
2.05,0.019244
2.055,0.019012
2.06,0.018784
2.065,0.018559
2.07,0.018337
2.075,0.018118
2.08,0.017902
2.085,0.01769
2.09,0.01748
2.095,0.017274
2.1,0.01707
2.105,0.016869
2.11,0.016672
2.115,0.016476
2.12,0.016284
2.125,0.016094
2.13,0.015907
2.135,0.015723
2.14,0.015541
2.145,0.015361
2.15,0.015184
2.155,0.01501
2.16,0.014837
2.165,0.014668
2.17,0.0145
2.175,0.014335
2.18,0.014172
2.185,0.014011
2.19,0.013853
2.195,0.013696
2.2,0.013542
2.205,0.01339
2.21,0.01324
2.215,0.013092
2.22,0.012945
2.225,0.012801
2.23,0.012659
2.235,0.012518
2.24,0.01238
2.245,0.012243
2.25,0.012108
2.255,0.011975
2.26,0.011844
2.265,0.011714
2.27,0.011586
2.275,0.01146
2.28,0.011335
2.285,0.011212
2.29,0.011091
2.295,0.010971
2.3,0.010853
2.305,0.010736
2.31,0.01062
2.315,0.010507
2.32,0.010394
2.325,0.010283
2.33,0.010174
2.335,0.010066
2.34,0.009959
2.345,0.0098536
2.35,0.0097496
2.355,0.0096468
2.36,0.0095454
2.365,0.0094452
2.37,0.0093463
2.375,0.0092487
2.38,0.0091522
2.385,0.009057
2.39,0.0089629
2.395,0.00887
2.4,0.0087783
2.405,0.0086877
2.41,0.0085982
2.415,0.0085098
2.42,0.0084225
2.425,0.0083363
2.43,0.0082511
2.435,0.008167
2.44,0.0080839
2.445,0.0080018
2.45,0.0079207
2.455,0.0078406
2.46,0.0077614
2.465,0.0076832
2.47,0.007606
2.475,0.0075297
2.48,0.0074543
2.485,0.0073798
2.49,0.0073061
2.495,0.0072334
2.5,0.0071615
2.505,0.0070905
2.51,0.0070204
2.515,0.006951
2.52,0.0068825
2.525,0.0068148
2.53,0.0067479
2.535,0.0066818
2.54,0.0066164
2.545,0.0065518
2.55,0.006488
2.555,0.0064249
2.56,0.0063625
2.565,0.0063009
2.57,0.00624
2.575,0.0061798
2.58,0.0061203
2.585,0.0060614
2.59,0.0060033
2.595,0.0059458
2.6,0.0058889
2.605,0.0058328
2.61,0.0057772
2.615,0.0057223
2.62,0.005668
2.625,0.0056144
2.63,0.0055613
2.635,0.0055089
2.64,0.005457
2.645,0.0054057
2.65,0.005355
2.655,0.0053049
2.66,0.0052553
2.665,0.0052063
2.67,0.0051578
2.675,0.0051099
2.68,0.0050625
2.685,0.0050156
2.69,0.0049692
2.695,0.0049234
2.7,0.0048781
2.705,0.0048332
2.71,0.0047889
2.715,0.004745
2.72,0.0047017
2.725,0.0046588
2.73,0.0046163
2.735,0.0045744
2.74,0.0045328
2.745,0.0044918
2.75,0.0044512
2.755,0.004411
2.76,0.0043712
2.765,0.0043319
2.77,0.004293
2.775,0.0042546
2.78,0.0042165
2.785,0.0041789
2.79,0.0041416
2.795,0.0041048
2.8,0.0040683
2.805,0.0040322
2.81,0.0039965
2.815,0.0039612
2.82,0.0039263
2.825,0.0038917
2.83,0.0038575
2.835,0.0038237
2.84,0.0037902
2.845,0.003757
2.85,0.0037242
2.855,0.0036918
2.86,0.0036597
2.865,0.0036279
2.87,0.0035964
2.875,0.0035653
2.88,0.0035345
2.885,0.0035041
2.89,0.0034739
2.895,0.003444
2.9,0.0034145
2.905,0.0033852
2.91,0.0033563
2.915,0.0033277
2.92,0.0032993
2.925,0.0032712
2.93,0.0032435
2.935,0.003216
2.94,0.0031887
2.945,0.0031618
2.95,0.0031351
2.955,0.0031087
2.96,0.0030826
2.965,0.0030567
2.97,0.0030311
2.975,0.0030058
2.98,0.0029807
2.985,0.0029558
2.99,0.0029312
2.995,0.0029068
3,0.0028827
3.005,0.0028589
3.01,0.0028352
3.015,0.0028118
3.02,0.0027886
3.025,0.0027657
3.03,0.002743
3.035,0.0027205
3.04,0.0026982
3.045,0.0026762
3.05,0.0026543
3.055,0.0026327
3.06,0.0026113
3.065,0.0025901
3.07,0.0025691
3.075,0.0025483
3.08,0.0025277
3.085,0.0025073
3.09,0.0024871
3.095,0.0024671
3.1,0.0024473
3.105,0.0024277
3.11,0.0024082
3.115,0.002389
3.12,0.0023699
3.125,0.002351
3.13,0.0023323
3.135,0.0023138
3.14,0.0022955
3.145,0.0022773
3.15,0.0022593
3.155,0.0022415
3.16,0.0022238
3.165,0.0022063
3.17,0.002189
3.175,0.0021718
3.18,0.0021548
3.185,0.002138
3.19,0.0021213
3.195,0.0021048
3.2,0.0020884
3.205,0.0020722
3.21,0.0020561
3.215,0.0020402
3.22,0.0020244
3.225,0.0020088
3.23,0.0019933
3.235,0.0019779
3.24,0.0019627
3.245,0.0019477
3.25,0.0019327
3.255,0.001918
3.26,0.0019033
3.265,0.0018888
3.27,0.0018744
3.275,0.0018601
3.28,0.001846
3.285,0.001832
3.29,0.0018182
3.295,0.0018044
3.3,0.0017908
3.305,0.0017773
3.31,0.0017639
3.315,0.0017507
3.32,0.0017376
3.325,0.0017245
3.33,0.0017116
3.335,0.0016989
3.34,0.0016862
3.345,0.0016736
3.35,0.0016612
3.355,0.0016489
3.36,0.0016366
3.365,0.0016245
3.37,0.0016125
3.375,0.0016006
3.38,0.0015888
3.385,0.0015771
3.39,0.0015655
3.395,0.0015541
3.4,0.0015427
3.405,0.0015314
3.41,0.0015202
3.415,0.0015091
3.42,0.0014981
3.425,0.0014872
3.43,0.0014764
3.435,0.0014657
3.44,0.0014551
3.445,0.0014446
3.45,0.0014342
3.455,0.0014238
3.46,0.0014136
3.465,0.0014034
3.47,0.0013933
3.475,0.0013833
3.48,0.0013734
3.485,0.0013636
3.49,0.0013539
3.495,0.0013442
3.5,0.0013347
3.505,0.0013252
3.51,0.0013158
3.515,0.0013064
3.52,0.0012972
3.525,0.001288
3.53,0.0012789
3.535,0.0012699
3.54,0.001261
3.545,0.0012521
3.55,0.0012433
3.555,0.0012346
3.56,0.001226
3.565,0.0012174
3.57,0.0012089
3.575,0.0012005
3.58,0.0011921
3.585,0.0011839
3.59,0.0011756
3.595,0.0011675
3.6,0.0011594
3.605,0.0011514
3.61,0.0011434
3.615,0.0011356
3.62,0.0011278
3.625,0.00112
3.63,0.0011123
3.635,0.0011047
3.64,0.0010971
3.645,0.0010896
3.65,0.0010822
3.655,0.0010748
3.66,0.0010675
3.665,0.0010602
3.67,0.001053
3.675,0.0010459
3.68,0.0010388
3.685,0.0010318
3.69,0.0010248
3.695,0.0010179
3.7,0.0010111
3.705,0.0010043
3.71,0.00099751
3.715,0.00099082
3.72,0.00098418
3.725,0.00097759
3.73,0.00097106
3.735,0.00096458
3.74,0.00095816
3.745,0.00095178
3.75,0.00094545
3.755,0.00093918
3.76,0.00093296
3.765,0.00092678
3.77,0.00092065
3.775,0.00091458
3.78,0.00090855
3.785,0.00090256
3.79,0.00089663
3.795,0.00089074
3.8,0.0008849
3.805,0.0008791
3.81,0.00087335
3.815,0.00086765
3.82,0.00086198
3.825,0.00085637
3.83,0.0008508
3.835,0.00084527
3.84,0.00083978
3.845,0.00083434
3.85,0.00082893
3.855,0.00082358
3.86,0.00081826
3.865,0.00081298
3.87,0.00080774
3.875,0.00080255
3.88,0.00079739
3.885,0.00079228
3.89,0.0007872
3.895,0.00078216
3.9,0.00077716
3.905,0.0007722
3.91,0.00076728
3.915,0.0007624
3.92,0.00075755
3.925,0.00075274
3.93,0.00074796
3.935,0.00074323
3.94,0.00073852
3.945,0.00073386
3.95,0.00072923
3.955,0.00072463
3.96,0.00072007
3.965,0.00071554
3.97,0.00071105
3.975,0.00070659
3.98,0.00070216
3.985,0.00069777
3.99,0.00069341
3.995,0.00068909
4,0.00068479
4.005,0.00068053
4.01,0.0006763
4.015,0.0006721
4.02,0.00066793
4.025,0.00066379
4.03,0.00065969
4.035,0.00065561
4.04,0.00065157
4.045,0.00064755
4.05,0.00064357
4.055,0.00063961
4.06,0.00063568
4.065,0.00063178
4.07,0.00062791
4.075,0.00062407
4.08,0.00062026
4.085,0.00061647
4.09,0.00061272
4.095,0.00060899
4.1,0.00060528
4.105,0.00060161
4.11,0.00059796
4.115,0.00059433
4.12,0.00059074
4.125,0.00058717
4.13,0.00058362
4.135,0.0005801
4.14,0.00057661
4.145,0.00057314
4.15,0.0005697
4.155,0.00056628
4.16,0.00056289
4.165,0.00055952
4.17,0.00055617
4.175,0.00055285
4.18,0.00054955
4.185,0.00054628
4.19,0.00054303
4.195,0.0005398
4.2,0.0005366
4.205,0.00053342
4.21,0.00053026
4.215,0.00052712
4.22,0.00052401
4.225,0.00052091
4.23,0.00051784
4.235,0.00051479
4.24,0.00051177
4.245,0.00050876
4.25,0.00050578
4.255,0.00050281
4.26,0.00049987
4.265,0.00049695
4.27,0.00049405
4.275,0.00049116
4.28,0.0004883
4.285,0.00048546
4.29,0.00048264
4.295,0.00047984
4.3,0.00047705
4.305,0.00047429
4.31,0.00047155
4.315,0.00046882
4.32,0.00046612
4.325,0.00046343
4.33,0.00046076
4.335,0.00045811
4.34,0.00045548
4.345,0.00045286
4.35,0.00045027
4.355,0.00044769
4.36,0.00044513
4.365,0.00044259
4.37,0.00044006
4.375,0.00043755
4.38,0.00043506
4.385,0.00043259
4.39,0.00043013
4.395,0.00042769
4.4,0.00042527
4.405,0.00042286
4.41,0.00042047
4.415,0.00041809
4.42,0.00041573
4.425,0.00041339
4.43,0.00041106
4.435,0.00040875
4.44,0.00040646
4.445,0.00040418
4.45,0.00040191
4.455,0.00039966
4.46,0.00039743
4.465,0.00039521
4.47,0.000393
4.475,0.00039081
4.48,0.00038864
4.485,0.00038648
4.49,0.00038433
4.495,0.0003822
4.5,0.00038008
4.505,0.00037797
4.51,0.00037588
4.515,0.00037381
4.52,0.00037175
4.525,0.0003697
4.53,0.00036766
4.535,0.00036564
4.54,0.00036363
4.545,0.00036164
4.55,0.00035965
4.555,0.00035768
4.56,0.00035573
4.565,0.00035379
4.57,0.00035185
4.575,0.00034994
4.58,0.00034803
4.585,0.00034614
4.59,0.00034426
4.595,0.00034239
4.6,0.00034053
4.605,0.00033869
4.61,0.00033686
4.615,0.00033503
4.62,0.00033323
4.625,0.00033143
4.63,0.00032964
4.635,0.00032787
4.64,0.00032611
4.645,0.00032436
4.65,0.00032262
4.655,0.00032089
4.66,0.00031917
4.665,0.00031746
4.67,0.00031577
4.675,0.00031408
4.68,0.00031241
4.685,0.00031075
4.69,0.00030909
4.695,0.00030745
4.7,0.00030582
4.705,0.0003042
4.71,0.00030259
4.715,0.00030099
4.72,0.0002994
4.725,0.00029782
4.73,0.00029625
4.735,0.00029469
4.74,0.00029314
4.745,0.00029159
4.75,0.00029006
4.755,0.00028854
4.76,0.00028703
4.765,0.00028553
4.77,0.00028403
4.775,0.00028255
4.78,0.00028108
4.785,0.00027961
4.79,0.00027816
4.795,0.00027671
4.8,0.00027527
4.805,0.00027384
4.81,0.00027242
4.815,0.00027101
4.82,0.00026961
4.825,0.00026821
4.83,0.00026683
4.835,0.00026545
4.84,0.00026408
4.845,0.00026272
4.85,0.00026137
4.855,0.00026003
4.86,0.0002587
4.865,0.00025737
4.87,0.00025605
4.875,0.00025474
4.88,0.00025344
4.885,0.00025214
4.89,0.00025086
4.895,0.00024958
4.9,0.00024831
4.905,0.00024705
4.91,0.00024579
4.915,0.00024454
4.92,0.0002433
4.925,0.00024207
4.93,0.00024085
4.935,0.00023963
4.94,0.00023842
4.945,0.00023722
4.95,0.00023602
4.955,0.00023483
4.96,0.00023365
4.965,0.00023248
4.97,0.00023131
4.975,0.00023015
4.98,0.000229
4.985,0.00022785
4.99,0.00022671
4.995,0.00022558
5,0.00022446
5.005,0.00022334
5.01,0.00022222
5.015,0.00022112
5.02,0.00022002
5.025,0.00021893
5.03,0.00021784
5.035,0.00021676
5.04,0.00021569
5.045,0.00021462
5.05,0.00021356
5.055,0.00021251
5.06,0.00021146
5.065,0.00021042
5.07,0.00020938
5.075,0.00020836
5.08,0.00020733
5.085,0.00020632
5.09,0.0002053
5.095,0.0002043
5.1,0.0002033
5.105,0.00020231
5.11,0.00020132
5.115,0.00020034
5.12,0.00019936
5.125,0.00019839
5.13,0.00019742
5.135,0.00019647
5.14,0.00019551
5.145,0.00019456
5.15,0.00019362
5.155,0.00019268
5.16,0.00019175
5.165,0.00019083
5.17,0.00018991
5.175,0.00018899
5.18,0.00018808
5.185,0.00018718
5.19,0.00018628
5.195,0.00018538
5.2,0.00018449
5.205,0.00018361
5.21,0.00018273
5.215,0.00018185
5.22,0.00018098
5.225,0.00018012
5.23,0.00017926
5.235,0.00017841
5.24,0.00017756
5.245,0.00017671
5.25,0.00017587
5.255,0.00017504
5.26,0.00017421
5.265,0.00017338
5.27,0.00017256
5.275,0.00017175
5.28,0.00017093
5.285,0.00017013
5.29,0.00016932
5.295,0.00016853
5.3,0.00016773
5.305,0.00016694
5.31,0.00016616
5.315,0.00016538
5.32,0.0001646
5.325,0.00016383
5.33,0.00016307
5.335,0.0001623
5.34,0.00016155
5.345,0.00016079
5.35,0.00016004
5.355,0.0001593
5.36,0.00015855
5.365,0.00015782
5.37,0.00015708
5.375,0.00015635
5.38,0.00015563
5.385,0.00015491
5.39,0.00015419
5.395,0.00015348
5.4,0.00015277
5.405,0.00015206
5.41,0.00015136
5.415,0.00015066
5.42,0.00014997
5.425,0.00014928
5.43,0.0001486
5.435,0.00014791
5.44,0.00014723
5.445,0.00014656
5.45,0.00014589
5.455,0.00014522
5.46,0.00014456
5.465,0.0001439
5.47,0.00014324
5.475,0.00014259
5.48,0.00014194
5.485,0.00014129
5.49,0.00014065
5.495,0.00014001
5.5,0.00013938
5.505,0.00013875
5.51,0.00013812
5.515,0.00013749
5.52,0.00013687
5.525,0.00013625
5.53,0.00013564
5.535,0.00013503
5.54,0.00013442
5.545,0.00013381
5.55,0.00013321
5.555,0.00013261
5.56,0.00013202
5.565,0.00013143
5.57,0.00013084
5.575,0.00013025
5.58,0.00012967
5.585,0.00012909
5.59,0.00012851
5.595,0.00012794
5.6,0.00012737
5.605,0.0001268
5.61,0.00012624
5.615,0.00012568
5.62,0.00012512
5.625,0.00012457
5.63,0.00012401
5.635,0.00012346
5.64,0.00012292
5.645,0.00012238
5.65,0.00012183
5.655,0.0001213
5.66,0.00012076
5.665,0.00012023
5.67,0.0001197
5.675,0.00011917
5.68,0.00011865
5.685,0.00011813
5.69,0.00011761
5.695,0.0001171
5.7,0.00011658
5.705,0.00011607
5.71,0.00011557
5.715,0.00011506
5.72,0.00011456
5.725,0.00011406
5.73,0.00011356
5.735,0.00011307
5.74,0.00011258
5.745,0.00011209
5.75,0.0001116
5.755,0.00011112
5.76,0.00011064
5.765,0.00011016
5.77,0.00010968
5.775,0.00010921
5.78,0.00010874
5.785,0.00010827
5.79,0.0001078
5.795,0.00010734
5.8,0.00010688
5.805,0.00010642
5.81,0.00010596
5.815,0.0001055
5.82,0.00010505
5.825,0.0001046
5.83,0.00010415
5.835,0.00010371
5.84,0.00010327
5.845,0.00010282
5.85,0.00010239
5.855,0.00010195
5.86,0.00010152
5.865,0.00010108
5.87,0.00010065
5.875,0.00010023
5.88,9.9801e-005
5.885,9.9378e-005
5.89,9.8957e-005
5.895,9.8538e-005
5.9,9.8121e-005
5.905,9.7706e-005
5.91,9.7294e-005
5.915,9.6883e-005
5.92,9.6475e-005
5.925,9.6068e-005
5.93,9.5664e-005
5.935,9.5262e-005
5.94,9.4862e-005
5.945,9.4463e-005
5.95,9.4067e-005
5.955,9.3673e-005
5.96,9.3281e-005
5.965,9.2891e-005
5.97,9.2502e-005
5.975,9.2116e-005
5.98,9.1731e-005
5.985,9.1349e-005
5.99,9.0968e-005
5.995,9.059e-005
6,9.0213e-005
6.005,8.9838e-005
6.01,8.9465e-005
6.015,8.9094e-005
6.02,8.8724e-005
6.025,8.8357e-005
6.03,8.7991e-005
6.035,8.7627e-005
6.04,8.7265e-005
6.045,8.6905e-005
6.05,8.6546e-005
6.055,8.619e-005
6.06,8.5835e-005
6.065,8.5482e-005
6.07,8.513e-005
6.075,8.478e-005
6.08,8.4432e-005
6.085,8.4086e-005
6.09,8.3741e-005
6.095,8.3399e-005
6.1,8.3057e-005
6.105,8.2718e-005
6.11,8.238e-005
6.115,8.2044e-005
6.12,8.1709e-005
6.125,8.1376e-005
6.13,8.1045e-005
6.135,8.0715e-005
6.14,8.0387e-005
6.145,8.0061e-005
6.15,7.9736e-005
6.155,7.9412e-005
6.16,7.9091e-005
6.165,7.877e-005
6.17,7.8452e-005
6.175,7.8135e-005
6.18,7.7819e-005
6.185,7.7505e-005
6.19,7.7193e-005
6.195,7.6882e-005
6.2,7.6572e-005
6.205,7.6264e-005
6.21,7.5958e-005
6.215,7.5653e-005
6.22,7.5349e-005
6.225,7.5047e-005
6.23,7.4746e-005
6.235,7.4447e-005
6.24,7.4149e-005
6.245,7.3853e-005
6.25,7.3558e-005
6.255,7.3265e-005
6.26,7.2973e-005
6.265,7.2682e-005
6.27,7.2392e-005
6.275,7.2105e-005
6.28,7.1818e-005
