0,0
0.005,0
0.01,0
0.015,0
0.02,0
0.025,0
0.03,0
0.035,0
0.04,0
0.045,0
0.05,0
0.055,0
0.06,0
0.065,0
0.07,0
0.075,0
0.08,0
0.085,0
0.09,0
0.095,0
0.1,0
0.105,0
0.11,0
0.115,1.1156e-299
0.12,2.8517e-252
0.125,8.4195e-214
0.13,2.5323e-182
0.135,2.2841e-156
0.14,8.1682e-135
0.145,8.4768e-117
0.15,1.2018e-101
0.155,7.8543e-089
0.16,6.1953e-078
0.165,1.2707e-068
0.17,1.2553e-060
0.175,9.8311e-054
0.18,9.1565e-048
0.185,1.4133e-042
0.19,4.7499e-038
0.195,4.3574e-034
0.2,1.3165e-030
0.205,1.5327e-027
0.21,7.8434e-025
0.215,1.9713e-022
0.22,2.6731e-020
0.225,2.118e-018
0.23,1.0496e-016
0.235,3.4483e-015
0.24,7.8952e-014
0.245,1.3152e-012
0.25,1.6544e-011
0.255,1.623e-010
0.26,1.277e-009
0.265,8.2575e-009
0.27,4.4829e-008
0.275,2.0818e-007
0.28,8.4065e-007
0.285,2.9947e-006
0.29,9.532e-006
0.295,2.7416e-005
0.3,7.1969e-005
0.305,0.00017396
0.31,0.00039025
0.315,0.00081824
0.32,0.0016135
0.325,0.0030093
0.33,0.0053349
0.335,0.0090308
0.34,0.014656
0.345,0.022887
0.35,0.034505
0.355,0.050368
0.36,0.071384
0.365,0.09846
0.37,0.13247
0.375,0.17418
0.38,0.22424
0.385,0.28314
0.39,0.35115
0.395,0.42835
0.4,0.5146
0.405,0.60952
0.41,0.71257
0.415,0.82299
0.42,0.93991
0.425,1.0623
0.43,1.189
0.435,1.319
0.44,1.451
0.445,1.5838
0.45,1.7163
0.455,1.8474
0.46,1.976
0.465,2.1013
0.47,2.2223
0.475,2.3383
0.48,2.4486
0.485,2.5528
0.49,2.6503
0.495,2.7409
0.5,2.8242
0.505,2.9002
0.51,2.9687
0.515,3.0298
0.52,3.0834
0.525,3.1298
0.53,3.169
0.535,3.2013
0.54,3.2269
0.545,3.2461
0.55,3.2592
0.555,3.2665
0.56,3.2683
0.565,3.2649
0.57,3.2566
0.575,3.2439
0.58,3.2269
0.585,3.2061
0.59,3.1817
0.595,3.1541
0.6,3.1235
0.605,3.0903
0.61,3.0546
0.615,3.0168
0.62,2.977
0.625,2.9356
0.63,2.8927
0.635,2.8486
0.64,2.8033
0.645,2.7572
0.65,2.7104
0.655,2.663
0.66,2.6151
0.665,2.567
0.67,2.5186
0.675,2.4702
0.68,2.4219
0.685,2.3736
0.69,2.3256
0.695,2.2778
0.7,2.2304
0.705,2.1834
0.71,2.1368
0.715,2.0908
0.72,2.0453
0.725,2.0004
0.73,1.9562
0.735,1.9126
0.74,1.8697
0.745,1.8275
0.75,1.786
0.755,1.7452
0.76,1.7052
0.765,1.6659
0.77,1.6274
0.775,1.5896
0.78,1.5526
0.785,1.5164
0.79,1.4809
0.795,1.4462
0.8,1.4122
0.805,1.379
0.81,1.3465
0.815,1.3147
0.82,1.2837
0.825,1.2534
0.83,1.2238
0.835,1.1948
0.84,1.1666
0.845,1.139
0.85,1.1121
0.855,1.0858
0.86,1.0602
0.865,1.0352
0.87,1.0108
0.875,0.98704
0.88,0.96383
0.885,0.9412
0.89,0.91913
0.895,0.8976
0.9,0.87662
0.905,0.85615
0.91,0.8362
0.915,0.81676
0.92,0.79779
0.925,0.77931
0.93,0.76129
0.935,0.74373
0.94,0.7266
0.945,0.70991
0.95,0.69364
0.955,0.67778
0.96,0.66232
0.965,0.64725
0.97,0.63257
0.975,0.61825
0.98,0.60429
0.985,0.59068
0.99,0.57741
0.995,0.56448
1,0.55187
1.005,0.53958
1.01,0.5276
1.015,0.51592
1.02,0.50452
1.025,0.49342
1.03,0.48258
1.035,0.47202
1.04,0.46172
1.045,0.45168
1.05,0.44188
1.055,0.43232
1.06,0.423
1.065,0.41391
1.07,0.40505
1.075,0.3964
1.08,0.38796
1.085,0.37972
1.09,0.37169
1.095,0.36385
1.1,0.35621
1.105,0.34874
1.11,0.34146
1.115,0.33435
1.12,0.32741
1.125,0.32064
1.13,0.31403
1.135,0.30758
1.14,0.30128
1.145,0.29513
1.15,0.28912
1.155,0.28326
1.16,0.27753
1.165,0.27194
1.17,0.26648
1.175,0.26114
1.18,0.25593
1.185,0.25085
1.19,0.24587
1.195,0.24102
1.2,0.23627
1.205,0.23164
1.21,0.22711
1.215,0.22268
1.22,0.21835
1.225,0.21412
1.23,0.20999
1.235,0.20595
1.24,0.202
1.245,0.19814
1.25,0.19437
1.255,0.19068
1.26,0.18707
1.265,0.18354
1.27,0.18009
1.275,0.17672
1.28,0.17342
1.285,0.17019
1.29,0.16703
1.295,0.16394
1.3,0.16092
1.305,0.15797
1.31,0.15507
1.315,0.15224
1.32,0.14947
1.325,0.14676
1.33,0.14411
1.335,0.14151
1.34,0.13897
1.345,0.13648
1.35,0.13405
1.355,0.13167
1.36,0.12933
1.365,0.12705
1.37,0.12481
1.375,0.12262
1.38,0.12047
1.385,0.11837
1.39,0.11631
1.395,0.1143
1.4,0.11232
1.405,0.11039
1.41,0.10849
1.415,0.10663
1.42,0.10481
1.425,0.10303
1.43,0.10128
1.435,0.099572
1.44,0.097894
1.445,0.09625
1.45,0.094638
1.455,0.093059
1.46,0.09151
1.465,0.089992
1.47,0.088504
1.475,0.087044
1.48,0.085614
1.485,0.084211
1.49,0.082835
1.495,0.081486
1.5,0.080163
1.505,0.078865
1.51,0.077593
1.515,0.076344
1.52,0.075119
1.525,0.073918
1.53,0.07274
1.535,0.071583
1.54,0.070449
1.545,0.069336
1.55,0.068243
1.555,0.067171
1.56,0.066119
1.565,0.065087
1.57,0.064074
1.575,0.063079
1.58,0.062103
1.585,0.061145
1.59,0.060204
1.595,0.05928
1.6,0.058373
1.605,0.057483
1.61,0.056609
1.615,0.055751
1.62,0.054908
1.625,0.05408
1.63,0.053267
1.635,0.052468
1.64,0.051684
1.645,0.050914
1.65,0.050157
1.655,0.049414
1.66,0.048684
1.665,0.047966
1.67,0.047261
1.675,0.046569
1.68,0.045889
1.685,0.04522
1.69,0.044563
1.695,0.043917
1.7,0.043283
1.705,0.042659
1.71,0.042046
1.715,0.041444
1.72,0.040851
1.725,0.040269
1.73,0.039697
1.735,0.039134
1.74,0.038581
1.745,0.038038
1.75,0.037503
1.755,0.036977
1.76,0.03646
1.765,0.035952
1.77,0.035452
1.775,0.03496
1.78,0.034477
1.785,0.034001
1.79,0.033533
1.795,0.033073
1.8,0.032621
1.805,0.032176
1.81,0.031738
1.815,0.031307
1.82,0.030883
1.825,0.030466
1.83,0.030056
1.835,0.029652
1.84,0.029255
1.845,0.028864
1.85,0.028479
1.855,0.0281
1.86,0.027728
1.865,0.027361
1.87,0.027
1.875,0.026645
1.88,0.026295
1.885,0.025951
1.89,0.025612
1.895,0.025279
1.9,0.02495
1.905,0.024627
1.91,0.024309
1.915,0.023995
1.92,0.023687
1.925,0.023383
1.93,0.023083
1.935,0.022789
1.94,0.022499
1.945,0.022213
1.95,0.021932
1.955,0.021654
1.96,0.021381
1.965,0.021113
1.97,0.020848
1.975,0.020587
1.98,0.02033
1.985,0.020077
1.99,0.019827
1.995,0.019582
2,0.01934
2.005,0.019101
2.01,0.018866
2.015,0.018635
2.02,0.018406
2.025,0.018182
2.03,0.01796
2.035,0.017742
2.04,0.017527
2.045,0.017315
2.05,0.017106
2.055,0.0169
2.06,0.016697
2.065,0.016497
2.07,0.016299
2.075,0.016105
2.08,0.015913
2.085,0.015724
2.09,0.015538
2.095,0.015355
2.1,0.015174
2.105,0.014995
2.11,0.014819
2.115,0.014646
2.12,0.014475
2.125,0.014306
2.13,0.01414
2.135,0.013976
2.14,0.013814
2.145,0.013654
2.15,0.013497
2.155,0.013342
2.16,0.013189
2.165,0.013038
2.17,0.012889
2.175,0.012742
2.18,0.012597
2.185,0.012455
2.19,0.012314
2.195,0.012175
2.2,0.012037
2.205,0.011902
2.21,0.011769
2.215,0.011637
2.22,0.011507
2.225,0.011379
2.23,0.011252
2.235,0.011128
2.24,0.011004
2.245,0.010883
2.25,0.010763
2.255,0.010645
2.26,0.010528
2.265,0.010413
2.27,0.010299
2.275,0.010186
2.28,0.010076
2.285,0.0099663
2.29,0.0098584
2.295,0.0097518
2.3,0.0096467
2.305,0.0095429
2.31,0.0094404
2.315,0.0093392
2.32,0.0092393
2.325,0.0091408
2.33,0.0090434
2.335,0.0089473
2.34,0.0088525
2.345,0.0087588
2.35,0.0086663
2.355,0.008575
2.36,0.0084848
2.365,0.0083958
2.37,0.0083079
2.375,0.008221
2.38,0.0081353
2.385,0.0080506
2.39,0.007967
2.395,0.0078845
2.4,0.0078029
2.405,0.0077224
2.41,0.0076428
2.415,0.0075643
2.42,0.0074867
2.425,0.00741
2.43,0.0073343
2.435,0.0072595
2.44,0.0071857
2.445,0.0071127
2.45,0.0070406
2.455,0.0069694
2.46,0.006899
2.465,0.0068295
2.47,0.0067609
2.475,0.006693
2.48,0.006626
2.485,0.0065598
2.49,0.0064943
2.495,0.0064297
2.5,0.0063658
2.505,0.0063027
2.51,0.0062403
2.515,0.0061787
2.52,0.0061178
2.525,0.0060576
2.53,0.0059981
2.535,0.0059393
2.54,0.0058812
2.545,0.0058238
2.55,0.0057671
2.555,0.005711
2.56,0.0056556
2.565,0.0056008
2.57,0.0055467
2.575,0.0054931
2.58,0.0054402
2.585,0.0053879
2.59,0.0053362
2.595,0.0052851
2.6,0.0052346
2.605,0.0051847
2.61,0.0051353
2.615,0.0050865
2.62,0.0050383
2.625,0.0049906
2.63,0.0049434
2.635,0.0048968
2.64,0.0048507
2.645,0.0048051
2.65,0.00476
2.655,0.0047154
2.66,0.0046714
2.665,0.0046278
2.67,0.0045847
2.675,0.0045421
2.68,0.0045
2.685,0.0044583
2.69,0.0044171
2.695,0.0043764
2.7,0.0043361
2.705,0.0042962
2.71,0.0042568
2.715,0.0042178
2.72,0.0041793
2.725,0.0041411
2.73,0.0041034
2.735,0.0040661
2.74,0.0040292
2.745,0.0039927
2.75,0.0039566
2.755,0.0039209
2.76,0.0038856
2.765,0.0038506
2.77,0.003816
2.775,0.0037818
2.78,0.003748
2.785,0.0037145
2.79,0.0036814
2.795,0.0036487
2.8,0.0036163
2.805,0.0035842
2.81,0.0035525
2.815,0.0035211
2.82,0.00349
2.825,0.0034593
2.83,0.0034289
2.835,0.0033988
2.84,0.003369
2.845,0.0033396
2.85,0.0033104
2.855,0.0032816
2.86,0.003253
2.865,0.0032248
2.87,0.0031968
2.875,0.0031692
2.88,0.0031418
2.885,0.0031147
2.89,0.0030879
2.895,0.0030614
2.9,0.0030351
2.905,0.0030091
2.91,0.0029834
2.915,0.0029579
2.92,0.0029327
2.925,0.0029078
2.93,0.0028831
2.935,0.0028586
2.94,0.0028344
2.945,0.0028105
2.95,0.0027868
2.955,0.0027633
2.96,0.0027401
2.965,0.0027171
2.97,0.0026943
2.975,0.0026718
2.98,0.0026495
2.985,0.0026274
2.99,0.0026055
2.995,0.0025839
3,0.0025624
3.005,0.0025412
3.01,0.0025202
3.015,0.0024994
3.02,0.0024788
3.025,0.0024584
3.03,0.0024382
3.035,0.0024182
3.04,0.0023984
3.045,0.0023788
3.05,0.0023594
3.055,0.0023402
3.06,0.0023211
3.065,0.0023023
3.07,0.0022836
3.075,0.0022651
3.08,0.0022468
3.085,0.0022287
3.09,0.0022107
3.095,0.002193
3.1,0.0021754
3.105,0.0021579
3.11,0.0021406
3.115,0.0021235
3.12,0.0021066
3.125,0.0020898
3.13,0.0020732
3.135,0.0020567
3.14,0.0020404
3.145,0.0020243
3.15,0.0020083
3.155,0.0019924
3.16,0.0019767
3.165,0.0019612
3.17,0.0019458
3.175,0.0019305
3.18,0.0019154
3.185,0.0019004
3.19,0.0018856
3.195,0.0018709
3.2,0.0018563
3.205,0.0018419
3.21,0.0018276
3.215,0.0018135
3.22,0.0017995
3.225,0.0017856
3.23,0.0017718
3.235,0.0017582
3.24,0.0017446
3.245,0.0017313
3.25,0.001718
3.255,0.0017048
3.26,0.0016918
3.265,0.0016789
3.27,0.0016661
3.275,0.0016535
3.28,0.0016409
3.285,0.0016285
3.29,0.0016161
3.295,0.0016039
3.3,0.0015918
3.305,0.0015798
3.31,0.0015679
3.315,0.0015562
3.32,0.0015445
3.325,0.0015329
3.33,0.0015215
3.335,0.0015101
3.34,0.0014988
3.345,0.0014877
3.35,0.0014766
3.355,0.0014657
3.36,0.0014548
3.365,0.001444
3.37,0.0014333
3.375,0.0014228
3.38,0.0014123
3.385,0.0014019
3.39,0.0013916
3.395,0.0013814
3.4,0.0013713
3.405,0.0013612
3.41,0.0013513
3.415,0.0013414
3.42,0.0013317
3.425,0.001322
3.43,0.0013124
3.435,0.0013029
3.44,0.0012934
3.445,0.0012841
3.45,0.0012748
3.455,0.0012656
3.46,0.0012565
3.465,0.0012475
3.47,0.0012385
3.475,0.0012296
3.48,0.0012208
3.485,0.0012121
3.49,0.0012035
3.495,0.0011949
3.5,0.0011864
3.505,0.0011779
3.51,0.0011696
3.515,0.0011613
3.52,0.0011531
3.525,0.0011449
3.53,0.0011368
3.535,0.0011288
3.54,0.0011209
3.545,0.001113
3.55,0.0011052
3.555,0.0010974
3.56,0.0010898
3.565,0.0010821
3.57,0.0010746
3.575,0.0010671
3.58,0.0010597
3.585,0.0010523
3.59,0.001045
3.595,0.0010378
3.6,0.0010306
3.605,0.0010235
3.61,0.0010164
3.615,0.0010094
3.62,0.0010024
3.625,0.00099556
3.63,0.00098872
3.635,0.00098194
3.64,0.00097522
3.645,0.00096856
3.65,0.00096194
3.655,0.00095539
3.66,0.00094888
3.665,0.00094243
3.67,0.00093603
3.675,0.00092968
3.68,0.00092339
3.685,0.00091714
3.69,0.00091095
3.695,0.00090481
3.7,0.00089871
3.705,0.00089267
3.71,0.00088667
3.715,0.00088072
3.72,0.00087482
3.725,0.00086897
3.73,0.00086317
3.735,0.00085741
3.74,0.00085169
3.745,0.00084603
3.75,0.0008404
3.755,0.00083483
3.76,0.00082929
3.765,0.0008238
3.77,0.00081836
3.775,0.00081296
3.78,0.0008076
3.785,0.00080228
3.79,0.000797
3.795,0.00079177
3.8,0.00078658
3.805,0.00078142
3.81,0.00077631
3.815,0.00077124
3.82,0.00076621
3.825,0.00076122
3.83,0.00075626
3.835,0.00075135
3.84,0.00074647
3.845,0.00074163
3.85,0.00073683
3.855,0.00073207
3.86,0.00072734
3.865,0.00072265
3.87,0.000718
3.875,0.00071338
3.88,0.00070879
3.885,0.00070425
3.89,0.00069973
3.895,0.00069526
3.9,0.00069081
3.905,0.0006864
3.91,0.00068203
3.915,0.00067769
3.92,0.00067338
3.925,0.0006691
3.93,0.00066486
3.935,0.00066064
3.94,0.00065647
3.945,0.00065232
3.95,0.0006482
3.955,0.00064412
3.96,0.00064006
3.965,0.00063604
3.97,0.00063204
3.975,0.00062808
3.98,0.00062415
3.985,0.00062024
3.99,0.00061637
3.995,0.00061252
4,0.0006087
4.005,0.00060491
4.01,0.00060115
4.015,0.00059742
4.02,0.00059372
4.025,0.00059004
4.03,0.00058639
4.035,0.00058277
4.04,0.00057917
4.045,0.0005756
4.05,0.00057206
4.055,0.00056854
4.06,0.00056505
4.065,0.00056159
4.07,0.00055815
4.075,0.00055473
4.08,0.00055134
4.085,0.00054798
4.09,0.00054464
4.095,0.00054132
4.1,0.00053803
4.105,0.00053476
4.11,0.00053152
4.115,0.0005283
4.12,0.0005251
4.125,0.00052193
4.13,0.00051878
4.135,0.00051565
4.14,0.00051254
4.145,0.00050946
4.15,0.0005064
4.155,0.00050336
4.16,0.00050034
4.165,0.00049735
4.17,0.00049438
4.175,0.00049142
4.18,0.00048849
4.185,0.00048558
4.19,0.00048269
4.195,0.00047982
4.2,0.00047698
4.205,0.00047415
4.21,0.00047134
4.215,0.00046855
4.22,0.00046578
4.225,0.00046303
4.23,0.0004603
4.235,0.00045759
4.24,0.0004549
4.245,0.00045223
4.25,0.00044958
4.255,0.00044694
4.26,0.00044433
4.265,0.00044173
4.27,0.00043915
4.275,0.00043659
4.28,0.00043405
4.285,0.00043152
4.29,0.00042901
4.295,0.00042652
4.3,0.00042405
4.305,0.00042159
4.31,0.00041915
4.315,0.00041673
4.32,0.00041433
4.325,0.00041194
4.33,0.00040956
4.335,0.00040721
4.34,0.00040487
4.345,0.00040255
4.35,0.00040024
4.355,0.00039795
4.36,0.00039567
4.365,0.00039341
4.37,0.00039117
4.375,0.00038894
4.38,0.00038672
4.385,0.00038452
4.39,0.00038234
4.395,0.00038017
4.4,0.00037801
4.405,0.00037587
4.41,0.00037375
4.415,0.00037164
4.42,0.00036954
4.425,0.00036746
4.43,0.00036539
4.435,0.00036334
4.44,0.00036129
4.445,0.00035927
4.45,0.00035725
4.455,0.00035525
4.46,0.00035327
4.465,0.0003513
4.47,0.00034934
4.475,0.00034739
4.48,0.00034545
4.485,0.00034353
4.49,0.00034163
4.495,0.00033973
4.5,0.00033785
4.505,0.00033598
4.51,0.00033412
4.515,0.00033227
4.52,0.00033044
4.525,0.00032862
4.53,0.00032681
4.535,0.00032501
4.54,0.00032323
4.545,0.00032145
4.55,0.00031969
4.555,0.00031794
4.56,0.0003162
4.565,0.00031448
4.57,0.00031276
4.575,0.00031105
4.58,0.00030936
4.585,0.00030768
4.59,0.00030601
4.595,0.00030435
4.6,0.0003027
4.605,0.00030106
4.61,0.00029943
4.615,0.00029781
4.62,0.0002962
4.625,0.0002946
4.63,0.00029302
4.635,0.00029144
4.64,0.00028987
4.645,0.00028832
4.65,0.00028677
4.655,0.00028523
4.66,0.00028371
4.665,0.00028219
4.67,0.00028068
4.675,0.00027919
4.68,0.0002777
4.685,0.00027622
4.69,0.00027475
4.695,0.00027329
4.7,0.00027184
4.705,0.0002704
4.71,0.00026897
4.715,0.00026755
4.72,0.00026613
4.725,0.00026473
4.73,0.00026333
4.735,0.00026194
4.74,0.00026057
4.745,0.0002592
4.75,0.00025783
4.755,0.00025648
4.76,0.00025514
4.765,0.0002538
4.77,0.00025248
4.775,0.00025116
4.78,0.00024985
4.785,0.00024854
4.79,0.00024725
4.795,0.00024596
4.8,0.00024468
4.805,0.00024341
4.81,0.00024215
4.815,0.0002409
4.82,0.00023965
4.825,0.00023841
4.83,0.00023718
4.835,0.00023596
4.84,0.00023474
4.845,0.00023353
4.85,0.00023233
4.855,0.00023114
4.86,0.00022995
4.865,0.00022877
4.87,0.0002276
4.875,0.00022644
4.88,0.00022528
4.885,0.00022413
4.89,0.00022299
4.895,0.00022185
4.9,0.00022072
4.905,0.0002196
4.91,0.00021848
4.915,0.00021737
4.92,0.00021627
4.925,0.00021517
4.93,0.00021409
4.935,0.000213
4.94,0.00021193
4.945,0.00021086
4.95,0.0002098
4.955,0.00020874
4.96,0.00020769
4.965,0.00020665
4.97,0.00020561
4.975,0.00020458
4.98,0.00020355
4.985,0.00020254
4.99,0.00020152
4.995,0.00020052
5,0.00019952
5.005,0.00019852
5.01,0.00019753
5.015,0.00019655
5.02,0.00019557
5.025,0.0001946
5.03,0.00019364
5.035,0.00019268
5.04,0.00019172
5.045,0.00019078
5.05,0.00018983
5.055,0.0001889
5.06,0.00018797
5.065,0.00018704
5.07,0.00018612
5.075,0.00018521
5.08,0.0001843
5.085,0.00018339
5.09,0.00018249
5.095,0.0001816
5.1,0.00018071
5.105,0.00017983
5.11,0.00017895
5.115,0.00017808
5.12,0.00017721
5.125,0.00017635
5.13,0.00017549
5.135,0.00017464
5.14,0.00017379
5.145,0.00017295
5.15,0.00017211
5.155,0.00017128
5.16,0.00017045
5.165,0.00016962
5.17,0.00016881
5.175,0.00016799
5.18,0.00016718
5.185,0.00016638
5.19,0.00016558
5.195,0.00016478
5.2,0.00016399
5.205,0.00016321
5.21,0.00016242
5.215,0.00016165
5.22,0.00016088
5.225,0.00016011
5.23,0.00015934
5.235,0.00015858
5.24,0.00015783
5.245,0.00015708
5.25,0.00015633
5.255,0.00015559
5.26,0.00015485
5.265,0.00015412
5.27,0.00015339
5.275,0.00015266
5.28,0.00015194
5.285,0.00015122
5.29,0.00015051
5.295,0.0001498
5.3,0.0001491
5.305,0.00014839
5.31,0.0001477
5.315,0.000147
5.32,0.00014631
5.325,0.00014563
5.33,0.00014495
5.335,0.00014427
5.34,0.0001436
5.345,0.00014293
5.35,0.00014226
5.355,0.0001416
5.36,0.00014094
5.365,0.00014028
5.37,0.00013963
5.375,0.00013898
5.38,0.00013834
5.385,0.0001377
5.39,0.00013706
5.395,0.00013642
5.4,0.00013579
5.405,0.00013517
5.41,0.00013454
5.415,0.00013392
5.42,0.00013331
5.425,0.00013269
5.43,0.00013208
5.435,0.00013148
5.44,0.00013088
5.445,0.00013028
5.45,0.00012968
5.455,0.00012909
5.46,0.0001285
5.465,0.00012791
5.47,0.00012733
5.475,0.00012675
5.48,0.00012617
5.485,0.00012559
5.49,0.00012502
5.495,0.00012446
5.5,0.00012389
5.505,0.00012333
5.51,0.00012277
5.515,0.00012222
5.52,0.00012166
5.525,0.00012111
5.53,0.00012057
5.535,0.00012002
5.54,0.00011948
5.545,0.00011895
5.55,0.00011841
5.555,0.00011788
5.56,0.00011735
5.565,0.00011682
5.57,0.0001163
5.575,0.00011578
5.58,0.00011526
5.585,0.00011475
5.59,0.00011424
5.595,0.00011373
5.6,0.00011322
5.605,0.00011271
5.61,0.00011221
5.615,0.00011171
5.62,0.00011122
5.625,0.00011073
5.63,0.00011023
5.635,0.00010975
5.64,0.00010926
5.645,0.00010878
5.65,0.0001083
5.655,0.00010782
5.66,0.00010734
5.665,0.00010687
5.67,0.0001064
5.675,0.00010593
5.68,0.00010547
5.685,0.000105
5.69,0.00010454
5.695,0.00010409
5.7,0.00010363
5.705,0.00010318
5.71,0.00010273
5.715,0.00010228
5.72,0.00010183
5.725,0.00010139
5.73,0.00010095
5.735,0.00010051
5.74,0.00010007
5.745,9.9636e-005
5.75,9.9203e-005
5.755,9.8773e-005
5.76,9.8345e-005
5.765,9.7919e-005
5.77,9.7496e-005
5.775,9.7075e-005
5.78,9.6655e-005
5.785,9.6238e-005
5.79,9.5824e-005
5.795,9.5411e-005
5.8,9.5001e-005
5.805,9.4592e-005
5.81,9.4186e-005
5.815,9.3782e-005
5.82,9.338e-005
5.825,9.298e-005
5.83,9.2582e-005
5.835,9.2186e-005
5.84,9.1792e-005
5.845,9.14e-005
5.85,9.101e-005
5.855,9.0622e-005
5.86,9.0236e-005
5.865,8.9852e-005
5.87,8.947e-005
5.875,8.909e-005
5.88,8.8712e-005
5.885,8.8336e-005
5.89,8.7961e-005
5.895,8.7589e-005
5.9,8.7219e-005
5.905,8.685e-005
5.91,8.6483e-005
5.915,8.6118e-005
5.92,8.5755e-005
5.925,8.5394e-005
5.93,8.5035e-005
5.935,8.4677e-005
5.94,8.4321e-005
5.945,8.3968e-005
5.95,8.3615e-005
5.955,8.3265e-005
5.96,8.2916e-005
5.965,8.2569e-005
5.97,8.2224e-005
5.975,8.1881e-005
5.98,8.1539e-005
5.985,8.1199e-005
5.99,8.0861e-005
5.995,8.0524e-005
6,8.0189e-005
6.005,7.9856e-005
6.01,7.9524e-005
6.015,7.9194e-005
6.02,7.8866e-005
6.025,7.8539e-005
6.03,7.8214e-005
6.035,7.7891e-005
6.04,7.7569e-005
6.045,7.7249e-005
6.05,7.693e-005
6.055,7.6613e-005
6.06,7.6298e-005
6.065,7.5984e-005
6.07,7.5671e-005
6.075,7.536e-005
6.08,7.5051e-005
6.085,7.4743e-005
6.09,7.4437e-005
6.095,7.4132e-005
6.1,7.3829e-005
6.105,7.3527e-005
6.11,7.3227e-005
6.115,7.2928e-005
6.12,7.263e-005
6.125,7.2334e-005
6.13,7.204e-005
6.135,7.1747e-005
6.14,7.1455e-005
6.145,7.1165e-005
6.15,7.0876e-005
6.155,7.0589e-005
6.16,7.0303e-005
6.165,7.0018e-005
6.17,6.9735e-005
6.175,6.9453e-005
6.18,6.9173e-005
6.185,6.8893e-005
6.19,6.8616e-005
6.195,6.8339e-005
6.2,6.8064e-005
6.205,6.779e-005
6.21,6.7518e-005
6.215,6.7247e-005
6.22,6.6977e-005
6.225,6.6708e-005
6.23,6.6441e-005
6.235,6.6175e-005
6.24,6.5911e-005
6.245,6.5647e-005
6.25,6.5385e-005
6.255,6.5124e-005
6.26,6.4864e-005
6.265,6.4606e-005
6.27,6.4349e-005
6.275,6.4093e-005
6.28,6.3838e-005
