0,0
0.005,0
0.01,0
0.015,0
0.02,0
0.025,0
0.03,0
0.035,0
0.04,0
0.045,0
0.05,0
0.055,0
0.06,0
0.065,0
0.07,0
0.075,0
0.08,0
0.085,0
0.09,0
0.095,0
0.1,2.6274e-282
0.105,1.2718e-231
0.11,1.0482e-191
0.115,6.2643e-160
0.12,2.2068e-134
0.125,1.1701e-113
0.13,1.0476e-096
0.135,9.8277e-083
0.14,3.8913e-071
0.145,1.904e-061
0.15,2.6561e-053
0.155,2.0363e-046
0.16,1.4422e-040
0.165,1.4277e-035
0.17,2.7552e-031
0.175,1.3562e-027
0.18,2.1191e-024
0.185,1.2571e-021
0.19,3.281e-019
0.195,4.2553e-017
0.2,3.035e-015
0.205,1.2955e-013
0.21,3.5533e-012
0.215,6.6484e-011
0.22,8.9265e-010
0.225,8.9786e-009
0.23,7.0181e-008
0.235,4.3988e-007
0.24,2.2712e-006
0.245,9.8868e-006
0.25,3.702e-005
0.255,0.00012132
0.26,0.00035325
0.265,0.00092603
0.27,0.0022107
0.275,0.0048546
0.28,0.0098933
0.285,0.018857
0.29,0.033846
0.295,0.057554
0.3,0.093223
0.305,0.14451
0.31,0.21531
0.315,0.30947
0.32,0.43059
0.325,0.58167
0.33,0.76497
0.335,0.98177
0.34,1.2323
0.345,1.5157
0.35,1.8301
0.355,2.1725
0.36,2.5394
0.365,2.9264
0.37,3.3287
0.375,3.7414
0.38,4.1594
0.385,4.5776
0.39,4.9912
0.395,5.3959
0.4,5.7875
0.405,6.1626
0.41,6.518
0.415,6.8513
0.42,7.1605
0.425,7.4441
0.43,7.701
0.435,7.9307
0.44,8.1329
0.445,8.3078
0.45,8.4558
0.455,8.5776
0.46,8.6741
0.465,8.7463
0.47,8.7955
0.475,8.823
0.48,8.83
0.485,8.818
0.49,8.7884
0.495,8.7426
0.5,8.682
0.505,8.6079
0.51,8.5216
0.515,8.4245
0.52,8.3177
0.525,8.2023
0.53,8.0795
0.535,7.9502
0.54,7.8154
0.545,7.6759
0.55,7.5326
0.555,7.3863
0.56,7.2375
0.565,7.087
0.57,6.9353
0.575,6.7829
0.58,6.6304
0.585,6.478
0.59,6.3263
0.595,6.1755
0.6,6.0259
0.605,5.8779
0.61,5.7316
0.615,5.5872
0.62,5.4449
0.625,5.3049
0.63,5.1673
0.635,5.0322
0.64,4.8997
0.645,4.7699
0.65,4.6427
0.655,4.5183
0.66,4.3967
0.665,4.2779
0.67,4.1619
0.675,4.0486
0.68,3.9382
0.685,3.8305
0.69,3.7256
0.695,3.6234
0.7,3.5239
0.705,3.427
0.71,3.3327
0.715,3.241
0.72,3.1518
0.725,3.0651
0.73,2.9808
0.735,2.8989
0.74,2.8192
0.745,2.7419
0.75,2.6667
0.755,2.5937
0.76,2.5228
0.765,2.454
0.77,2.3871
0.775,2.3222
0.78,2.2592
0.785,2.198
0.79,2.1386
0.795,2.081
0.8,2.025
0.805,1.9707
0.81,1.918
0.815,1.8668
0.82,1.8172
0.825,1.7689
0.83,1.7221
0.835,1.6767
0.84,1.6326
0.845,1.5898
0.85,1.5483
0.855,1.5079
0.86,1.4688
0.865,1.4308
0.87,1.3939
0.875,1.358
0.88,1.3232
0.885,1.2895
0.89,1.2567
0.895,1.2248
0.9,1.1938
0.905,1.1638
0.91,1.1346
0.915,1.1062
0.92,1.0787
0.925,1.0519
0.93,1.0259
0.935,1.0006
0.94,0.97609
0.945,0.95223
0.95,0.92904
0.955,0.9065
0.96,0.88458
0.965,0.86328
0.97,0.84257
0.975,0.82243
0.98,0.80285
0.985,0.78381
0.99,0.76529
0.995,0.74727
1,0.72975
1.005,0.71271
1.01,0.69612
1.015,0.67999
1.02,0.66429
1.025,0.64901
1.03,0.63414
1.035,0.61966
1.04,0.60558
1.045,0.59186
1.05,0.57851
1.055,0.5655
1.06,0.55284
1.065,0.54051
1.07,0.52851
1.075,0.51681
1.08,0.50541
1.085,0.49431
1.09,0.4835
1.095,0.47296
1.1,0.46269
1.105,0.45269
1.11,0.44293
1.115,0.43343
1.12,0.42416
1.125,0.41512
1.13,0.40631
1.135,0.39772
1.14,0.38935
1.145,0.38118
1.15,0.37321
1.155,0.36544
1.16,0.35786
1.165,0.35046
1.17,0.34325
1.175,0.33621
1.18,0.32933
1.185,0.32263
1.19,0.31608
1.195,0.3097
1.2,0.30346
1.205,0.29737
1.21,0.29143
1.215,0.28562
1.22,0.27996
1.225,0.27442
1.23,0.26902
1.235,0.26374
1.24,0.25858
1.245,0.25354
1.25,0.24862
1.255,0.24381
1.26,0.23911
1.265,0.23452
1.27,0.23003
1.275,0.22565
1.28,0.22136
1.285,0.21717
1.29,0.21307
1.295,0.20907
1.3,0.20515
1.305,0.20132
1.31,0.19758
1.315,0.19392
1.32,0.19033
1.325,0.18683
1.33,0.1834
1.335,0.18005
1.34,0.17677
1.345,0.17356
1.35,0.17042
1.355,0.16735
1.36,0.16434
1.365,0.1614
1.37,0.15852
1.375,0.1557
1.38,0.15294
1.385,0.15024
1.39,0.1476
1.395,0.14501
1.4,0.14247
1.405,0.13999
1.41,0.13756
1.415,0.13517
1.42,0.13284
1.425,0.13056
1.43,0.12832
1.435,0.12613
1.44,0.12398
1.445,0.12187
1.45,0.11981
1.455,0.11779
1.46,0.11581
1.465,0.11387
1.47,0.11197
1.475,0.11011
1.48,0.10828
1.485,0.10649
1.49,0.10473
1.495,0.10301
1.5,0.10132
1.505,0.099668
1.51,0.098046
1.515,0.096454
1.52,0.094894
1.525,0.093364
1.53,0.091862
1.535,0.09039
1.54,0.088946
1.545,0.087529
1.55,0.086139
1.555,0.084776
1.56,0.083438
1.565,0.082125
1.57,0.080837
1.575,0.079573
1.58,0.078332
1.585,0.077115
1.59,0.07592
1.595,0.074747
1.6,0.073596
1.605,0.072465
1.61,0.071356
1.615,0.070267
1.62,0.069197
1.625,0.068147
1.63,0.067116
1.635,0.066104
1.64,0.065109
1.645,0.064133
1.65,0.063174
1.655,0.062232
1.66,0.061307
1.665,0.060398
1.67,0.059506
1.675,0.058629
1.68,0.057767
1.685,0.056921
1.69,0.056089
1.695,0.055272
1.7,0.054469
1.705,0.05368
1.71,0.052904
1.715,0.052142
1.72,0.051393
1.725,0.050657
1.73,0.049934
1.735,0.049223
1.74,0.048523
1.745,0.047836
1.75,0.04716
1.755,0.046496
1.76,0.045843
1.765,0.045201
1.77,0.04457
1.775,0.043949
1.78,0.043338
1.785,0.042738
1.79,0.042147
1.795,0.041566
1.8,0.040995
1.805,0.040433
1.81,0.039881
1.815,0.039337
1.82,0.038802
1.825,0.038276
1.83,0.037758
1.835,0.037249
1.84,0.036748
1.845,0.036255
1.85,0.03577
1.855,0.035293
1.86,0.034823
1.865,0.034361
1.87,0.033906
1.875,0.033458
1.88,0.033017
1.885,0.032583
1.89,0.032157
1.895,0.031736
1.9,0.031323
1.905,0.030915
1.91,0.030514
1.915,0.03012
1.92,0.029731
1.925,0.029348
1.93,0.028972
1.935,0.028601
1.94,0.028235
1.945,0.027876
1.95,0.027521
1.955,0.027172
1.96,0.026829
1.965,0.02649
1.97,0.026157
1.975,0.025829
1.98,0.025505
1.985,0.025187
1.99,0.024873
1.995,0.024564
2,0.02426
2.005,0.02396
2.01,0.023664
2.015,0.023373
2.02,0.023086
2.025,0.022803
2.03,0.022525
2.035,0.02225
2.04,0.02198
2.045,0.021713
2.05,0.02145
2.055,0.021191
2.06,0.020936
2.065,0.020685
2.07,0.020437
2.075,0.020192
2.08,0.019952
2.085,0.019714
2.09,0.01948
2.095,0.019249
2.1,0.019022
2.105,0.018798
2.11,0.018577
2.115,0.018359
2.12,0.018144
2.125,0.017932
2.13,0.017723
2.135,0.017517
2.14,0.017314
2.145,0.017113
2.15,0.016916
2.155,0.016721
2.16,0.016529
2.165,0.016339
2.17,0.016152
2.175,0.015968
2.18,0.015786
2.185,0.015607
2.19,0.01543
2.195,0.015255
2.2,0.015083
2.205,0.014913
2.21,0.014746
2.215,0.01458
2.22,0.014417
2.225,0.014256
2.23,0.014097
2.235,0.013941
2.24,0.013786
2.245,0.013634
2.25,0.013483
2.255,0.013335
2.26,0.013188
2.265,0.013043
2.27,0.012901
2.275,0.01276
2.28,0.012621
2.285,0.012484
2.29,0.012348
2.295,0.012215
2.3,0.012083
2.305,0.011952
2.31,0.011824
2.315,0.011697
2.32,0.011572
2.325,0.011448
2.33,0.011326
2.335,0.011205
2.34,0.011086
2.345,0.010969
2.35,0.010853
2.355,0.010738
2.36,0.010625
2.365,0.010514
2.37,0.010403
2.375,0.010294
2.38,0.010187
2.385,0.010081
2.39,0.009976
2.395,0.0098724
2.4,0.0097702
2.405,0.0096692
2.41,0.0095695
2.415,0.009471
2.42,0.0093737
2.425,0.0092776
2.43,0.0091827
2.435,0.0090889
2.44,0.0089963
2.445,0.0089049
2.45,0.0088145
2.455,0.0087252
2.46,0.008637
2.465,0.0085499
2.47,0.0084639
2.475,0.0083788
2.48,0.0082948
2.485,0.0082118
2.49,0.0081298
2.495,0.0080488
2.5,0.0079687
2.505,0.0078896
2.51,0.0078115
2.515,0.0077342
2.52,0.0076579
2.525,0.0075825
2.53,0.0075079
2.535,0.0074343
2.54,0.0073615
2.545,0.0072896
2.55,0.0072185
2.555,0.0071482
2.56,0.0070787
2.565,0.0070101
2.57,0.0069423
2.575,0.0068752
2.58,0.0068089
2.585,0.0067434
2.59,0.0066786
2.595,0.0066146
2.6,0.0065513
2.605,0.0064888
2.61,0.0064269
2.615,0.0063658
2.62,0.0063053
2.625,0.0062456
2.63,0.0061865
2.635,0.0061281
2.64,0.0060703
2.645,0.0060133
2.65,0.0059568
2.655,0.005901
2.66,0.0058458
2.665,0.0057912
2.67,0.0057372
2.675,0.0056839
2.68,0.0056311
2.685,0.0055789
2.69,0.0055273
2.695,0.0054763
2.7,0.0054258
2.705,0.0053759
2.71,0.0053265
2.715,0.0052777
2.72,0.0052294
2.725,0.0051817
2.73,0.0051345
2.735,0.0050877
2.74,0.0050415
2.745,0.0049958
2.75,0.0049506
2.755,0.0049059
2.76,0.0048617
2.765,0.0048179
2.77,0.0047746
2.775,0.0047318
2.78,0.0046894
2.785,0.0046475
2.79,0.0046061
2.795,0.004565
2.8,0.0045245
2.805,0.0044843
2.81,0.0044446
2.815,0.0044053
2.82,0.0043664
2.825,0.0043279
2.83,0.0042899
2.835,0.0042522
2.84,0.0042149
2.845,0.0041781
2.85,0.0041416
2.855,0.0041055
2.86,0.0040697
2.865,0.0040344
2.87,0.0039994
2.875,0.0039647
2.88,0.0039305
2.885,0.0038966
2.89,0.003863
2.895,0.0038298
2.9,0.0037969
2.905,0.0037644
2.91,0.0037321
2.915,0.0037003
2.92,0.0036687
2.925,0.0036375
2.93,0.0036066
2.935,0.003576
2.94,0.0035457
2.945,0.0035157
2.95,0.0034861
2.955,0.0034567
2.96,0.0034276
2.965,0.0033988
2.97,0.0033703
2.975,0.0033421
2.98,0.0033142
2.985,0.0032866
2.99,0.0032592
2.995,0.0032321
3,0.0032053
3.005,0.0031787
3.01,0.0031524
3.015,0.0031264
3.02,0.0031006
3.025,0.0030751
3.03,0.0030498
3.035,0.0030248
3.04,0.003
3.045,0.0029755
3.05,0.0029512
3.055,0.0029271
3.06,0.0029033
3.065,0.0028797
3.07,0.0028563
3.075,0.0028332
3.08,0.0028103
3.085,0.0027876
3.09,0.0027651
3.095,0.0027429
3.1,0.0027208
3.105,0.002699
3.11,0.0026774
3.115,0.002656
3.12,0.0026348
3.125,0.0026138
3.13,0.002593
3.135,0.0025724
3.14,0.002552
3.145,0.0025318
3.15,0.0025118
3.155,0.0024919
3.16,0.0024723
3.165,0.0024528
3.17,0.0024336
3.175,0.0024145
3.18,0.0023956
3.185,0.0023768
3.19,0.0023583
3.195,0.0023399
3.2,0.0023217
3.205,0.0023036
3.21,0.0022857
3.215,0.002268
3.22,0.0022505
3.225,0.0022331
3.23,0.0022159
3.235,0.0021988
3.24,0.0021819
3.245,0.0021652
3.25,0.0021486
3.255,0.0021321
3.26,0.0021158
3.265,0.0020997
3.27,0.0020837
3.275,0.0020678
3.28,0.0020521
3.285,0.0020366
3.29,0.0020212
3.295,0.0020059
3.3,0.0019907
3.305,0.0019757
3.31,0.0019609
3.315,0.0019461
3.32,0.0019315
3.325,0.001917
3.33,0.0019027
3.335,0.0018885
3.34,0.0018744
3.345,0.0018604
3.35,0.0018466
3.355,0.0018329
3.36,0.0018193
3.365,0.0018058
3.37,0.0017925
3.375,0.0017792
3.38,0.0017661
3.385,0.0017531
3.39,0.0017402
3.395,0.0017275
3.4,0.0017148
3.405,0.0017023
3.41,0.0016898
3.415,0.0016775
3.42,0.0016653
3.425,0.0016531
3.43,0.0016411
3.435,0.0016292
3.44,0.0016174
3.445,0.0016057
3.45,0.0015941
3.455,0.0015826
3.46,0.0015712
3.465,0.0015599
3.47,0.0015487
3.475,0.0015376
3.48,0.0015266
3.485,0.0015157
3.49,0.0015049
3.495,0.0014942
3.5,0.0014835
3.505,0.001473
3.51,0.0014625
3.515,0.0014521
3.52,0.0014419
3.525,0.0014317
3.53,0.0014216
3.535,0.0014115
3.54,0.0014016
3.545,0.0013917
3.55,0.001382
3.555,0.0013723
3.56,0.0013627
3.565,0.0013532
3.57,0.0013437
3.575,0.0013343
3.58,0.0013251
3.585,0.0013158
3.59,0.0013067
3.595,0.0012976
3.6,0.0012887
3.605,0.0012798
3.61,0.0012709
3.615,0.0012622
3.62,0.0012535
3.625,0.0012449
3.63,0.0012363
3.635,0.0012278
3.64,0.0012194
3.645,0.0012111
3.65,0.0012028
3.655,0.0011946
3.66,0.0011865
3.665,0.0011784
3.67,0.0011704
3.675,0.0011625
3.68,0.0011546
3.685,0.0011468
3.69,0.001139
3.695,0.0011314
3.7,0.0011237
3.705,0.0011162
3.71,0.0011087
3.715,0.0011012
3.72,0.0010939
3.725,0.0010865
3.73,0.0010793
3.735,0.0010721
3.74,0.0010649
3.745,0.0010578
3.75,0.0010508
3.755,0.0010438
3.76,0.0010369
3.765,0.00103
3.77,0.0010232
3.775,0.0010165
3.78,0.0010098
3.785,0.0010031
3.79,0.00099652
3.795,0.00098998
3.8,0.00098348
3.805,0.00097704
3.81,0.00097065
3.815,0.00096431
3.82,0.00095801
3.825,0.00095177
3.83,0.00094558
3.835,0.00093943
3.84,0.00093333
3.845,0.00092728
3.85,0.00092127
3.855,0.00091532
3.86,0.00090941
3.865,0.00090354
3.87,0.00089772
3.875,0.00089194
3.88,0.00088621
3.885,0.00088053
3.89,0.00087488
3.895,0.00086928
3.9,0.00086373
3.905,0.00085821
3.91,0.00085274
3.915,0.00084731
3.92,0.00084192
3.925,0.00083657
3.93,0.00083127
3.935,0.000826
3.94,0.00082077
3.945,0.00081559
3.95,0.00081044
3.955,0.00080533
3.96,0.00080026
3.965,0.00079523
3.97,0.00079023
3.975,0.00078528
3.98,0.00078036
3.985,0.00077548
3.99,0.00077063
3.995,0.00076582
4,0.00076105
4.005,0.00075631
4.01,0.00075161
4.015,0.00074694
4.02,0.00074231
4.025,0.00073771
4.03,0.00073314
4.035,0.00072861
4.04,0.00072412
4.045,0.00071965
4.05,0.00071522
4.055,0.00071083
4.06,0.00070646
4.065,0.00070213
4.07,0.00069783
4.075,0.00069356
4.08,0.00068932
4.085,0.00068511
4.09,0.00068093
4.095,0.00067679
4.1,0.00067267
4.105,0.00066858
4.11,0.00066453
4.115,0.0006605
4.12,0.0006565
4.125,0.00065254
4.13,0.0006486
4.135,0.00064468
4.14,0.0006408
4.145,0.00063695
4.15,0.00063312
4.155,0.00062932
4.16,0.00062555
4.165,0.0006218
4.17,0.00061808
4.175,0.00061439
4.18,0.00061073
4.185,0.00060709
4.19,0.00060348
4.195,0.00059989
4.2,0.00059633
4.205,0.00059279
4.21,0.00058928
4.215,0.00058579
4.22,0.00058233
4.225,0.00057889
4.23,0.00057548
4.235,0.00057209
4.24,0.00056873
4.245,0.00056539
4.25,0.00056207
4.255,0.00055878
4.26,0.00055551
4.265,0.00055226
4.27,0.00054903
4.275,0.00054583
4.28,0.00054265
4.285,0.00053949
4.29,0.00053635
4.295,0.00053324
4.3,0.00053015
4.305,0.00052708
4.31,0.00052403
4.315,0.000521
4.32,0.00051799
4.325,0.000515
4.33,0.00051204
4.335,0.00050909
4.34,0.00050617
4.345,0.00050326
4.35,0.00050038
4.355,0.00049751
4.36,0.00049467
4.365,0.00049184
4.37,0.00048903
4.375,0.00048624
4.38,0.00048348
4.385,0.00048073
4.39,0.00047799
4.395,0.00047528
4.4,0.00047259
4.405,0.00046991
4.41,0.00046726
4.415,0.00046462
4.42,0.00046199
4.425,0.00045939
4.43,0.0004568
4.435,0.00045424
4.44,0.00045168
4.445,0.00044915
4.45,0.00044663
4.455,0.00044413
4.46,0.00044165
4.465,0.00043918
4.47,0.00043673
4.475,0.0004343
4.48,0.00043188
4.485,0.00042948
4.49,0.00042709
4.495,0.00042472
4.5,0.00042237
4.505,0.00042003
4.51,0.00041771
4.515,0.0004154
4.52,0.00041311
4.525,0.00041083
4.53,0.00040857
4.535,0.00040632
4.54,0.00040409
4.545,0.00040187
4.55,0.00039967
4.555,0.00039748
4.56,0.00039531
4.565,0.00039315
4.57,0.000391
4.575,0.00038887
4.58,0.00038675
4.585,0.00038465
4.59,0.00038256
4.595,0.00038048
4.6,0.00037842
4.605,0.00037637
4.61,0.00037433
4.615,0.00037231
4.62,0.0003703
4.625,0.0003683
4.63,0.00036632
4.635,0.00036434
4.64,0.00036239
4.645,0.00036044
4.65,0.00035851
4.655,0.00035659
4.66,0.00035468
4.665,0.00035278
4.67,0.0003509
4.675,0.00034902
4.68,0.00034716
4.685,0.00034532
4.69,0.00034348
4.695,0.00034165
4.7,0.00033984
4.705,0.00033804
4.71,0.00033625
4.715,0.00033447
4.72,0.0003327
4.725,0.00033095
4.73,0.0003292
4.735,0.00032747
4.74,0.00032574
4.745,0.00032403
4.75,0.00032233
4.755,0.00032064
4.76,0.00031896
4.765,0.00031729
4.77,0.00031563
4.775,0.00031398
4.78,0.00031234
4.785,0.00031071
4.79,0.00030909
4.795,0.00030749
4.8,0.00030589
4.805,0.0003043
4.81,0.00030272
4.815,0.00030115
4.82,0.0002996
4.825,0.00029805
4.83,0.00029651
4.835,0.00029498
4.84,0.00029346
4.845,0.00029195
4.85,0.00029044
4.855,0.00028895
4.86,0.00028747
4.865,0.00028599
4.87,0.00028453
4.875,0.00028307
4.88,0.00028163
4.885,0.00028019
4.89,0.00027876
4.895,0.00027734
4.9,0.00027593
4.905,0.00027452
4.91,0.00027313
4.915,0.00027174
4.92,0.00027036
4.925,0.00026899
4.93,0.00026763
4.935,0.00026628
4.94,0.00026494
4.945,0.0002636
4.95,0.00026227
4.955,0.00026095
4.96,0.00025964
4.965,0.00025833
4.97,0.00025704
4.975,0.00025575
4.98,0.00025447
4.985,0.00025319
4.99,0.00025193
4.995,0.00025067
5,0.00024942
5.005,0.00024817
5.01,0.00024694
5.015,0.00024571
5.02,0.00024449
5.025,0.00024328
5.03,0.00024207
5.035,0.00024087
5.04,0.00023968
5.045,0.00023849
5.05,0.00023731
5.055,0.00023614
5.06,0.00023498
5.065,0.00023382
5.07,0.00023267
5.075,0.00023153
5.08,0.00023039
5.085,0.00022926
5.09,0.00022813
5.095,0.00022702
5.1,0.00022591
5.105,0.0002248
5.11,0.00022371
5.115,0.00022261
5.12,0.00022153
5.125,0.00022045
5.13,0.00021938
5.135,0.00021831
5.14,0.00021725
5.145,0.0002162
5.15,0.00021515
5.155,0.00021411
5.16,0.00021308
5.165,0.00021205
5.17,0.00021102
5.175,0.00021001
5.18,0.00020899
5.185,0.00020799
5.19,0.00020699
5.195,0.00020599
5.2,0.00020501
5.205,0.00020402
5.21,0.00020305
5.215,0.00020208
5.22,0.00020111
5.225,0.00020015
5.23,0.00019919
5.235,0.00019824
5.24,0.0001973
5.245,0.00019636
5.25,0.00019543
5.255,0.0001945
5.26,0.00019358
5.265,0.00019266
5.27,0.00019175
5.275,0.00019084
5.28,0.00018994
5.285,0.00018904
5.29,0.00018815
5.295,0.00018727
5.3,0.00018638
5.305,0.00018551
5.31,0.00018464
5.315,0.00018377
5.32,0.00018291
5.325,0.00018205
5.33,0.0001812
5.335,0.00018035
5.34,0.00017951
5.345,0.00017867
5.35,0.00017784
5.355,0.00017701
5.36,0.00017618
5.365,0.00017536
5.37,0.00017455
5.375,0.00017374
5.38,0.00017293
5.385,0.00017213
5.39,0.00017133
5.395,0.00017054
5.4,0.00016975
5.405,0.00016897
5.41,0.00016819
5.415,0.00016742
5.42,0.00016665
5.425,0.00016588
5.43,0.00016512
5.435,0.00016436
5.44,0.0001636
5.445,0.00016285
5.45,0.00016211
5.455,0.00016137
5.46,0.00016063
5.465,0.0001599
5.47,0.00015917
5.475,0.00015844
5.48,0.00015772
5.485,0.000157
5.49,0.00015629
5.495,0.00015558
5.5,0.00015487
5.505,0.00015417
5.51,0.00015347
5.515,0.00015278
5.52,0.00015209
5.525,0.0001514
5.53,0.00015072
5.535,0.00015004
5.54,0.00014936
5.545,0.00014869
5.55,0.00014802
5.555,0.00014736
5.56,0.0001467
5.565,0.00014604
5.57,0.00014538
5.575,0.00014473
5.58,0.00014409
5.585,0.00014344
5.59,0.0001428
5.595,0.00014217
5.6,0.00014153
5.605,0.0001409
5.61,0.00014027
5.615,0.00013965
5.62,0.00013903
5.625,0.00013841
5.63,0.0001378
5.635,0.00013719
5.64,0.00013658
5.645,0.00013598
5.65,0.00013538
5.655,0.00013478
5.66,0.00013419
5.665,0.0001336
5.67,0.00013301
5.675,0.00013242
5.68,0.00013184
5.685,0.00013126
5.69,0.00013069
5.695,0.00013011
5.7,0.00012955
5.705,0.00012898
5.71,0.00012841
5.715,0.00012785
5.72,0.0001273
5.725,0.00012674
5.73,0.00012619
5.735,0.00012564
5.74,0.00012509
5.745,0.00012455
5.75,0.00012401
5.755,0.00012347
5.76,0.00012294
5.765,0.00012241
5.77,0.00012188
5.775,0.00012135
5.78,0.00012083
5.785,0.0001203
5.79,0.00011979
5.795,0.00011927
5.8,0.00011876
5.805,0.00011825
5.81,0.00011774
5.815,0.00011723
5.82,0.00011673
5.825,0.00011623
5.83,0.00011573
5.835,0.00011524
5.84,0.00011475
5.845,0.00011426
5.85,0.00011377
5.855,0.00011328
5.86,0.0001128
5.865,0.00011232
5.87,0.00011184
5.875,0.00011137
5.88,0.0001109
5.885,0.00011042
5.89,0.00010996
5.895,0.00010949
5.9,0.00010903
5.905,0.00010857
5.91,0.00010811
5.915,0.00010765
5.92,0.0001072
5.925,0.00010675
5.93,0.0001063
5.935,0.00010585
5.94,0.00010541
5.945,0.00010496
5.95,0.00010452
5.955,0.00010409
5.96,0.00010365
5.965,0.00010322
5.97,0.00010278
5.975,0.00010236
5.98,0.00010193
5.985,0.0001015
5.99,0.00010108
5.995,0.00010066
6,0.00010024
6.005,9.9824e-005
6.01,9.941e-005
6.015,9.8997e-005
6.02,9.8587e-005
6.025,9.8178e-005
6.03,9.7772e-005
6.035,9.7368e-005
6.04,9.6965e-005
6.045,9.6565e-005
6.05,9.6167e-005
6.055,9.577e-005
6.06,9.5376e-005
6.065,9.4983e-005
6.07,9.4593e-005
6.075,9.4204e-005
6.08,9.3818e-005
6.085,9.3433e-005
6.09,9.305e-005
6.095,9.2669e-005
6.1,9.229e-005
6.105,9.1912e-005
6.11,9.1537e-005
6.115,9.1163e-005
6.12,9.0792e-005
6.125,9.0422e-005
6.13,9.0053e-005
6.135,8.9687e-005
6.14,8.9323e-005
6.145,8.896e-005
6.15,8.8599e-005
6.155,8.8239e-005
6.16,8.7882e-005
6.165,8.7526e-005
6.17,8.7172e-005
6.175,8.682e-005
6.18,8.6469e-005
6.185,8.612e-005
6.19,8.5773e-005
6.195,8.5427e-005
6.2,8.5083e-005
6.205,8.4741e-005
6.21,8.4401e-005
6.215,8.4062e-005
6.22,8.3724e-005
6.225,8.3389e-005
6.23,8.3055e-005
6.235,8.2722e-005
6.24,8.2391e-005
6.245,8.2062e-005
6.25,8.1734e-005
6.255,8.1408e-005
6.26,8.1084e-005
6.265,8.0761e-005
6.27,8.0439e-005
6.275,8.0119e-005
6.28,7.9801e-005
