0,0
2.5484e-006,0
1.0194e-005,0
2.2936e-005,0
4.0775e-005,0
6.371e-005,0
9.1743e-005,0
0.00012487,0
0.0001631,0
0.00020642,0
0.00025484,0
0.00030836,0
0.00036697,0
0.00043068,0
0.00049949,0
0.00057339,0
0.0006524,0
0.00073649,2.0536e-315
0.00082569,8.1866e-250
0.00091998,3.5361e-200
0.0010194,4.5464e-162
0.0011239,2.0099e-132
0.0012334,4.3572e-109
0.0013481,1.6096e-090
0.0014679,1.3339e-075
0.0015928,1.6558e-063
0.0017227,1.2696e-053
0.0018578,1.7524e-045
0.001998,9.8513e-039
0.0021432,4.2322e-033
0.0022936,2.2677e-028
0.002449,2.2259e-024
0.0026096,5.4256e-021
0.0027752,4.1858e-018
0.002946,1.2419e-015
0.0031218,1.6585e-013
0.0033028,1.1333e-011
0.0034888,4.3998e-010
0.0036799,1.058e-008
0.0038761,1.692e-007
0.0040775,1.9098e-006
0.0042839,1.5985e-005
0.0044954,0.00010343
0.004712,0.00053573
0.0049337,0.0022882
0.0051606,0.0082642
0.0053925,0.025785
0.0056295,0.070789
0.0058716,0.1737
0.0061188,0.38616
0.006371,0.78695
0.0066284,1.485
0.0068909,2.6177
0.0071585,4.3439
0.0074312,6.8309
0.007709,10.239
0.0079918,14.706
0.0082798,20.329
0.0085729,27.155
0.008871,35.174
0.0091743,44.319
0.0094827,54.47
0.0097961,65.461
0.010115,77.093
0.010438,89.147
0.010767,101.39
0.011101,113.6
0.01144,125.57
0.011784,137.08
0.012133,147.99
0.012487,158.13
0.012847,167.41
0.013211,175.74
0.013581,183.06
0.013955,189.34
0.014335,194.59
0.01472,198.8
0.01511,202.01
0.015505,204.27
0.015905,205.62
0.01631,206.13
0.01672,205.86
0.017136,204.88
0.017556,203.25
0.017982,201.05
0.018412,198.35
0.018848,195.2
0.019289,191.66
0.019735,187.81
0.020186,183.69
0.020642,179.34
0.021103,174.82
0.02157,170.16
0.022041,165.41
0.022518,160.6
0.022999,155.75
0.023486,150.9
0.023978,146.06
0.024475,141.25
0.024977,136.5
0.025484,131.81
0.025996,127.21
0.026514,122.69
0.027036,118.28
0.027564,113.97
0.028096,109.76
0.028634,105.68
0.029177,101.71
0.029725,97.862
0.030278,94.133
0.030836,90.526
0.031399,87.04
0.031967,83.673
0.032541,80.424
0.033119,77.292
0.033703,74.274
0.034292,71.368
0.034885,68.572
0.035484,65.882
0.036088,63.296
0.036697,60.811
0.037311,58.424
0.037931,56.131
0.038555,53.929
0.039185,51.816
0.039819,49.789
0.040459,47.843
0.041103,45.977
0.041753,44.187
0.042408,42.47
0.043068,40.823
0.043733,39.245
0.044404,37.731
0.045079,36.28
0.045759,34.888
0.046445,33.554
0.047136,32.275
0.047831,31.049
0.048532,29.873
0.049238,28.746
0.049949,27.665
0.050665,26.629
0.051386,25.635
0.052113,24.682
0.052844,23.767
0.053581,22.89
0.054322,22.049
0.055069,21.242
0.055821,20.468
0.056577,19.725
0.057339,19.012
0.058107,18.327
0.058879,17.67
0.059656,17.04
0.060438,16.434
0.061226,15.853
0.062018,15.294
0.062816,14.758
0.063619,14.243
0.064427,13.747
0.06524,13.272
0.066058,12.814
0.066881,12.375
0.067709,11.952
0.068542,11.546
0.069381,11.156
0.070224,10.78
0.071073,10.418
0.071927,10.071
0.072785,9.7361
0.073649,9.4141
0.074518,9.1042
0.075392,8.8059
0.076272,8.5186
0.077156,8.242
0.078045,7.9757
0.07894,7.7191
0.079839,7.4719
0.080744,7.2337
0.081654,7.0041
0.082569,6.7829
0.083489,6.5696
0.084414,6.3639
0.085344,6.1656
0.086279,5.9744
0.08722,5.7899
0.088165,5.612
0.089116,5.4403
0.090071,5.2746
0.091032,5.1146
0.091998,4.9603
0.092969,4.8112
0.093945,4.6673
0.094926,4.5283
0.095912,4.394
0.096904,4.2643
0.0979,4.139
0.098902,4.018
0.099908,3.9009
0.10092,3.7878
0.10194,3.6785
0.10296,3.5728
0.10399,3.4705
0.10502,3.3717
0.10606,3.276
0.1071,3.1835
0.10814,3.094
0.1092,3.0074
0.11025,2.9235
0.11132,2.8424
0.11239,2.7638
0.11346,2.6878
0.11454,2.6141
0.11562,2.5428
0.11671,2.4737
0.1178,2.4068
0.1189,2.3419
0.12,2.2791
0.12111,2.2182
0.12222,2.1592
0.12334,2.102
0.12447,2.0466
0.1256,1.9928
0.12673,1.9407
0.12787,1.8901
0.12901,1.841
0.13016,1.7935
0.13132,1.7473
0.13248,1.7025
0.13364,1.659
0.13481,1.6169
0.13599,1.5759
0.13717,1.5362
0.13835,1.4976
0.13954,1.4601
0.14074,1.4237
0.14194,1.3884
0.14314,1.3541
0.14435,1.3207
0.14557,1.2883
0.14679,1.2568
0.14801,1.2262
0.14925,1.1965
0.15048,1.1676
0.15172,1.1395
0.15297,1.1122
0.15422,1.0857
0.15548,1.0598
0.15674,1.0347
0.158,1.0103
0.15928,0.98656
0.16055,0.96345
0.16183,0.94097
0.16312,0.9191
0.16441,0.89781
0.16571,0.87709
0.16701,0.85693
0.16832,0.83731
0.16963,0.8182
0.17095,0.7996
0.17227,0.78149
0.1736,0.76385
0.17493,0.74668
0.17627,0.72995
0.17761,0.71365
0.17896,0.69778
0.18032,0.68232
0.18167,0.66725
0.18304,0.65257
0.18441,0.63826
0.18578,0.62431
0.18716,0.61072
0.18854,0.59748
0.18993,0.58456
0.19133,0.57197
0.19272,0.55969
0.19413,0.54772
0.19554,0.53604
0.19695,0.52466
0.19837,0.51355
0.1998,0.50272
0.20123,0.49215
0.20266,0.48184
0.2041,0.47177
0.20555,0.46196
0.207,0.45238
0.20845,0.44303
0.20991,0.4339
0.21138,0.42499
0.21285,0.4163
0.21432,0.40781
0.2158,0.39952
0.21729,0.39143
0.21878,0.38352
0.22028,0.3758
0.22178,0.36827
0.22328,0.3609
0.22479,0.35371
0.22631,0.34669
0.22783,0.33982
0.22936,0.33312
0.23089,0.32657
0.23243,0.32016
0.23397,0.31391
0.23551,0.30779
0.23707,0.30181
0.23862,0.29597
0.24019,0.29026
0.24175,0.28468
0.24333,0.27922
0.2449,0.27388
0.24649,0.26866
0.24807,0.26356
0.24967,0.25857
0.25126,0.25369
0.25287,0.24891
0.25448,0.24424
0.25609,0.23968
0.25771,0.23521
0.25933,0.23084
0.26096,0.22656
0.26259,0.22237
0.26423,0.21828
0.26587,0.21427
0.26752,0.21035
0.26918,0.20651
0.27084,0.20275
0.2725,0.19907
0.27417,0.19547
0.27584,0.19194
0.27752,0.18849
0.27921,0.18511
0.2809,0.1818
0.28259,0.17856
0.28429,0.17539
0.286,0.17228
0.28771,0.16924
0.28942,0.16626
0.29114,0.16334
0.29287,0.16048
0.2946,0.15767
0.29633,0.15493
0.29807,0.15224
0.29982,0.1496
0.30157,0.14702
0.30333,0.14449
0.30509,0.14201
0.30685,0.13958
0.30862,0.13719
0.3104,0.13486
0.31218,0.13257
0.31397,0.13033
0.31576,0.12813
0.31756,0.12597
0.31936,0.12385
0.32116,0.12178
0.32298,0.11975
0.32479,0.11775
0.32662,0.1158
0.32844,0.11388
0.33028,0.112
0.33211,0.11016
0.33396,0.10835
0.3358,0.10657
0.33766,0.10483
0.33951,0.10313
0.34138,0.10145
0.34324,0.099808
0.34512,0.098195
0.347,0.096613
0.34888,0.09506
0.35077,0.093536
0.35266,0.092041
0.35456,0.090573
0.35646,0.089133
0.35837,0.087719
0.36029,0.086332
0.3622,0.08497
0.36413,0.083633
0.36606,0.08232
0.36799,0.081031
0.36993,0.079766
0.37188,0.078524
0.37383,0.077304
0.37578,0.076106
0.37774,0.07493
0.3797,0.073775
0.38167,0.07264
0.38365,0.071526
0.38563,0.070432
0.38761,0.069357
0.3896,0.068302
0.3916,0.067265
0.3936,0.066246
0.39561,0.065245
0.39762,0.064262
0.39963,0.063296
0.40165,0.062347
0.40368,0.061415
0.40571,0.060498
0.40775,0.059598
0.40979,0.058713
0.41183,0.057844
0.41389,0.056989
0.41594,0.056149
0.418,0.055324
0.42007,0.054513
0.42214,0.053715
0.42422,0.052931
0.4263,0.052161
0.42839,0.051403
0.43048,0.050658
0.43258,0.049926
0.43468,0.049206
0.43679,0.048498
0.4389,0.047802
0.44102,0.047118
0.44314,0.046445
0.44527,0.045783
0.4474,0.045132
0.44954,0.044492
0.45168,0.043863
0.45383,0.043243
0.45599,0.042634
0.45814,0.042035
0.46031,0.041446
0.46248,0.040867
0.46465,0.040296
0.46683,0.039736
0.46901,0.039184
0.4712,0.038641
0.4734,0.038107
0.4756,0.037581
0.4778,0.037064
0.48001,0.036555
0.48222,0.036054
0.48444,0.035561
0.48667,0.035077
0.4889,0.034599
0.49113,0.03413
0.49337,0.033667
0.49562,0.033212
0.49787,0.032765
0.50012,0.032324
0.50239,0.03189
0.50465,0.031463
0.50692,0.031042
0.5092,0.030628
0.51148,0.030221
0.51376,0.02982
0.51606,0.029425
0.51835,0.029036
0.52065,0.028653
0.52296,0.028276
0.52527,0.027905
0.52759,0.027539
0.52991,0.027179
0.53223,0.026824
0.53457,0.026475
0.5369,0.026131
0.53925,0.025793
0.54159,0.025459
0.54394,0.02513
0.5463,0.024807
0.54866,0.024488
0.55103,0.024174
0.5534,0.023865
0.55578,0.02356
0.55817,0.02326
0.56055,0.022964
0.56295,0.022673
0.56534,0.022386
0.56775,0.022103
0.57016,0.021824
0.57257,0.02155
0.57499,0.021279
0.57741,0.021012
0.57984,0.02075
0.58227,0.020491
0.58471,0.020236
0.58716,0.019984
0.5896,0.019736
0.59206,0.019492
0.59452,0.019252
0.59698,0.019014
0.59945,0.01878
0.60193,0.01855
0.60441,0.018323
0.60689,0.018099
0.60938,0.017878
0.61188,0.01766
0.61438,0.017446
0.61688,0.017234
0.61939,0.017026
0.62191,0.01682
0.62443,0.016617
0.62695,0.016418
0.62948,0.01622
0.63202,0.016026
0.63456,0.015835
0.6371,0.015646
0.63966,0.015459
0.64221,0.015276
0.64477,0.015094
0.64734,0.014916
0.64991,0.014739
0.65249,0.014566
0.65507,0.014394
0.65766,0.014225
0.66025,0.014058
0.66284,0.013894
0.66545,0.013732
0.66805,0.013572
0.67067,0.013414
0.67328,0.013258
0.6759,0.013104
0.67853,0.012953
0.68116,0.012803
0.6838,0.012656
0.68644,0.01251
0.68909,0.012367
0.69175,0.012225
0.6944,0.012085
0.69707,0.011947
0.69973,0.011811
0.70241,0.011677
0.70509,0.011545
0.70777,0.011414
0.71046,0.011285
0.71315,0.011157
0.71585,0.011032
0.71856,0.010908
0.72126,0.010785
0.72398,0.010665
0.7267,0.010545
0.72942,0.010428
0.73215,0.010312
0.73489,0.010197
0.73762,0.010084
0.74037,0.0099722
0.74312,0.009862
0.74587,0.0097531
0.74863,0.0096457
0.7514,0.0095397
0.75417,0.009435
0.75694,0.0093317
0.75972,0.0092296
0.76251,0.0091289
0.7653,0.0090294
0.7681,0.0089312
0.7709,0.0088343
0.7737,0.0087386
0.77651,0.0086441
0.77933,0.0085507
0.78215,0.0084586
0.78498,0.0083676
0.78781,0.0082777
0.79064,0.008189
0.79349,0.0081014
0.79633,0.0080149
0.79918,0.0079294
0.80204,0.007845
0.8049,0.0077617
0.80777,0.0076793
0.81064,0.007598
0.81352,0.0075177
0.8164,0.0074384
0.81929,0.0073601
0.82218,0.0072827
0.82508,0.0072063
0.82798,0.0071308
0.83089,0.0070562
0.8338,0.0069826
0.83672,0.0069098
0.83964,0.0068379
0.84257,0.0067669
0.8455,0.0066967
0.84844,0.0066274
0.85139,0.0065589
0.85433,0.0064913
0.85729,0.0064245
0.86025,0.0063584
0.86321,0.0062932
0.86618,0.0062287
0.86915,0.006165
0.87213,0.0061021
0.87512,0.0060399
0.87811,0.0059784
0.8811,0.0059177
0.8841,0.0058577
0.8871,0.0057984
0.89011,0.0057398
0.89313,0.0056819
0.89615,0.0056247
0.89917,0.0055681
0.9022,0.0055122
0.90524,0.005457
0.90828,0.0054024
0.91133,0.0053484
0.91438,0.0052951
0.91743,0.0052424
0.92049,0.0051903
0.92356,0.0051388
0.92663,0.0050879
0.9297,0.0050375
0.93279,0.0049878
0.93587,0.0049386
0.93896,0.00489
0.94206,0.004842
0.94516,0.0047945
0.94827,0.0047475
0.95138,0.0047011
0.9545,0.0046552
0.95762,0.0046099
0.96074,0.004565
0.96388,0.0045207
0.96701,0.0044768
0.97016,0.0044335
0.9733,0.0043906
0.97646,0.0043483
0.97961,0.0043064
0.98278,0.0042649
0.98594,0.004224
0.98912,0.0041835
0.99229,0.0041434
0.99548,0.0041038
0.99866,0.0040646
1.0019,0.0040259
1.0051,0.0039876
1.0083,0.0039497
1.0115,0.0039123
1.0147,0.0038752
1.0179,0.0038386
1.0211,0.0038024
1.0244,0.0037665
1.0276,0.0037311
1.0308,0.003696
1.0341,0.0036614
1.0373,0.0036271
1.0406,0.0035932
1.0438,0.0035596
1.0471,0.0035264
1.0504,0.0034936
1.0536,0.0034611
1.0569,0.003429
1.0602,0.0033973
1.0635,0.0033658
1.0668,0.0033347
1.0701,0.003304
1.0734,0.0032736
1.0767,0.0032435
1.08,0.0032137
1.0833,0.0031843
1.0867,0.0031551
1.09,0.0031263
1.0933,0.0030978
1.0967,0.0030695
1.1,0.0030416
1.1034,0.003014
1.1067,0.0029867
1.1101,0.0029596
1.1135,0.0029329
1.1168,0.0029064
1.1202,0.0028802
1.1236,0.0028543
1.127,0.0028286
1.1304,0.0028032
1.1338,0.0027781
1.1372,0.0027533
1.1406,0.0027287
1.144,0.0027043
1.1474,0.0026802
1.1508,0.0026564
1.1543,0.0026328
1.1577,0.0026095
1.1611,0.0025864
1.1646,0.0025635
1.168,0.0025409
1.1715,0.0025185
1.1749,0.0024963
1.1784,0.0024744
1.1819,0.0024526
1.1853,0.0024311
1.1888,0.0024099
1.1923,0.0023888
1.1958,0.002368
1.1993,0.0023473
1.2028,0.0023269
1.2063,0.0023067
1.2098,0.0022867
1.2133,0.0022669
1.2168,0.0022473
1.2203,0.0022279
1.2239,0.0022086
1.2274,0.0021896
1.231,0.0021708
1.2345,0.0021521
1.238,0.0021337
1.2416,0.0021154
1.2452,0.0020973
1.2487,0.0020794
1.2523,0.0020617
1.2559,0.0020441
1.2595,0.0020267
1.263,0.0020095
1.2666,0.0019925
1.2702,0.0019756
1.2738,0.0019589
1.2774,0.0019424
1.281,0.001926
1.2847,0.0019098
1.2883,0.0018937
1.2919,0.0018778
1.2955,0.0018621
1.2992,0.0018465
1.3028,0.0018311
1.3065,0.0018158
1.3101,0.0018006
1.3138,0.0017856
1.3174,0.0017708
1.3211,0.0017561
1.3248,0.0017415
1.3285,0.0017271
1.3321,0.0017128
1.3358,0.0016987
1.3395,0.0016847
1.3432,0.0016708
1.3469,0.0016571
1.3506,0.0016435
1.3543,0.00163
1.3581,0.0016166
1.3618,0.0016034
1.3655,0.0015903
1.3692,0.0015773
1.373,0.0015645
1.3767,0.0015518
1.3805,0.0015392
1.3842,0.0015267
1.388,0.0015143
1.3917,0.0015021
1.3955,0.0014899
1.3993,0.0014779
1.4031,0.001466
1.4069,0.0014542
1.4106,0.0014425
1.4144,0.0014309
1.4182,0.0014195
1.422,0.0014081
1.4259,0.0013968
1.4297,0.0013857
1.4335,0.0013746
1.4373,0.0013637
1.4411,0.0013529
1.445,0.0013421
1.4488,0.0013315
1.4527,0.0013209
1.4565,0.0013105
1.4604,0.0013001
1.4642,0.0012899
1.4681,0.0012797
1.472,0.0012696
1.4758,0.0012597
1.4797,0.0012498
1.4836,0.00124
1.4875,0.0012303
1.4914,0.0012207
1.4953,0.0012111
1.4992,0.0012017
1.5031,0.0011923
1.507,0.0011831
1.511,0.0011739
1.5149,0.0011648
1.5188,0.0011557
1.5228,0.0011468
1.5267,0.0011379
1.5306,0.0011292
1.5346,0.0011205
1.5386,0.0011118
1.5425,0.0011033
1.5465,0.0010948
1.5505,0.0010864
1.5544,0.0010781
1.5584,0.0010699
1.5624,0.0010617
1.5664,0.0010536
1.5704,0.0010456
1.5744,0.0010376
1.5784,0.0010297
1.5824,0.0010219
1.5864,0.0010142
1.5905,0.0010065
1.5945,0.00099888
1.5985,0.00099134
1.6026,0.00098386
1.6066,0.00097645
1.6107,0.00096911
1.6147,0.00096183
1.6188,0.00095461
1.6228,0.00094745
1.6269,0.00094036
1.631,0.00093333
1.6351,0.00092636
1.6392,0.00091946
1.6432,0.00091261
1.6473,0.00090582
1.6514,0.00089909
1.6555,0.00089242
1.6597,0.0008858
1.6638,0.00087925
1.6679,0.00087275
1.672,0.0008663
1.6761,0.00085991
1.6803,0.00085358
1.6844,0.0008473
1.6886,0.00084107
1.6927,0.0008349
1.6969,0.00082878
1.701,0.00082271
1.7052,0.0008167
1.7094,0.00081073
1.7136,0.00080482
1.7177,0.00079896
1.7219,0.00079314
1.7261,0.00078738
1.7303,0.00078166
1.7345,0.000776
1.7387,0.00077038
1.7429,0.00076481
1.7472,0.00075928
1.7514,0.0007538
1.7556,0.00074837
1.7598,0.00074298
1.7641,0.00073764
1.7683,0.00073235
1.7726,0.00072709
1.7768,0.00072188
1.7811,0.00071672
1.7853,0.0007116
1.7896,0.00070652
1.7939,0.00070148
1.7982,0.00069649
1.8024,0.00069153
1.8067,0.00068662
1.811,0.00068175
1.8153,0.00067692
1.8196,0.00067212
1.8239,0.00066737
1.8283,0.00066266
1.8326,0.00065798
1.8369,0.00065335
1.8412,0.00064875
1.8456,0.00064419
1.8499,0.00063967
1.8543,0.00063518
1.8586,0.00063073
1.863,0.00062632
1.8673,0.00062194
1.8717,0.0006176
1.8761,0.00061329
1.8804,0.00060902
1.8848,0.00060479
1.8892,0.00060058
1.8936,0.00059642
1.898,0.00059228
1.9024,0.00058818
1.9068,0.00058411
1.9112,0.00058008
1.9156,0.00057608
1.92,0.00057211
1.9245,0.00056817
1.9289,0.00056426
1.9333,0.00056038
1.9378,0.00055654
1.9422,0.00055273
1.9467,0.00054894
1.9511,0.00054519
1.9556,0.00054147
1.9601,0.00053777
1.9645,0.00053411
1.969,0.00053047
1.9735,0.00052687
1.978,0.00052329
1.9825,0.00051974
1.987,0.00051622
1.9915,0.00051272
1.996,0.00050926
2.0005,0.00050582
2.005,0.00050241
2.0095,0.00049902
2.0141,0.00049567
2.0186,0.00049233
2.0231,0.00048903
2.0277,0.00048575
2.0322,0.00048249
2.0368,0.00047926
2.0413,0.00047606
2.0459,0.00047288
2.0505,0.00046973
2.0551,0.0004666
2.0596,0.00046349
2.0642,0.00046041
2.0688,0.00045735
2.0734,0.00045432
2.078,0.00045131
2.0826,0.00044832
2.0872,0.00044536
2.0918,0.00044242
2.0965,0.0004395
2.1011,0.0004366
2.1057,0.00043373
2.1103,0.00043088
2.115,0.00042805
2.1196,0.00042524
2.1243,0.00042245
2.1289,0.00041969
2.1336,0.00041694
2.1383,0.00041422
2.1429,0.00041152
2.1476,0.00040884
2.1523,0.00040617
2.157,0.00040353
2.1617,0.00040091
2.1664,0.00039831
2.1711,0.00039573
2.1758,0.00039316
2.1805,0.00039062
2.1852,0.0003881
2.1899,0.00038559
2.1947,0.00038311
2.1994,0.00038064
2.2041,0.00037819
2.2089,0.00037576
2.2136,0.00037335
2.2184,0.00037095
2.2231,0.00036857
2.2279,0.00036622
2.2327,0.00036387
2.2374,0.00036155
2.2422,0.00035924
2.247,0.00035696
2.2518,0.00035468
2.2566,0.00035243
2.2614,0.00035019
2.2662,0.00034797
2.271,0.00034576
2.2758,0.00034357
2.2806,0.0003414
2.2854,0.00033924
2.2903,0.0003371
2.2951,0.00033497
2.2999,0.00033286
2.3048,0.00033077
2.3096,0.00032869
2.3145,0.00032663
2.3194,0.00032458
2.3242,0.00032254
2.3291,0.00032053
2.334,0.00031852
2.3388,0.00031653
2.3437,0.00031456
2.3486,0.0003126
2.3535,0.00031065
2.3584,0.00030872
2.3633,0.0003068
2.3682,0.00030489
2.3732,0.000303
2.3781,0.00030113
2.383,0.00029926
2.3879,0.00029741
2.3929,0.00029558
2.3978,0.00029375
2.4028,0.00029194
2.4077,0.00029014
2.4127,0.00028836
2.4176,0.00028659
2.4226,0.00028483
2.4276,0.00028308
2.4325,0.00028135
2.4375,0.00027963
2.4425,0.00027792
2.4475,0.00027622
2.4525,0.00027454
2.4575,0.00027286
2.4625,0.0002712
2.4675,0.00026955
2.4725,0.00026791
2.4776,0.00026629
2.4826,0.00026467
2.4876,0.00026307
2.4927,0.00026148
2.4977,0.0002599
2.5028,0.00025833
2.5078,0.00025677
2.5129,0.00025522
2.5179,0.00025369
2.523,0.00025216
2.5281,0.00025064
2.5332,0.00024914
2.5382,0.00024765
2.5433,0.00024616
2.5484,0.00024469
2.5535,0.00024323
2.5586,0.00024177
2.5637,0.00024033
2.5688,0.0002389
2.574,0.00023748
2.5791,0.00023606
2.5842,0.00023466
2.5894,0.00023327
2.5945,0.00023188
2.5996,0.00023051
2.6048,0.00022914
2.6099,0.00022779
2.6151,0.00022644
2.6203,0.00022511
2.6254,0.00022378
2.6306,0.00022246
2.6358,0.00022115
2.641,0.00021985
2.6462,0.00021856
2.6514,0.00021728
2.6566,0.000216
2.6618,0.00021474
2.667,0.00021348
2.6722,0.00021224
2.6774,0.000211
2.6827,0.00020977
2.6879,0.00020854
2.6931,0.00020733
2.6984,0.00020612
2.7036,0.00020492
2.7089,0.00020374
2.7141,0.00020255
2.7194,0.00020138
2.7247,0.00020021
2.7299,0.00019906
2.7352,0.00019791
2.7405,0.00019676
2.7458,0.00019563
2.7511,0.0001945
2.7564,0.00019338
2.7617,0.00019227
2.767,0.00019117
2.7723,0.00019007
2.7776,0.00018898
2.7829,0.0001879
2.7883,0.00018682
2.7936,0.00018575
2.7989,0.00018469
2.8043,0.00018364
2.8096,0.00018259
2.815,0.00018155
2.8203,0.00018052
2.8257,0.00017949
2.8311,0.00017847
2.8365,0.00017746
2.8418,0.00017646
2.8472,0.00017546
2.8526,0.00017446
2.858,0.00017348
2.8634,0.0001725
2.8688,0.00017153
2.8742,0.00017056
2.8796,0.0001696
2.8851,0.00016864
2.8905,0.0001677
2.8959,0.00016675
2.9013,0.00016582
2.9068,0.00016489
2.9122,0.00016397
2.9177,0.00016305
2.9231,0.00016214
2.9286,0.00016123
2.9341,0.00016033
2.9395,0.00015944
2.945,0.00015855
2.9505,0.00015767
2.956,0.00015679
2.9615,0.00015592
2.967,0.00015506
2.9725,0.0001542
2.978,0.00015334
2.9835,0.0001525
2.989,0.00015165
2.9945,0.00015082
3.0001,0.00014998
3.0056,0.00014916
3.0111,0.00014834
3.0167,0.00014752
3.0222,0.00014671
3.0278,0.0001459
3.0333,0.0001451
3.0389,0.00014431
3.0445,0.00014352
3.05,0.00014273
3.0556,0.00014195
3.0612,0.00014118
3.0668,0.00014041
3.0724,0.00013964
3.078,0.00013888
3.0836,0.00013812
3.0892,0.00013737
3.0948,0.00013663
3.1004,0.00013588
3.1061,0.00013515
3.1117,0.00013442
3.1173,0.00013369
3.123,0.00013297
3.1286,0.00013225
3.1343,0.00013153
3.1399,0.00013082
3.1456,0.00013012
3.1512,0.00012942
3.1569,0.00012872
3.1626,0.00012803
3.1683,0.00012734
3.1739,0.00012666
3.1796,0.00012598
3.1853,0.00012531
3.191,0.00012464
3.1967,0.00012397
3.2024,0.00012331
3.2082,0.00012265
3.2139,0.000122
3.2196,0.00012135
3.2253,0.0001207
3.2311,0.00012006
3.2368,0.00011942
3.2426,0.00011879
3.2483,0.00011816
3.2541,0.00011753
3.2598,0.00011691
3.2656,0.00011629
3.2714,0.00011568
3.2772,0.00011507
3.2829,0.00011446
3.2887,0.00011386
3.2945,0.00011326
3.3003,0.00011266
3.3061,0.00011207
3.3119,0.00011148
3.3177,0.0001109
3.3236,0.00011031
3.3294,0.00010974
3.3352,0.00010916
3.341,0.00010859
3.3469,0.00010802
3.3527,0.00010746
3.3586,0.0001069
3.3644,0.00010634
3.3703,0.00010579
3.3761,0.00010524
3.382,0.00010469
3.3879,0.00010415
3.3938,0.00010361
3.3997,0.00010307
3.4055,0.00010254
3.4114,0.00010201
3.4173,0.00010148
3.4232,0.00010095
3.4292,0.00010043
3.4351,9.9916e-005
3.441,9.9401e-005
3.4469,9.8889e-005
3.4528,9.8381e-005
3.4588,9.7875e-005
3.4647,9.7372e-005
3.4707,9.6873e-005
3.4766,9.6376e-005
3.4826,9.5883e-005
3.4885,9.5392e-005
3.4945,9.4904e-005
3.5005,9.442e-005
3.5064,9.3938e-005
3.5124,9.3459e-005
3.5184,9.2982e-005
3.5244,9.2509e-005
3.5304,9.2038e-005
3.5364,9.1571e-005
3.5424,9.1106e-005
3.5484,9.0643e-005
3.5544,9.0184e-005
3.5605,8.9727e-005
3.5665,8.9273e-005
3.5725,8.8822e-005
3.5786,8.8373e-005
3.5846,8.7927e-005
3.5906,8.7483e-005
3.5967,8.7042e-005
3.6028,8.6604e-005
3.6088,8.6168e-005
3.6149,8.5735e-005
3.621,8.5304e-005
3.627,8.4876e-005
3.6331,8.4451e-005
3.6392,8.4027e-005
3.6453,8.3607e-005
3.6514,8.3189e-005
3.6575,8.2773e-005
3.6636,8.236e-005
3.6697,8.1949e-005
3.6758,8.154e-005
3.682,8.1134e-005
3.6881,8.073e-005
3.6942,8.0329e-005
3.7004,7.9929e-005
3.7065,7.9533e-005
3.7127,7.9138e-005
3.7188,7.8746e-005
3.725,7.8356e-005
3.7311,7.7968e-005
3.7373,7.7583e-005
3.7435,7.7199e-005
3.7497,7.6818e-005
3.7559,7.6439e-005
3.762,7.6063e-005
3.7682,7.5688e-005
3.7744,7.5316e-005
3.7806,7.4946e-005
3.7869,7.4577e-005
3.7931,7.4211e-005
3.7993,7.3848e-005
3.8055,7.3486e-005
3.8117,7.3126e-005
3.818,7.2768e-005
3.8242,7.2413e-005
3.8305,7.2059e-005
3.8367,7.1707e-005
3.843,7.1358e-005
3.8492,7.101e-005
3.8555,7.0664e-005
3.8618,7.0321e-005
3.8681,6.9979e-005
3.8743,6.9639e-005
3.8806,6.9301e-005
3.8869,6.8965e-005
3.8932,6.8631e-005
3.8995,6.8299e-005
3.9058,6.7968e-005
3.9121,6.764e-005
3.9185,6.7313e-005
3.9248,6.6988e-005
3.9311,6.6666e-005
3.9374,6.6344e-005
3.9438,6.6025e-005
3.9501,6.5707e-005
3.9565,6.5392e-005
3.9628,6.5078e-005
3.9692,6.4765e-005
3.9755,6.4455e-005
3.9819,6.4146e-005
3.9883,6.3839e-005
3.9947,6.3534e-005
4.001,6.323e-005
4.0074,6.2928e-005
4.0138,6.2628e-005
4.0202,6.2329e-005
