1.2015,0.0027141
1.2167,0.0026149
1.2319,0.0025205
1.2471,0.0024306
1.2624,0.0023451
1.2776,0.0022636
1.2928,0.0021858
1.308,0.0021117
1.3232,0.002041
1.3384,0.0019735
1.3536,0.0019089
1.3688,0.0018473
1.384,0.0017883
1.3992,0.0017318
1.4145,0.0016778
1.4297,0.0016261
1.4449,0.0015765
1.4601,0.001529
1.4753,0.0014834
1.4905,0.0014397
1.5057,0.0013977
1.5209,0.0013574
1.5361,0.0013187
1.5513,0.0012814
1.5665,0.0012456
1.5818,0.0012112
1.597,0.0011781
1.6122,0.0011461
1.6274,0.0011154
1.6426,0.0010858
1.6578,0.0010573
1.673,0.0010297
1.6882,0.0010032
1.7034,0.00097758
1.7186,0.00095285
1.7338,0.00092898
1.7491,0.00090592
1.7643,0.00088363
1.7795,0.00086209
1.7947,0.00084127
1.8099,0.00082113
1.8251,0.00080164
1.8403,0.00078278
1.8555,0.00076452
1.8707,0.00074684
1.8859,0.00072971
1.9011,0.00071312
1.9164,0.00069703
1.9316,0.00068144
