0,0
0.062832,2.0237e-016
0.088858,1.7269e-008
0.12566,0.00010464
0.1405,0.00053857
0.17772,0.0053191
0.1885,0.0078219
0.19869,0.010499
0.22654,0.018303
0.25133,0.024477
0.25906,0.026094
0.26657,0.027501
0.28099,0.02974
0.31416,0.032717
0.32038,0.032978
0.33836,0.033299
0.35543,0.033105
0.36637,0.032778
0.37699,0.032336
0.38219,0.032083
0.39738,0.031226
0.40232,0.030917
0.42149,0.029608
0.43982,0.028247
0.44429,0.027906
0.44429,0.027906
0.45309,0.027227
0.45742,0.02689
0.47851,0.025245
0.49073,0.024299
0.50265,0.023389
0.50657,0.023094
0.50657,0.023094
0.51812,0.022233
0.53315,0.021145
0.53684,0.020884
0.5405,0.020626
0.56199,0.019166
0.56549,0.018937
0.56897,0.018711
0.57928,0.018055
0.57928,0.018055
0.59275,0.017229
0.59608,0.017031
0.61882,0.015732
0.622,0.015558
0.62832,0.015219
0.63145,0.015053
0.64076,0.014572
0.64689,0.014264
0.65598,0.01382
0.66791,0.013259
0.67672,0.01286
0.67963,0.012731
0.69115,0.012235
0.694,0.012116
0.70248,0.011768
0.70248,0.011768
0.71086,0.011434
0.71639,0.01122
0.73274,0.010614
0.73543,0.010517
0.75398,0.00988
0.7566,0.0097938
0.7592,0.0097088
0.76438,0.0095421
0.76696,0.0094605
0.77719,0.0091444
0.78728,0.0088445
0.79477,0.0086294
0.79972,0.0084906
0.80464,0.0083552
0.81681,0.008031
0.81923,0.0079686
0.82642,0.0077857
0.83828,0.0074951
0.84298,0.0073837
0.84532,0.0073289
0.85461,0.0071161
0.85461,0.0071161
0.87289,0.0067187
0.87515,0.0066715
0.87965,0.0065787
0.88189,0.006533
0.88858,0.006399
0.88858,0.006399
0.89301,0.0063121
0.89962,0.0061851
0.89962,0.0061851
0.90617,0.0060622
0.91485,0.0059042
0.9277,0.0056791
0.93406,0.0055717
0.94248,0.0054334
0.94248,0.0054334
0.94457,0.0053997
0.95082,0.0053005
0.95703,0.0052042
0.95909,0.0051728
0.96114,0.0051416
0.97541,0.0049315
0.97743,0.0049026
0.98146,0.0048457
0.98347,0.0048176
0.99346,0.004681
0.99346,0.004681
1.0053,0.0045251
1.0073,0.0045
1.0131,0.0044258
1.0131,0.0044258
1.0151,0.0044015
1.0228,0.0043065
1.0305,0.0042147
1.0362,0.004148
1.0401,0.0041044
1.0457,0.0040404
1.0533,0.0039576
1.0663,0.0038191
1.0681,0.0037999
1.07,0.0037809
1.0737,0.0037434
1.0755,0.0037249
1.081,0.0036701
1.0846,0.0036344
1.0973,0.0035136
1.0991,0.0034968
1.1116,0.0033833
1.1134,0.0033676
1.1187,0.0033211
1.124,0.0032756
1.131,0.0032166
1.1327,0.0032021
1.1327,0.0032021
1.1379,0.0031593
1.1466,0.0030899
1.1534,0.0030362
1.1551,0.0030231
1.1586,0.002997
1.1586,0.002997
1.1687,0.0029209
1.1738,0.002884
1.1805,0.002836
1.1855,0.0028009
1.1922,0.0027551
1.1938,0.0027439
1.1955,0.0027327
1.2004,0.0026996
1.207,0.0026565
1.2086,0.002646
1.2135,0.0026146
1.22,0.0025737
1.2345,0.0024855
1.2376,0.0024666
1.2392,0.0024572
1.244,0.0024294
1.2472,0.0024112
1.2519,0.0023843
1.2566,0.0023578
1.2582,0.0023491
1.2629,0.0023233
1.2645,0.0023149
1.2707,0.0022814
1.2722,0.0022731
1.2815,0.0022247
1.2892,0.0021857
1.2938,0.0021628
1.2953,0.0021552
1.2953,0.0021552
1.3074,0.0020964
1.312,0.0020751
1.3195,0.0020402
1.321,0.0020334
1.3254,0.0020131
1.3314,0.0019865
1.3329,0.00198
1.3358,0.001967
1.3432,0.0019351
1.3447,0.0019288
1.3491,0.0019102
1.3534,0.0018919
1.3564,0.0018799
1.3593,0.001868
1.3723,0.0018159
1.378,0.0017935
1.378,0.0017935
1.3794,0.001788
1.3823,0.001777
1.3837,0.0017716
1.388,0.0017554
1.3908,0.0017448
1.3951,0.0017291
1.3951,0.0017291
1.405,0.0016932
1.405,0.0016932
1.412,0.0016684
1.4176,0.001649
1.4217,0.0016346
1.4245,0.0016252
1.4328,0.0015975
1.4342,0.0015929
1.4355,0.0015884
1.4451,0.0015573
1.4465,0.0015529
1.4506,0.00154
1.4506,0.00154
1.4574,0.0015188
1.4614,0.0015063
1.4655,0.001494
1.4668,0.0014899
1.4709,0.0014779
1.4722,0.0014739
1.4789,0.0014542
1.4829,0.0014426
1.4895,0.0014236
1.4935,0.0014124
1.4988,0.0013977
1.508,0.0013726
1.5093,0.0013691
1.5106,0.0013656
1.5106,0.0013656
1.5132,0.0013586
1.5184,0.0013448
1.5197,0.0013414
1.521,0.001338
1.5288,0.001318
1.5301,0.0013147
1.5339,0.0013049
1.5403,0.0012889
1.5455,0.0012763
1.5518,0.0012609
1.5544,0.0012548
1.5556,0.0012517
1.5607,0.0012398
1.5708,0.0012164
1.5708,0.0012164
1.5721,0.0012135
1.5746,0.0012078
1.5758,0.0012049
1.5821,0.0011909
1.5858,0.0011826
1.5895,0.0011745
1.5908,0.0011718
1.5994,0.0011531
1.6019,0.0011479
1.6056,0.0011401
1.6093,0.0011324
1.6105,0.0011299
1.6154,0.0011198
1.6215,0.0011074
1.63,0.0010904
1.6312,0.0010881
1.6336,0.0010833
1.6348,0.001081
1.6385,0.0010739
1.6445,0.0010624
1.6445,0.0010624
1.6493,0.0010533
1.6528,0.0010466
1.6588,0.0010356
1.66,0.0010334
1.6636,0.0010269
1.6695,0.0010162
1.673,0.0010099
1.6766,0.0010036
1.686,0.00098723
1.6883,0.00098321
1.6906,0.00097922
1.6918,0.00097724
1.6965,0.00096936
1.6976,0.00096741
1.7011,0.00096159
1.7069,0.00095203
1.7092,0.00094825
1.7092,0.00094825
1.715,0.00093892
1.7161,0.00093707
1.7253,0.00092251
1.7287,0.00091714
1.7333,0.00091008
1.7378,0.0009031
1.7378,0.0009031
1.7424,0.00089622
1.7458,0.00089111
1.7469,0.00088942
1.7503,0.00088438
1.7525,0.00088105
1.7593,0.00087118
1.7604,0.00086956
1.7604,0.00086956
1.7638,0.00086471
1.7694,0.00085673
1.7694,0.00085673
1.7705,0.00085515
1.7738,0.00085044
1.7772,0.00084577
1.7772,0.00084577
1.7783,0.00084423
1.7794,0.00084269
1.786,0.00083354
1.7871,0.00083203
1.7882,0.00083053
1.797,0.00081867
1.7992,0.00081575
1.7992,0.00081575
1.8003,0.0008143
1.8091,0.00080283
1.8123,0.0007986
1.8134,0.0007972
1.8221,0.00078614
1.8221,0.00078614
1.8232,0.00078477
1.8265,0.00078071
1.8265,0.00078071
1.8297,0.00077667
1.8318,0.00077401
1.8318,0.00077401
1.8351,0.00077003
1.8394,0.00076479
1.8479,0.00075449
1.8479,0.00075449
1.849,0.00075322
1.8554,0.00074567
1.8565,0.00074442
1.8607,0.00073947
1.865,0.00073458
1.866,0.00073337
1.8681,0.00073095
1.8745,0.00072378
1.8829,0.0007144
1.885,0.00071209
1.885,0.00071209
1.886,0.00071093
1.8891,0.0007075
1.8902,0.00070636
1.8902,0.00070636
1.8944,0.00070184
1.8996,0.00069626
1.9016,0.00069404
1.9079,0.00068748
1.911,0.00068424
1.9141,0.00068102
1.9151,0.00067995
1.9182,0.00067677
1.9223,0.00067257
1.9233,0.00067153
1.9274,0.00066738
1.9356,0.00065922
1.9356,0.00065922
1.9397,0.0006552
1.9407,0.0006542
1.9478,0.00064729
1.9488,0.00064631
1.9508,0.00064436
1.9518,0.00064339
1.9518,0.00064339
1.9549,0.0006405
1.9569,0.00063858
1.9629,0.00063289
1.9639,0.00063195
1.9669,0.00062915
1.968,0.00062821
1.972,0.00062452
1.973,0.0006236
1.9839,0.00061364
1.9869,0.00061097
1.9869,0.00061097
1.9958,0.00060309
1.9968,0.00060222
1.9968,0.00060222
1.9998,0.00059964
2.0037,0.00059622
2.0047,0.00059537
2.0077,0.00059284
2.0106,0.00059033
2.0116,0.00058949
2.0145,0.000587
2.0194,0.00058289
2.0233,0.00057964
2.0263,0.00057722
2.0263,0.00057722
2.0282,0.00057561
2.0302,0.00057402
2.035,0.00057006
2.0389,0.00056693
2.0437,0.00056306
2.0457,0.00056152
2.0466,0.00056076
2.0514,0.00055696
2.0543,0.0005547
2.0582,0.00055171
2.061,0.00054949
2.0668,0.00054509
2.0725,0.00054075
2.0744,0.00053931
2.0801,0.00053505
2.0811,0.00053435
2.0886,0.00052877
2.0915,0.0005267
2.0924,0.00052602
2.0999,0.00052059
2.1065,0.00051591
2.1074,0.00051525
2.1112,0.00051262
2.1121,0.00051196
2.1261,0.00050231
2.1261,0.00050231
2.1326,0.00049792
2.1344,0.00049667
2.1363,0.00049544
2.1372,0.00049482
2.14,0.00049297
2.1446,0.00048993
2.1473,0.00048811
2.1492,0.00048691
2.162,0.00047864
2.1638,0.00047747
2.1666,0.00047574
2.1702,0.00047344
2.1775,0.00046891
2.1784,0.00046835
2.1811,0.00046667
2.1883,0.00046224
2.1919,0.00046006
2.1946,0.00045843
2.1982,0.00045628
2.1991,0.00045574
2.2134,0.00044731
2.2206,0.0004432
2.2214,0.00044269
2.2232,0.00044167
2.2285,0.00043864
2.2312,0.00043715
2.2374,0.00043368
2.2479,0.00042785
2.2497,0.00042689
2.2523,0.00042546
2.2654,0.00041842
2.2663,0.00041796
2.2698,0.00041612
2.2767,0.00041249
2.2767,0.00041249
2.2845,0.00040846
2.2871,0.00040713
2.3009,0.00040018
2.3069,0.0003972
2.3103,0.00039551
2.312,0.00039468
2.3171,0.00039218
2.318,0.00039177
2.3256,0.00038808
2.3375,0.00038246
2.3383,0.00038207
2.3526,0.00037544
2.3551,0.00037429
2.3585,0.00037277
2.3652,0.00036976
2.371,0.00036716
2.3752,0.00036532
2.3884,0.00035954
2.3992,0.00035495
2.4008,0.00035426
2.4049,0.00035253
2.4057,0.00035218
2.4139,0.00034877
2.4253,0.00034409
2.4399,0.00033822
2.444,0.00033662
2.4472,0.00033535
2.4537,0.00033284
2.4633,0.00032912
2.4761,0.00032428
2.488,0.00031985
2.4896,0.00031927
2.4944,0.00031753
2.5023,0.00031467
2.5133,0.00031074
2.5328,0.00030393
2.5359,0.00030286
2.5422,0.00030075
2.5515,0.00029763
2.5769,0.00028931
2.5784,0.00028882
2.583,0.00028736
2.5906,0.00028494
2.6217,0.0002754
2.6247,0.0002745
2.6307,0.00027271
2.6657,0.00026259
2.6672,0.00026218
2.6716,0.00026094
2.7105,0.00025038
2.7134,0.00024962
2.7546,0.00023911
2.756,0.00023875
2.7994,0.00022834
2.8434,0.00021837
